1.26928710
1.26257324
1.26599121
1.26489257
1.26135253
1.26721191
1.27844238
1.27709960
1.26391601
1.27441406
1.25878906
1.26245117
1.26843261
1.25231933
1.25378417
1.26574707
1.26489257
1.26879882
1.25598144
1.24511718
1.25903320
1.27172851
1.26574707
1.28320312
1.25793457
1.26391601
1.26306152
1.28222656
1.25830078
1.28027343
1.27197265
1.25048828
1.26123046
1.26953125
1.25830078
1.27416992
1.26501464
1.25585937
1.27075195
1.25598144
1.26525878
1.26525878
1.26513671
1.26574707
1.27807617
1.27612304
1.25781250
1.26318359
1.28186035
1.28295898
1.27258300
1.25549316
1.26721191
1.25646972
1.25756835
1.25866699
1.25830078
1.27795410
1.26257324
1.26367187
1.26428222
1.28405761
1.26000976
1.25891113
1.25695800
1.26208496
1.26159667
1.25317382
1.27294921
1.25903320
1.26660156
1.26684570
1.27124023
1.28051757
1.28161621
1.28369140
1.25146484
1.26354980
1.27026367
1.25805664
1.26647949
1.24963378
1.24975585
1.26245117
1.25683593
1.26037597
1.27392578
1.27172851
1.27648925
1.25939941
1.25598144
1.25964355
1.25927734
1.26220703
1.28466796
1.26660156
1.26489257
1.27404785
1.27026367
1.28088378
1.25415039
1.27575683
1.27172851
1.28137207
1.26989746
1.27893066
1.27404785
1.27954101
1.27160644
1.25927734
1.26672363
1.26757812
1.26220703
1.25769042
1.26733398
1.26733398
1.27319335
1.25976562
1.25756835
1.28027343
1.26000976
1.26660156
1.25817871
1.26428222
1.26696777
1.25280761
1.26721191
1.27050781
1.26660156
1.26000976
1.27685546
1.28112792
1.28649902
1.27539062
1.25183105
1.25671386
1.26306152
1.25756835
1.26916503
1.26281738
1.27331542
1.26550292
1.25744628
1.25512695
1.25317382
1.25781250
1.25537109
1.26306152
1.27209472
1.25866699
1.26672363
1.27209472
1.26367187
1.25402832
1.27307128
1.26342773
1.26330566
1.28283691
1.26049804
1.25476074
1.26367187
1.26428222
1.26696777
1.26525878
1.25659179
1.26843261
1.26318359
1.26599121
1.28417968
1.26721191
1.26013183
1.26245117
1.25341796
1.26696777
1.26232910
1.26074218
1.26977539
1.26000976
1.25793457
1.26586914
1.26000976
1.28906250
1.26391601
1.25378417
1.25842285
1.26843261
1.26330566
1.26611328
1.25927734
1.26403808
1.27807617
1.24890136
1.24389648
1.26232910
1.27478027
1.26342773
1.25866699
1.26245117
1.25170898
1.26147460
