1.25341796
1.25744628
1.26354980
1.26245117
1.25903320
1.28442382
1.25427246
1.26721191
1.24914550
1.26123046
1.26342773
1.26208496
1.26342773
1.24926757
1.26184082
1.27807617
1.25537109
1.25500488
1.25231933
1.25463867
1.27087402
1.26733398
1.26489257
1.26086425
1.26318359
1.26184082
1.27661132
1.26879882
1.27563476
1.25744628
1.26293945
1.25268554
1.27282714
1.25512695
1.26135253
1.27709960
1.28259277
1.25659179
1.27685546
1.25793457
1.26245117
1.25109863
1.26123046
1.26354980
1.26806640
1.26367187
1.26147460
1.26611328
1.25573730
1.24377441
1.28649902
1.28234863
1.25903320
1.27294921
1.26733398
1.25537109
1.26965332
1.28295898
1.26000976
1.26245117
1.28405761
1.27636718
1.28295898
1.27661132
1.25769042
1.26354980
1.28186035
1.26989746
1.25891113
1.26403808
1.26037597
1.25695800
1.25146484
1.27319335
1.26855468
1.25170898
1.26806640
1.25036621
1.26489257
1.26818847
1.27294921
1.26684570
1.25549316
1.26245117
1.25817871
1.25976562
1.24902343
1.27380371
1.26391601
1.26135253
1.25366210
1.25207519
1.26159667
1.29162597
1.26708984
1.26672363
1.27343750
1.26843261
1.26135253
1.27636718
1.26745605
1.25695800
1.26965332
1.27294921
1.26989746
1.25390625
1.25024414
1.26403808
1.27087402
1.26757812
1.25708007
1.25170898
1.27929687
1.25634765
1.26000976
1.26342773
1.27954101
1.27368164
1.27722167
1.26940917
1.27600097
1.27209472
1.28442382
1.28076171
1.26867675
1.27636718
1.26477050
1.24462890
1.26123046
1.25952148
1.27453613
1.26354980
1.24902343
1.28137207
1.26257324
1.26733398
1.25915527
1.25854492
1.26342773
1.26391601
1.24987792
1.26367187
1.27343750
1.27185058
1.28381347
1.26928710
1.27355957
1.25805664
1.27844238
1.26855468
1.25146484
1.26354980
1.26330566
1.25354003
1.26367187
1.26245117
1.26196289
1.24926757
1.26318359
1.26611328
1.26477050
1.26416015
1.27233886
1.25598144
1.26281738
1.25976562
1.26354980
1.25634765
1.26086425
1.25317382
1.26977539
1.26708984
1.25537109
1.26367187
1.25280761
1.25769042
1.25500488
1.26196289
1.26208496
1.25354003
1.25036621
1.26354980
1.25634765
1.26354980
1.27685546
1.26477050
1.28271484
1.26086425
1.25476074
1.26586914
1.25903320
1.26000976
1.25720214
1.26464843
1.25524902
1.26818847
1.26416015
1.26171875
1.26953125
1.27807617
