1.26367187
1.27563476
1.26123046
1.28186035
1.25903320
1.26232910
1.25024414
1.25891113
1.26611328
1.26245117
1.25537109
1.26525878
1.26940917
1.28417968
1.26281738
1.27807617
1.28173828
1.25598144
1.25585937
1.27062988
1.26196289
1.28063964
1.26318359
1.26208496
1.26147460
1.25305175
1.28051757
1.26354980
1.26489257
1.26123046
1.28564453
1.26184082
1.25292968
1.25756835
1.26489257
1.26245117
1.26013183
1.25646972
1.25756835
1.27075195
1.26477050
1.26733398
1.26281738
1.25402832
1.25866699
1.24865722
1.26025390
1.27441406
1.25329589
1.27038574
1.26000976
1.26245117
1.26611328
1.25671386
1.26843261
1.26220703
1.26330566
1.26440429
1.26464843
1.25354003
1.26501464
1.26440429
1.26818847
1.26477050
1.26196289
1.25476074
1.26977539
1.26306152
1.25463867
1.26281738
1.25671386
1.26330566
1.25024414
1.26000976
1.25878906
1.27429199
1.28417968
1.27148437
1.25122070
1.26562500
1.25317382
1.25061035
1.26452636
1.26330566
1.26269531
1.26745605
1.25439453
1.24658203
1.28027343
1.25598144
1.26818847
1.28186035
1.25952148
1.25317382
1.25561523
1.25463867
1.26489257
1.28308105
1.26110839
1.27343750
1.25781250
1.25012207
1.27636718
1.27819824
1.27319335
1.25378417
1.27978515
1.26733398
1.26135253
1.26647949
1.27001953
1.27404785
1.25585937
1.26513671
1.25366210
1.26306152
1.27233886
1.26245117
1.26403808
1.25268554
1.26672363
1.24792480
1.27331542
1.26489257
1.25061035
1.26672363
1.26049804
1.27758789
1.27246093
1.26599121
1.27294921
1.25830078
1.25842285
1.27001953
1.25793457
1.24841308
1.27575683
1.26037597
1.25598144
1.27795410
1.26843261
1.25903320
1.26220703
1.27282714
1.27636718
1.26440429
1.25830078
1.25134277
1.27209472
1.25732421
1.27026367
1.25585937
1.25756835
1.27380371
1.27331542
1.26354980
1.26184082
1.27917480
1.28161621
1.26586914
1.27612304
1.26196289
1.25756835
1.26501464
1.26965332
1.26611328
1.26367187
1.26245117
1.26232910
1.26428222
1.25683593
1.26696777
1.25073242
1.27160644
1.25549316
1.26843261
1.25634765
1.25634765
1.25646972
1.27856445
1.25366210
1.26489257
1.24890136
1.27331542
1.26159667
1.25769042
1.26428222
1.26843261
1.26049804
1.26721191
1.26342773
1.26379394
1.26354980
1.26770019
1.26953125
1.26281738
1.26330566
1.25866699
1.25878906
1.26037597
