1.25646972
1.25769042
1.24987792
1.27087402
1.26367187
1.25354003
1.24755859
1.26147460
1.26367187
1.25939941
1.26391601
1.26843261
1.26757812
1.25891113
1.27148437
1.26696777
1.26269531
1.26647949
1.25683593
1.29016113
1.25634765
1.26953125
1.26696777
1.27343750
1.25744628
1.26818847
1.26599121
1.27331542
1.25561523
1.26794433
1.25988769
1.26733398
1.25561523
1.25866699
1.26501464
1.26391601
1.27868652
1.26586914
1.28405761
1.25024414
1.25646972
1.25708007
1.26391601
1.25830078
1.26000976
1.25427246
1.28149414
1.26721191
1.25646972
1.26672363
1.26013183
1.25964355
1.26660156
1.25634765
1.26818847
1.27563476
1.25805664
1.26367187
1.26953125
1.26623535
1.26306152
1.26855468
1.27282714
1.26171875
1.25463867
1.26159667
1.26208496
1.26123046
1.27282714
1.25073242
1.26843261
1.26831054
1.28173828
1.27490234
1.27514648
1.26757812
1.27124023
1.25878906
1.25878906
1.28344726
1.27185058
1.26074218
1.26806640
1.26171875
1.26013183
1.25878906
1.26379394
1.27111816
1.26354980
1.25866699
1.25610351
1.26013183
1.27795410
1.27465820
1.26342773
1.27416992
1.27917480
1.26843261
1.28149414
1.26953125
1.27258300
1.26843261
1.26086425
1.26208496
1.26354980
1.25866699
1.25756835
1.26489257
1.26293945
1.26550292
1.25158691
1.26477050
1.25280761
1.25830078
1.26123046
1.27905273
1.27746582
1.25549316
1.26257324
1.26281738
1.26562500
1.25646972
1.25878906
1.25988769
1.26293945
1.27795410
1.26721191
1.24926757
1.26367187
1.26367187
1.26000976
1.26281738
1.26440429
1.26879882
1.25756835
1.25878906
1.25878906
1.28747558
1.25646972
1.26708984
1.26733398
1.25305175
1.25512695
1.26220703
1.26733398
1.24316406
1.25610351
1.26293945
1.26599121
1.26855468
1.25158691
1.26611328
1.25952148
1.28186035
1.26965332
1.25793457
1.26464843
1.26770019
1.26599121
1.26257324
1.25756835
1.25378417
1.27099609
1.27124023
1.27697753
1.25769042
1.24768066
1.26513671
1.27050781
1.27954101
1.26367187
1.26794433
1.25280761
1.26000976
1.26843261
1.25598144
1.26635742
1.26135253
1.24133300
1.26904296
1.24902343
1.26733398
1.25024414
1.25964355
1.26354980
1.26367187
1.24987792
1.25268554
1.25354003
1.27172851
1.26452636
1.26049804
1.26293945
1.25903320
1.26318359
1.26745605
1.26110839
1.26611328
1.25402832
1.26318359
