1.26269531
1.27026367
1.25415039
1.25085449
1.27172851
1.28210449
1.26708984
1.25903320
1.26477050
1.26965332
1.26660156
1.25390625
1.26660156
1.25585937
1.26367187
1.26171875
1.26855468
1.25463867
1.26611328
1.25354003
1.25354003
1.25720214
1.27392578
1.26672363
1.25769042
1.25988769
1.27770996
1.26586914
1.25329589
1.26843261
1.26977539
1.26696777
1.26403808
1.26794433
1.26367187
1.26477050
1.25598144
1.26086425
1.27062988
1.26672363
1.26086425
1.26428222
1.26452636
1.25402832
1.25292968
1.25561523
1.26684570
1.27929687
1.26733398
1.27209472
1.25891113
1.26232910
1.27343750
1.28283691
1.27246093
1.26806640
1.27380371
1.26977539
1.27197265
1.26440429
1.26354980
1.26367187
1.26074218
1.26733398
1.25708007
1.25720214
1.26708984
1.24902343
1.26684570
1.25292968
1.25744628
1.25878906
1.27465820
1.25122070
1.26000976
1.26977539
1.27685546
1.26367187
1.26708984
1.26367187
1.26672363
1.26770019
1.24975585
1.24829101
1.25561523
1.26562500
1.26074218
1.26599121
1.26318359
1.28405761
1.26599121
1.28283691
1.25769042
1.26171875
1.26220703
1.27380371
1.25134277
1.26794433
1.26403808
1.26098632
1.26159667
1.25866699
1.27050781
1.24902343
1.26354980
1.26245117
1.25183105
1.25512695
1.27087402
1.27124023
1.26721191
1.26574707
1.26367187
1.27062988
1.26208496
1.27099609
1.25317382
1.26611328
1.27612304
1.25439453
1.26452636
1.25952148
1.26159667
1.27331542
1.26245117
1.26013183
1.27233886
1.26330566
1.25622558
1.28356933
1.25817871
1.25756835
1.26281738
1.24877929
1.26330566
1.27233886
1.26794433
1.27880859
1.25671386
1.26367187
1.26708984
1.26806640
1.27307128
1.28283691
1.25952148
1.26574707
1.27148437
1.27136230
1.26953125
1.27380371
1.27612304
1.25170898
1.26391601
1.25915527
1.26354980
1.25219726
1.27893066
1.27172851
1.25842285
1.26257324
1.26245117
1.25769042
1.26965332
1.27160644
1.28271484
1.26245117
1.26464843
1.26855468
1.26464843
1.25769042
1.27160644
1.25769042
1.26232910
1.26574707
1.26696777
1.25646972
1.26940917
1.25952148
1.28027343
1.26232910
1.26416015
1.25024414
1.27502441
1.27526855
1.26245117
1.26208496
1.26220703
1.26379394
1.26281738
1.25036621
1.25756835
1.26159667
1.26184082
1.27331542
1.26049804
1.27258300
1.27136230
1.26574707
1.25817871
1.26293945
