1.25695800
1.26245117
1.26721191
1.26000976
1.26000976
1.25646972
1.25610351
1.25866699
1.26403808
1.26611328
1.24621582
1.26855468
1.26391601
1.27062988
1.25988769
1.28259277
1.25024414
1.27429199
1.24499511
1.27709960
1.26245117
1.25598144
1.25122070
1.25659179
1.25036621
1.25720214
1.25976562
1.25891113
1.27648925
1.25781250
1.26110839
1.25646972
1.25463867
1.25671386
1.26367187
1.25512695
1.26770019
1.26232910
1.27294921
1.26721191
1.26489257
1.26293945
1.26306152
1.25317382
1.27124023
1.25952148
1.26306152
1.27600097
1.25305175
1.26281738
1.26708984
1.26354980
1.26110839
1.25891113
1.24914550
1.26464843
1.26452636
1.25024414
1.26416015
1.25231933
1.25756835
1.25854492
1.25585937
1.26721191
1.26354980
1.26623535
1.25952148
1.26708984
1.27661132
1.26464843
1.26965332
1.26477050
1.25952148
1.27172851
1.27551269
1.25988769
1.26318359
1.25610351
1.26403808
1.25769042
1.26342773
1.25769042
1.27502441
1.27319335
1.26354980
1.26208496
1.26184082
1.25866699
1.27294921
1.26708984
1.26123046
1.24157714
1.26757812
1.26330566
1.25769042
1.26367187
1.26354980
1.26354980
1.26513671
1.25842285
1.25231933
1.28356933
1.26000976
1.28173828
1.25646972
1.26953125
1.26574707
1.27551269
1.26977539
1.29675292
1.26782226
1.26440429
1.26159667
1.26074218
1.27246093
1.27307128
1.27343750
1.25903320
1.25842285
1.26843261
1.26599121
1.26708984
1.26269531
1.27929687
1.25439453
1.25769042
1.25585937
1.27111816
1.26562500
1.26574707
1.26647949
1.26318359
1.26110839
1.25781250
1.25036621
1.26733398
1.26196289
1.24829101
1.26806640
1.25769042
1.26611328
1.26245117
1.25219726
1.27307128
1.27001953
1.26916503
1.27587890
1.26245117
1.26501464
1.25769042
1.27209472
1.27697753
1.26416015
1.26757812
1.25036621
1.26770019
1.25231933
1.26110839
1.25036621
1.26501464
1.27148437
1.26794433
1.26684570
1.27905273
1.26940917
1.26904296
1.27978515
1.26599121
1.26599121
1.27307128
1.26293945
1.26721191
1.26855468
1.26318359
1.27880859
1.25769042
1.26354980
1.25720214
1.26245117
1.25939941
1.25683593
1.26086425
1.26672363
1.26452636
1.26281738
1.27343750
1.27917480
1.26147460
1.26354980
1.26855468
1.25683593
1.25744628
1.25939941
1.26171875
1.24938964
1.26562500
1.26135253
1.25622558
1.25170898
1.26220703
