1.25268554
1.25610351
1.26428222
1.26831054
1.27319335
1.24865722
1.25390625
1.26818847
1.25354003
1.25671386
1.25036621
1.26147460
1.26232910
1.24536132
1.24829101
1.25720214
1.25195312
1.25366210
1.24890136
1.25817871
1.26232910
1.28515625
1.26599121
1.25036621
1.27307128
1.25061035
1.26855468
1.27160644
1.26550292
1.24877929
1.26037597
1.27001953
1.24938964
1.25830078
1.26367187
1.25769042
1.25952148
1.26245117
1.27380371
1.26550292
1.26354980
1.26477050
1.26123046
1.25317382
1.25781250
1.25219726
1.26696777
1.26440429
1.26159667
1.26721191
1.27868652
1.25427246
1.25866699
1.27001953
1.25402832
1.27319335
1.27722167
1.27282714
1.26281738
1.28332519
1.26208496
1.25598144
1.25537109
1.26696777
1.25146484
1.26196289
1.27124023
1.27905273
1.27209472
1.27148437
1.25891113
1.25952148
1.26599121
1.25488281
1.26965332
1.28552246
1.25231933
1.26489257
1.25109863
1.27661132
1.26843261
1.25524902
1.28271484
1.26757812
1.26599121
1.26843261
1.24951171
1.26843261
1.25781250
1.26489257
1.24829101
1.27563476
1.25183105
1.25476074
1.24829101
1.27429199
1.26367187
1.25756835
1.26672363
1.26330566
1.26159667
1.25683593
1.25793457
1.26123046
1.26208496
1.25268554
1.26770019
1.26647949
1.25671386
1.27355957
1.24768066
1.26232910
1.25842285
1.26733398
1.25207519
1.26708984
1.25891113
1.26843261
1.27673339
1.24914550
1.26379394
1.27209472
1.27441406
1.27575683
1.26147460
1.26159667
1.26171875
1.25842285
1.26245117
1.26354980
1.26171875
1.27453613
1.26452636
1.27905273
1.27819824
1.26245117
1.26965332
1.26342773
1.25646972
1.25402832
1.26770019
1.28149414
1.26867675
1.26245117
1.26354980
1.26525878
1.26831054
1.24877929
1.26782226
1.26782226
1.26782226
1.25891113
1.26611328
1.27148437
1.27221679
1.26770019
1.27575683
1.24450683
1.26281738
1.27380371
1.26635742
1.25231933
1.26403808
1.26599121
1.27539062
1.25756835
1.26184082
1.26049804
1.26342773
1.25036621
1.27038574
1.25988769
1.26354980
1.25610351
1.26428222
1.26098632
1.26171875
1.25854492
1.26135253
1.25036621
1.25732421
1.25952148
1.24414062
1.26037597
1.25573730
1.26489257
1.28320312
1.27526855
1.25024414
1.25769042
1.25427246
1.25109863
1.26367187
1.25695800
1.26159667
1.27075195
1.27563476
1.25341796
1.26477050
1.27209472
