1.27209472
1.25622558
1.26928710
1.27319335
1.28027343
1.25524902
1.25769042
1.26391601
1.25390625
1.26477050
1.26489257
1.26428222
1.26721191
1.26428222
1.26232910
1.26135253
1.26220703
1.25952148
1.25073242
1.25585937
1.26477050
1.27062988
1.26501464
1.25524902
1.25854492
1.27124023
1.26098632
1.26855468
1.25622558
1.26831054
1.26245117
1.26672363
1.26562500
1.26147460
1.25708007
1.26721191
1.26525878
1.25366210
1.25598144
1.26733398
1.25830078
1.26306152
1.26184082
1.27050781
1.27111816
1.28405761
1.26611328
1.25292968
1.27392578
1.26367187
1.26354980
1.25878906
1.26586914
1.27099609
1.28161621
1.25512695
1.27355957
1.26953125
1.26379394
1.25854492
1.26245117
1.26208496
1.25927734
1.26525878
1.26892089
1.24658203
1.27514648
1.27355957
1.26318359
1.26831054
1.25952148
1.26562500
1.26354980
1.25964355
1.27392578
1.25000000
1.26843261
1.27087402
1.26354980
1.26367187
1.26367187
1.26074218
1.25427246
1.26123046
1.25488281
1.26257324
1.25988769
1.26611328
1.25622558
1.26770019
1.25354003
1.26586914
1.26354980
1.27258300
1.25439453
1.24340820
1.26525878
1.24621582
1.26611328
1.26635742
1.26110839
1.25952148
1.25622558
1.25793457
1.25756835
1.26452636
1.26733398
1.27221679
1.25964355
1.27160644
1.26623535
1.26867675
1.25476074
1.27209472
1.26025390
1.26208496
1.28161621
1.26599121
1.28271484
1.26184082
1.25817871
1.25024414
1.27502441
1.26513671
1.26928710
1.26452636
1.27807617
1.27709960
1.25878906
1.25622558
1.26245117
1.27331542
1.27124023
1.25012207
1.25817871
1.24780273
1.27258300
1.25842285
1.25805664
1.26232910
1.28295898
1.26208496
1.27038574
1.26721191
1.26257324
1.27404785
1.27319335
1.26257324
1.25146484
1.25915527
1.26354980
1.26855468
1.25158691
1.25561523
1.26477050
1.27929687
1.26733398
1.27416992
1.26245117
1.26257324
1.25878906
1.26342773
1.26379394
1.25732421
1.24853515
1.26306152
1.26379394
1.26306152
1.25366210
1.27343750
1.25402832
1.26733398
1.25756835
1.25720214
1.27661132
1.27526855
1.25476074
1.26721191
1.26489257
1.26428222
1.26708984
1.25415039
1.26184082
1.27807617
1.26257324
1.26354980
1.26013183
1.27416992
1.25854492
1.26672363
1.27343750
1.27172851
1.27697753
1.26770019
1.25976562
1.27783203
1.26806640
1.26647949
1.27148437
1.26770019
