1.25659179
1.26513671
1.25598144
1.25354003
1.27001953
1.25866699
1.26721191
1.26757812
1.26513671
1.26745605
1.26379394
1.26525878
1.26489257
1.27294921
1.26354980
1.27209472
1.24902343
1.26440429
1.25842285
1.27343750
1.25671386
1.28051757
1.27783203
1.26184082
1.26721191
1.25866699
1.26318359
1.26477050
1.26245117
1.26416015
1.25952148
1.25769042
1.27746582
1.26452636
1.27661132
1.26770019
1.27526855
1.28015136
1.26538085
1.26171875
1.26721191
1.24462890
1.26220703
1.26599121
1.26245117
1.26879882
1.26086425
1.26257324
1.26123046
1.25415039
1.26770019
1.28625488
1.27331542
1.26843261
1.25805664
1.26123046
1.27160644
1.25646972
1.26013183
1.25549316
1.26257324
1.26208496
1.27661132
1.27746582
1.25219726
1.25109863
1.27246093
1.26770019
1.27172851
1.26684570
1.25061035
1.26208496
1.25659179
1.26318359
1.26696777
1.26843261
1.26037597
1.26611328
1.26110839
1.27258300
1.25390625
1.26684570
1.26586914
1.26000976
1.27490234
1.24755859
1.27893066
1.26354980
1.26184082
1.26208496
1.26196289
1.26159667
1.26257324
1.27136230
1.25585937
1.25915527
1.27893066
1.25610351
1.27392578
1.26586914
1.26220703
1.25378417
1.28051757
1.26599121
1.26147460
1.25952148
1.26354980
1.26477050
1.28393554
1.26721191
1.27294921
1.26708984
1.26135253
1.26721191
1.26721191
1.25524902
1.27185058
1.25976562
1.25683593
1.26013183
1.26757812
1.25695800
1.25708007
1.27966308
1.26696777
1.26464843
1.24926757
1.25158691
1.26611328
1.25585937
1.26477050
1.25402832
1.26269531
1.26367187
1.27087402
1.25585937
1.26196289
1.26196289
1.26855468
1.25036621
1.27050781
1.26354980
1.25708007
1.26525878
1.27575683
1.27050781
1.26794433
1.26477050
1.26232910
1.24902343
1.26965332
1.26318359
1.26196289
1.26916503
1.28173828
1.25720214
1.26452636
1.26159667
1.27697753
1.26391601
1.26379394
1.25891113
1.25781250
1.27453613
1.27978515
1.27661132
1.26586914
1.25292968
1.25549316
1.25878906
1.26245117
1.25024414
1.25488281
1.26025390
1.26330566
1.27929687
1.26330566
1.25793457
1.25512695
1.26440429
1.27014160
1.26196289
1.26855468
1.25646972
1.26965332
1.27636718
1.27221679
1.25842285
1.26025390
1.27160644
1.26000976
1.25634765
1.25646972
1.26525878
1.26245117
1.26574707
1.25878906
1.26855468
1.25805664
1.26599121
