1.25598144
1.25976562
1.26477050
1.25024414
1.26611328
1.24902343
1.26318359
1.27807617
1.25280761
1.25610351
1.27807617
1.25866699
1.26562500
1.25671386
1.26000976
1.26489257
1.26416015
1.25341796
1.24816894
1.26501464
1.26721191
1.27185058
1.26635742
1.27209472
1.25695800
1.25683593
1.26403808
1.26403808
1.26647949
1.27197265
1.26806640
1.25927734
1.27868652
1.26245117
1.25976562
1.25219726
1.26367187
1.26452636
1.26147460
1.26708984
1.26318359
1.25537109
1.25708007
1.27819824
1.25878906
1.25891113
1.26000976
1.24743652
1.26599121
1.26965332
1.26928710
1.26208496
1.27905273
1.26318359
1.26574707
1.28698730
1.26708984
1.26452636
1.25830078
1.26733398
1.27026367
1.25463867
1.27099609
1.26379394
1.25024414
1.26330566
1.27294921
1.27014160
1.25512695
1.25158691
1.26220703
1.25134277
1.26733398
1.26354980
1.25720214
1.25769042
1.25280761
1.25732421
1.26855468
1.26440429
1.25891113
1.25231933
1.26245117
1.25683593
1.26269531
1.26245117
1.25170898
1.26318359
1.26843261
1.25756835
1.27209472
1.26831054
1.27575683
1.27453613
1.25244140
1.25195312
1.26599121
1.25402832
1.25158691
1.27343750
1.25170898
1.26379394
1.24914550
1.26635742
1.26232910
1.26049804
1.26208496
1.28784179
1.26770019
1.25598144
1.26611328
1.26025390
1.26354980
1.24755859
1.26416015
1.25891113
1.26635742
1.27404785
1.25537109
1.26965332
1.26965332
1.27221679
1.26818847
1.25891113
1.25878906
1.24511718
1.24987792
1.26037597
1.25549316
1.26171875
1.26721191
1.25964355
1.25390625
1.26245117
1.25598144
1.27941894
1.25537109
1.26232910
1.26477050
1.25585937
1.26208496
1.25903320
1.26428222
1.26354980
1.26306152
1.26281738
1.26965332
1.26721191
1.26538085
1.26721191
1.26513671
1.26293945
1.25598144
1.26245117
1.28405761
1.26232910
1.26818847
1.27038574
1.26391601
1.26232910
1.26770019
1.26611328
1.26013183
1.26489257
1.26538085
1.25720214
1.26184082
1.26623535
1.26672363
1.26489257
1.26501464
1.27233886
1.27062988
1.26403808
1.26940917
1.25036621
1.26367187
1.25610351
1.26257324
1.25366210
1.26525878
1.25439453
1.26171875
1.27294921
1.25610351
1.26843261
1.26379394
1.26171875
1.25805664
1.26367187
1.25476074
1.25524902
1.26208496
1.25073242
1.26818847
1.25769042
1.26379394
1.25329589
1.26782226
1.27185058
