1.26574707
1.26855468
1.26293945
1.27197265
1.26184082
1.26208496
1.26184082
1.27075195
1.26281738
1.26782226
1.27111816
1.26208496
1.27282714
1.27075195
1.27209472
1.26342773
1.26892089
1.26599121
1.26184082
1.26708984
1.27185058
1.27185058
1.26940917
1.26452636
1.26599121
1.26794433
1.26708984
1.27185058
1.27075195
1.26721191
1.27062988
1.26708984
1.26647949
1.26574707
1.26708984
1.26684570
1.27026367
1.26708984
1.27075195
1.26696777
1.27038574
1.26672363
1.26928710
1.26574707
1.26696777
1.26818847
1.26879882
1.26562500
1.27197265
1.27062988
1.26818847
1.26440429
1.27075195
1.26574707
1.26721191
1.26562500
1.26696777
1.27038574
1.26696777
1.26708984
1.26708984
1.26684570
1.27075195
1.26818847
1.26635742
1.27062988
1.26562500
1.26562500
1.26708984
1.27062988
1.27185058
1.27075195
1.26708984
1.26330566
1.26977539
1.26770019
1.26232910
1.26647949
1.26538085
1.26586914
1.26831054
1.26721191
1.26806640
1.26708984
1.26696777
1.26696777
1.26574707
1.26953125
1.26635742
1.26708984
1.26843261
1.26586914
1.26953125
1.26660156
1.26696777
1.27062988
1.27185058
1.26831054
1.26562500
1.27062988
1.26318359
1.26831054
1.26599121
1.26684570
1.26696777
1.26440429
1.26452636
1.26574707
1.26684570
1.27075195
1.26940917
1.26953125
1.26843261
1.26708984
1.26489257
1.26708984
1.27197265
1.26623535
1.26586914
1.26330566
1.26818847
1.26574707
1.26843261
1.26708984
1.26098632
1.26574707
1.26074218
1.27062988
1.26953125
1.26086425
1.26135253
1.26062011
1.26196289
1.26306152
1.26342773
1.26306152
1.26196289
1.25939941
1.26562500
1.26684570
1.26623535
1.26562500
1.26953125
1.26953125
1.27148437
1.27062988
1.26953125
1.27062988
1.26464843
1.26220703
1.26269531
1.26953125
1.27197265
1.26623535
1.26953125
1.27062988
1.26330566
1.26525878
1.26708984
1.27075195
1.26562500
1.27062988
1.27197265
1.27197265
1.26562500
1.27197265
1.26562500
1.26550292
1.26953125
1.26928710
1.26330566
1.26464843
1.26843261
1.26245117
1.26940917
1.26831054
1.27075195
1.27197265
1.27160644
1.27148437
1.26721191
1.26574707
1.27062988
1.27087402
1.27062988
1.27185058
1.26525878
1.27075195
1.26562500
1.26599121
1.26330566
1.26879882
1.26684570
1.26562500
1.26147460
1.26196289
1.26684570
1.26684570
1.26672363
1.26452636
