1.13269042
1.13964843
1.13342285
1.13134765
1.13317871
1.13024902
1.14392089
1.13269042
1.13171386
1.13757324
1.13134765
1.13891601
1.13195800
1.13134765
1.13281250
1.13195800
1.13171386
1.13806152
1.13330078
1.13330078
1.13049316
1.13354492
1.13146972
1.13244628
1.13684082
1.13476562
1.12915039
1.13037109
1.13195800
1.13354492
1.13171386
1.13037109
1.13842773
1.13220214
1.13269042
1.13183593
1.13085937
1.13635253
1.13256835
1.13281250
1.13073730
1.13476562
1.13244628
1.14208984
1.13305664
1.13195800
1.13195800
1.13415527
1.13378906
1.13574218
1.13647460
1.13159179
1.13024902
1.13220214
1.13134765
1.13684082
1.14270019
1.13073730
1.13940429
1.13439941
1.13024902
1.13354492
1.14245605
1.13989257
1.14160156
1.13464355
1.12927246
1.13378906
1.13464355
1.13964843
1.13391113
1.13537597
1.13806152
1.13195800
1.13525390
1.13122558
1.13439941
1.13696289
1.13940429
1.13891601
1.12963867
1.13806152
1.13708496
1.13427734
1.13073730
1.13244628
1.13269042
1.14050292
1.13439941
1.13146972
1.13220214
1.13745117
1.13464355
1.14318847
1.14221191
1.13195800
1.13232421
1.13500976
1.13879394
1.13208007
1.14001464
1.14086914
1.13476562
1.13647460
1.13171386
1.13720703
1.13818359
1.14257812
1.13342285
1.13195800
1.14318847
1.13647460
1.13208007
1.13049316
1.13659667
1.13232421
1.12988281
1.13586425
1.14318847
1.13305664
1.14001464
1.13122558
1.13146972
1.13195800
1.13049316
1.13574218
1.13208007
1.13085937
1.13061523
1.13427734
1.13037109
1.13305664
1.13623046
1.13476562
1.13305664
1.13024902
1.13488769
1.13769531
1.13037109
1.14208984
1.14294433
1.13232421
1.13244628
1.13378906
1.13964843
1.13659667
1.13122558
1.13171386
1.13293457
1.13317871
1.13232421
1.13122558
1.14282226
1.13085937
1.13525390
1.13732910
1.13171386
1.13049316
1.13476562
1.13134765
1.13256835
1.13598632
1.13269042
1.13500976
1.13305664
1.13195800
1.13537597
1.14074707
1.13146972
1.13269042
1.13110351
1.13183593
1.13720703
1.13696289
1.13232421
1.13171386
1.13818359
1.13208007
1.13159179
1.13183593
1.13085937
1.13232421
1.14111328
1.13391113
1.13745117
1.13977050
1.14233398
1.13562011
1.13159179
1.13098144
1.13195800
1.13183593
1.13061523
1.13244628
1.13598632
1.13037109
1.13195800
1.13146972
1.14282226
1.13269042
