1.13305664
1.13256835
1.13391113
1.13208007
1.13696289
1.13366699
1.13488769
1.13464355
1.13232421
1.13317871
1.13024902
1.13183593
1.13330078
1.12878417
1.14038085
1.14099121
1.13085937
1.14001464
1.13366699
1.13122558
1.13134765
1.13195800
1.12939453
1.13256835
1.13427734
1.13488769
1.12988281
1.13220214
1.13342285
1.13354492
1.13696289
1.13171386
1.13171386
1.13208007
1.13745117
1.13464355
1.13989257
1.13757324
1.13171386
1.13732910
1.13500976
1.13452148
1.14355468
1.13244628
1.13488769
1.14245605
1.12927246
1.13500976
1.14245605
1.14135742
1.13183593
1.13183593
1.13317871
1.13696289
1.13024902
1.13793945
1.13195800
1.13659667
1.13610839
1.13208007
1.13183593
1.14257812
1.13159179
1.13098144
1.13232421
1.12988281
1.13793945
1.13256835
1.13879394
1.13525390
1.13757324
1.14184570
1.13964843
1.13342285
1.13024902
1.13757324
1.13281250
1.14221191
1.13232421
1.13671875
1.13122558
1.13232421
1.13171386
1.13024902
1.14050292
1.12988281
1.13183593
1.13464355
1.13916015
1.13781738
1.13476562
1.13940429
1.13159179
1.14050292
1.13195800
1.13171386
1.13146972
1.13134765
1.13769531
1.13317871
1.13720703
1.13146972
1.13220214
1.13244628
1.13562011
1.13244628
1.13427734
1.13183593
1.13269042
1.14013671
1.13415527
1.14184570
1.14282226
1.13012695
1.13195800
1.13195800
1.13183593
1.13146972
1.13793945
1.13720703
1.13134765
1.14282226
1.13916015
1.14160156
1.13256835
1.13171386
1.12976074
1.13757324
1.13928222
1.14025878
1.13159179
1.13208007
1.13378906
1.13159179
1.13476562
1.13049316
1.13989257
1.12988281
1.13537597
1.13159179
1.12963867
1.13586425
1.13171386
1.13037109
1.13220214
1.13134765
1.13745117
1.13891601
1.13806152
1.13134765
1.13305664
1.13439941
1.13635253
1.14050292
1.14111328
1.14086914
1.14160156
1.13330078
1.13171386
1.12976074
1.13195800
1.13269042
1.13073730
1.13732910
1.14196777
1.13928222
1.13171386
1.14172363
1.13122558
1.13146972
1.13085937
1.13110351
1.13232421
1.12963867
1.13830566
1.13586425
1.12988281
1.13122558
1.13781738
1.13085937
1.13635253
1.13391113
1.13049316
1.13378906
1.13110351
1.13061523
1.13220214
1.13586425
1.13269042
1.13256835
1.13623046
1.13134765
1.13769531
1.13903808
1.14672851
1.13110351
1.13659667
1.13757324
1.13427734
1.13684082
