1.01733398
1.01806640
1.01782226
1.01782226
1.01733398
1.01733398
1.01721191
1.01721191
1.01696777
1.01733398
1.01782226
1.01635742
1.01623535
1.01574707
1.01794433
1.01708984
1.01733398
1.01721191
1.01757812
1.01684570
1.01733398
1.01782226
1.01647949
1.01843261
1.01770019
1.01611328
1.01696777
1.01745605
1.01672363
1.01757812
1.01623535
1.01708984
1.01599121
1.01672363
1.01611328
1.01635742
1.01696777
1.01684570
1.01672363
1.01623535
1.01684570
1.01647949
1.01684570
1.01684570
1.01696777
1.01684570
1.01696777
1.01708984
1.01635742
1.01635742
1.01708984
1.01586914
1.01599121
1.01733398
1.01647949
1.01623535
1.01708984
1.01708984
1.01550292
1.01623535
1.01672363
1.01574707
1.01635742
1.01647949
1.01599121
1.01672363
1.01599121
1.01708984
1.01721191
1.01635742
1.01660156
1.01708984
1.01635742
1.01708984
1.01696777
1.01586914
1.01684570
1.01696777
1.01660156
1.01660156
1.01684570
1.01623535
1.01672363
1.01708984
1.01708984
1.01684570
1.01550292
1.01635742
1.01647949
1.01672363
1.01635742
1.01721191
1.01562500
1.01733398
1.01684570
1.01635742
1.01672363
1.01708984
1.01721191
1.01611328
1.01708984
1.01782226
1.01586914
1.01647949
1.01708984
1.01550292
1.01586914
1.01672363
1.01611328
1.01672363
1.01647949
1.01599121
1.01611328
1.01672363
1.01574707
1.01574707
1.01696777
1.01586914
1.01684570
1.01660156
1.01745605
1.01611328
1.01733398
1.01672363
1.01770019
1.01647949
1.01745605
1.01696777
1.01806640
1.01623535
1.01672363
1.01770019
1.01757812
1.01696777
1.01782226
1.01721191
1.01672363
1.01635742
1.01733398
1.01635742
1.01623535
1.01757812
1.01708984
1.01647949
1.01660156
1.01708984
1.01647949
1.01684570
1.01757812
1.01831054
1.01611328
1.01562500
1.01745605
1.01733398
1.01721191
1.01647949
1.01745605
1.01757812
1.01660156
1.01684570
1.01660156
1.01635742
1.01721191
1.01806640
1.01660156
1.01708984
1.01745605
1.01733398
1.01672363
1.01696777
1.01708984
1.01733398
1.01635742
1.01879882
1.01831054
1.01696777
1.01782226
1.01708984
1.01733398
1.02294921
1.01647949
1.01757812
1.01794433
1.01672363
1.01782226
1.01806640
1.01672363
1.01782226
1.01684570
1.01672363
1.01818847
1.01794433
1.01831054
1.01843261
1.01831054
1.01745605
1.01721191
1.01831054
1.01708984
1.01831054
