1.01782226
1.01782226
1.01733398
1.01635742
1.01672363
1.01672363
1.01647949
1.01623535
1.01721191
1.01708984
1.01623535
1.01647949
1.01611328
1.01562500
1.01599121
1.01611328
1.01586914
1.01574707
1.01586914
1.01696777
1.01672363
1.01660156
1.01672363
1.01647949
1.01599121
1.01635742
1.01623535
1.01696777
1.01733398
1.01574707
1.01586914
1.01550292
1.01550292
1.01562500
1.01599121
1.01501464
1.01574707
1.01586914
1.01574707
1.01550292
1.01647949
1.01684570
1.01672363
1.01635742
1.01635742
1.01513671
1.01586914
1.01647949
1.01647949
1.01635742
1.01538085
1.01647949
1.01684570
1.01586914
1.01586914
1.01684570
1.01611328
1.01550292
1.01672363
1.01696777
1.01550292
1.01574707
1.01684570
1.01623535
1.01611328
1.01623535
1.01550292
1.01599121
1.01647949
1.01672363
1.01477050
1.01684570
1.01647949
1.01708984
1.01477050
1.01586914
1.01660156
1.01599121
1.01684570
1.01647949
1.01623535
1.01647949
1.01660156
1.01501464
1.01611328
1.01696777
1.01672363
1.01586914
1.01733398
1.01696777
1.01538085
1.01660156
1.01647949
1.01538085
1.01562500
1.01586914
1.01489257
1.01562500
1.01599121
1.01489257
1.01586914
1.01611328
1.01477050
1.01538085
1.01599121
1.01477050
1.01586914
1.01562500
1.01464843
1.01599121
1.01599121
1.01477050
1.01538085
1.01599121
1.01599121
1.01464843
1.01586914
1.01550292
1.01538085
1.01611328
1.01599121
1.01513671
1.01562500
1.01672363
1.01538085
1.01611328
1.01599121
1.01550292
1.01623535
1.01586914
1.01440429
1.01611328
1.01635742
1.01696777
1.01574707
1.01647949
1.01635742
1.01599121
1.01574707
1.01733398
1.01562500
1.01660156
1.01599121
1.01623535
1.01525878
1.01574707
1.01635742
1.01623535
1.01525878
1.01635742
1.01611328
1.01672363
1.01525878
1.01489257
1.01562500
1.01660156
1.01684570
1.01501464
1.01550292
1.01574707
1.01623535
1.01574707
1.01586914
1.01647949
1.01550292
1.01599121
1.01550292
1.01550292
1.01647949
1.01599121
1.01623535
1.01599121
1.01708984
1.01708984
1.01599121
1.01611328
1.01672363
1.01733398
1.01635742
1.01647949
1.01550292
1.01696777
1.01635742
1.01623535
1.01770019
1.01672363
1.01708984
1.01574707
1.01623535
1.01660156
1.01599121
1.01684570
1.01770019
1.01586914
1.01623535
1.01721191
1.01574707
1.01696777
1.01757812
1.01684570
