1.02478027
1.02575683
1.02026367
1.02160644
1.02502441
1.01867675
1.02319335
1.02319335
1.02368164
1.02270507
1.02355957
1.02368164
1.02490234
1.02380371
1.02209472
1.02416992
1.02416992
1.01818847
1.02526855
1.01843261
1.02465820
1.02770996
1.02172851
1.02294921
1.02307128
1.01989746
1.02172851
1.02148437
1.02221679
1.01733398
1.02478027
1.02416992
1.02001953
1.02392578
1.02404785
1.02368164
1.02148437
1.01806640
1.02490234
1.02380371
1.03039550
1.02185058
1.02294921
1.02465820
1.02111816
1.02404785
1.02282714
1.02270507
1.02453613
1.02551269
1.01782226
1.02526855
1.01757812
1.02209472
1.01928710
1.02392578
1.02539062
1.02209472
1.02355957
1.02209472
1.02380371
1.02478027
1.02270507
1.02404785
1.02368164
1.02502441
1.02368164
1.02319335
1.01782226
1.01867675
1.02526855
1.02343750
1.02416992
1.02368164
1.02319335
1.02416992
1.02416992
1.02233886
1.01855468
1.02197265
1.02258300
1.02294921
1.02270507
1.02014160
1.02331542
1.02404785
1.02307128
1.02246093
1.02233886
1.02465820
1.01745605
1.02453613
1.02355957
1.02416992
1.02380371
1.02343750
1.02502441
1.01794433
1.02136230
1.02416992
1.02380371
1.02319335
1.02319335
1.01721191
1.01953125
1.02502441
1.01855468
1.02221679
1.02380371
1.02502441
1.02539062
1.02172851
1.02368164
1.02453613
1.02539062
1.02282714
1.02136230
1.02539062
1.02270507
1.02429199
1.02648925
1.02246093
1.02355957
1.02636718
1.01818847
1.02514648
1.02746582
1.02258300
1.02697753
1.02221679
1.02026367
1.02563476
1.02368164
1.02575683
1.02465820
1.02209472
1.02368164
1.02416992
1.02551269
1.02392578
1.01928710
1.01806640
1.02209472
1.02465820
1.02319335
1.01806640
1.02355957
1.02233886
1.02294921
1.02429199
1.02221679
1.02514648
1.02270507
1.02124023
1.02331542
1.01708984
1.02111816
1.02404785
1.02209472
1.02404785
1.02197265
1.02795410
1.02453613
1.02185058
1.02355957
1.02185058
1.01855468
1.02221679
1.02197265
1.02453613
1.02392578
1.02221679
1.02453613
1.02246093
1.02307128
1.02368164
1.02148437
1.02478027
1.02368164
1.02673339
1.02246093
1.02270507
1.02282714
1.01794433
1.02087402
1.02172851
1.02355957
1.02307128
1.02294921
1.02307128
1.02478027
1.02404785
1.02319335
1.02221679
1.02343750
1.02636718
1.02294921
1.02307128
1.02490234
1.02294921
