1.01843261
1.02526855
1.02319335
1.02392578
1.02233886
1.01733398
1.02465820
1.02368164
1.02197265
1.02197265
1.02343750
1.02355957
1.02575683
1.02368164
1.02734375
1.02416992
1.02343750
1.03039550
1.02331542
1.02343750
1.01745605
1.02429199
1.02319335
1.02185058
1.01623535
1.01757812
1.02416992
1.02355957
1.02307128
1.02160644
1.02331542
1.02209472
1.02392578
1.02062988
1.02526855
1.02636718
1.01794433
1.02270507
1.02343750
1.01696777
1.02355957
1.02026367
1.02246093
1.02746582
1.02392578
1.02404785
1.02563476
1.02795410
1.02612304
1.02258300
1.02563476
1.02319335
1.02197265
1.02636718
1.02233886
1.01794433
1.02282714
1.02270507
1.02246093
1.02209472
1.01855468
1.02392578
1.02844238
1.02465820
1.02392578
1.01684570
1.02246093
1.02368164
1.02746582
1.02246093
1.01867675
1.02343750
1.02612304
1.01989746
1.02099609
1.02844238
1.02343750
1.02270507
1.02319335
1.02270507
1.02844238
1.02380371
1.02441406
1.01757812
1.02282714
1.02392578
1.02282714
1.02587890
1.02062988
1.02368164
1.02429199
1.02355957
1.02478027
1.01818847
1.02416992
1.02478027
1.01721191
1.02246093
1.02429199
1.02380371
1.02478027
1.02465820
1.02185058
1.02453613
1.02966308
1.02368164
1.02502441
1.02563476
1.02258300
1.02331542
1.02197265
1.02294921
1.01965332
1.02392578
1.02587890
1.02783203
1.02636718
1.02111816
1.02368164
1.02270507
1.02539062
1.01745605
1.02404785
1.01892089
1.02355957
1.02233886
1.02185058
1.02600097
1.02343750
1.02294921
1.02221679
1.02453613
1.02453613
1.01879882
1.02478027
1.02331542
1.02380371
1.02099609
1.02441406
1.02526855
1.02539062
1.02453613
1.01708984
1.02233886
1.02575683
1.02160644
1.03076171
1.01953125
1.01855468
1.02551269
1.02246093
1.02563476
1.02124023
1.02246093
1.01953125
1.01635742
1.02355957
1.02209472
1.01879882
1.02832031
1.01806640
1.02819824
1.02685546
1.02770996
1.02453613
1.02319335
1.02514648
1.02587890
1.02929687
1.01855468
1.02404785
1.02416992
1.02124023
1.02075195
1.02233886
1.02624511
1.02355957
1.02368164
1.02319335
1.02294921
1.02453613
1.01940917
1.02453613
1.01672363
1.02258300
1.01782226
1.02258300
1.02648925
1.02380371
1.02416992
1.02099609
1.02294921
1.02392578
1.02331542
1.02258300
1.02673339
1.01916503
1.02661132
1.01989746
1.02685546
