1.02160644
1.01770019
1.02001953
1.01794433
1.01892089
1.01940917
1.02001953
1.02441406
1.01928710
1.01989746
1.01965332
1.01855468
1.01867675
1.01831054
1.01538085
1.01806640
1.01855468
1.01892089
1.02038574
1.01708984
1.01977539
1.01855468
1.01940917
1.01928710
1.01684570
1.01660156
1.01879882
1.01867675
1.01940917
1.01879882
1.02294921
1.01989746
1.02551269
1.01611328
1.01953125
1.01806640
1.01892089
1.01806640
1.01989746
1.02038574
1.02197265
1.01782226
1.01916503
1.01904296
1.01635742
1.02197265
1.01635742
1.01867675
1.01855468
1.01818847
1.01794433
1.01953125
1.01904296
1.02258300
1.01782226
1.01794433
1.01831054
1.01892089
1.02124023
1.02026367
1.01721191
1.01867675
1.01940917
1.01831054
1.01989746
1.02050781
1.01867675
1.01855468
1.01745605
1.02124023
1.01867675
1.02026367
1.02026367
1.02600097
1.01708984
1.02441406
1.01818847
1.02124023
1.01989746
1.01782226
1.01708984
1.01953125
1.01977539
1.01721191
1.02001953
1.01867675
1.01928710
1.01745605
1.01794433
1.01965332
1.01940917
1.01940917
1.01831054
1.01806640
1.01928710
1.02001953
1.01635742
1.01879882
1.01892089
1.01770019
1.02062988
1.01818847
1.02111816
1.01879882
1.02026367
1.01965332
1.02001953
1.01562500
1.01879882
1.02062988
1.01770019
1.02001953
1.02014160
1.01794433
1.02209472
1.01818847
1.01818847
1.02148437
1.01721191
1.01953125
1.01831054
1.01770019
1.01770019
1.01611328
1.01879882
1.01892089
1.01696777
1.01928710
1.01733398
1.01892089
1.01904296
1.02087402
1.01733398
1.01892089
1.02062988
1.01696777
1.02001953
1.01989746
1.02099609
1.01892089
1.01794433
1.01940917
1.02099609
1.01928710
1.02014160
1.02062988
1.01660156
1.02185058
1.02197265
1.01831054
1.01867675
1.02160644
1.01647949
1.01660156
1.01782226
1.01745605
1.01770019
1.01721191
1.02026367
1.01855468
1.01623535
1.01806640
1.01977539
1.01818847
1.02160644
1.01721191
1.01843261
1.01879882
1.02307128
1.02392578
1.02099609
1.01904296
1.01831054
1.01904296
1.02087402
1.01757812
1.01916503
1.01904296
1.02099609
1.02075195
1.02441406
1.01757812
1.01745605
1.01965332
1.01879882
1.02001953
1.01867675
1.01684570
1.01904296
1.01989746
1.01782226
1.02001953
1.01696777
1.01843261
1.01879882
1.01794433
1.02026367
1.02355957
1.02099609
1.01977539
