1.21081542
1.21093750
1.21130371
1.20959472
1.20971679
1.20849609
1.20971679
1.21069335
1.20959472
1.21044921
1.21081542
1.21081542
1.20849609
1.21081542
1.21008300
1.21081542
1.20922851
1.21228027
1.21081542
1.20996093
1.21081542
1.20947265
1.20959472
1.21081542
1.20471191
1.20483398
1.18713378
1.18225097
1.18200683
1.18334960
1.18225097
1.18200683
1.18627929
1.18188476
1.18334960
1.18225097
1.17980957
1.18957519
1.18200683
1.18212890
1.18225097
1.18212890
1.18713378
1.18334960
1.18334960
1.18212890
1.18225097
1.18200683
1.18212890
1.18225097
1.18603515
1.18212890
1.18225097
1.18212890
1.18286132
1.18334960
1.18212890
1.18176269
1.18334960
1.18090820
1.18347167
1.18103027
1.18701171
1.18664550
1.18676757
1.18725585
1.16333007
1.16198730
1.16210937
1.16210937
1.16455078
1.16455078
1.16442871
1.16333007
1.16210937
1.16210937
1.16455078
1.16357421
1.16333007
1.16345214
1.16259765
1.16333007
1.16455078
1.16333007
1.16223144
1.16455078
1.16540527
1.16247558
1.16455078
1.16467285
1.16455078
1.16198730
1.16223144
1.16235351
1.16333007
1.16455078
1.16455078
1.16320800
1.16455078
1.16296386
1.16394042
1.16210937
1.16418457
1.16198730
1.16455078
1.16333007
1.16467285
1.16333007
1.16345214
1.16345214
1.16467285
1.16711425
1.16333007
1.16137695
1.16357421
1.16345214
1.16345214
1.16833496
1.15966796
1.16333007
1.16333007
1.16369628
1.16333007
1.16357421
1.16210937
1.16442871
1.16308593
1.16455078
1.16455078
1.16455078
1.16455078
1.16198730
1.16833496
1.16296386
1.16455078
1.16394042
1.16455078
1.16333007
1.16333007
1.16455078
1.16406250
1.16333007
1.16455078
1.16223144
1.16223144
1.16455078
1.16442871
1.16418457
1.16442871
1.16210937
1.16345214
1.16955566
1.16455078
1.16442871
1.16442871
1.16369628
1.16345214
1.16442871
1.16430664
1.16430664
1.16455078
1.16333007
1.16418457
1.16333007
1.16333007
1.16455078
1.16442871
1.16442871
1.16455078
1.16418457
1.16210937
1.16479492
1.16333007
1.16223144
1.16357421
1.16552734
1.16088867
1.16345214
1.16333007
1.16345214
1.16455078
1.16308593
1.16735839
1.16333007
1.16967773
1.16845703
1.16589355
1.16418457
1.16320800
1.16735839
1.17211914
1.16345214
1.16833496
1.16333007
1.17211914
1.16235351
1.16345214
1.16210937
1.16174316
1.16833496
