1.21093750
1.20935058
1.20971679
1.20959472
1.20849609
1.20544433
1.21081542
1.21203613
1.20922851
1.20959472
1.20996093
1.20764160
1.20971679
1.20959472
1.20971679
1.20922851
1.21093750
1.21093750
1.21069335
1.20959472
1.19201660
1.19226074
1.19201660
1.19079589
1.18920898
1.19201660
1.18835449
1.18200683
1.18408203
1.18347167
1.18212890
1.18212890
1.18334960
1.18212890
1.18847656
1.18603515
1.18225097
1.18176269
1.18603515
1.18090820
1.18212890
1.18090820
1.17980957
1.18286132
1.18103027
1.18322753
1.18310546
1.18212890
1.18212890
1.18212890
1.18151855
1.18212890
1.18225097
1.18176269
1.18225097
1.18090820
1.18090820
1.18835449
1.18225097
1.18212890
1.18176269
1.17895507
1.18212890
1.18334960
1.16333007
1.16223144
1.16540527
1.16052246
1.16320800
1.16455078
1.16333007
1.16284179
1.16699218
1.16333007
1.16101074
1.16259765
1.16333007
1.16455078
1.16333007
1.16210937
1.16247558
1.16174316
1.16540527
1.16088867
1.16333007
1.16345214
1.16955566
1.16223144
1.16284179
1.16906738
1.16772460
1.16882324
1.16748046
1.16333007
1.17089843
1.16833496
1.16711425
1.16943359
1.16528320
1.16906738
1.16833496
1.16247558
1.16833496
1.16833496
1.16906738
1.16833496
1.16821289
1.16442871
1.16833496
1.16711425
1.16967773
1.16455078
1.16784667
1.16711425
1.16833496
1.16821289
1.16955566
1.16931152
1.16735839
1.16955566
1.16455078
1.16992187
1.17028808
1.16845703
1.16699218
1.16955566
1.16674804
1.16711425
1.16918945
1.16943359
1.16418457
1.16833496
1.16711425
1.16711425
1.16711425
1.16955566
1.16760253
1.16711425
1.17004394
1.16870117
1.16833496
1.16955566
1.16723632
1.16833496
1.16711425
1.16955566
1.16955566
1.16906738
1.16894531
1.16918945
1.16333007
1.16833496
1.16955566
1.16955566
1.16723632
1.16699218
1.16711425
1.16821289
1.16711425
1.16711425
1.16955566
1.16845703
1.16259765
1.16723632
1.16955566
1.16711425
1.16833496
1.16857910
1.16918945
1.16723632
1.16345214
1.16833496
1.16455078
1.16979980
1.16455078
1.16833496
1.16333007
1.16210937
1.16711425
1.16467285
1.16455078
1.16467285
1.16345214
1.16223144
1.16333007
1.16333007
1.16333007
1.16845703
1.16333007
1.16210937
1.16345214
1.16333007
1.16455078
1.16455078
1.16345214
1.16210937
1.16210937
1.16467285
1.16455078
1.16455078
