1.20971679
1.21081542
1.20751953
1.20971679
1.21093750
1.20959472
1.21081542
1.20971679
1.21008300
1.20959472
1.20849609
1.21069335
1.20715332
1.21081542
1.20849609
1.20959472
1.20825195
1.20849609
1.20739746
1.21008300
1.19140625
1.18847656
1.18969726
1.19128417
1.18823242
1.18237304
1.18188476
1.18103027
1.18334960
1.18444824
1.18188476
1.18054199
1.18212890
1.18188476
1.18212890
1.18847656
1.18090820
1.18212890
1.17956542
1.18127441
1.18212890
1.18212890
1.18334960
1.18054199
1.18347167
1.18347167
1.18273925
1.17968750
1.18249511
1.18127441
1.18005371
1.18603515
1.18713378
1.18225097
1.18212890
1.18200683
1.18579101
1.18469238
1.18273925
1.18725585
1.18078613
1.18151855
1.16796875
1.16296386
1.16357421
1.16357421
1.17041015
1.16223144
1.16442871
1.16210937
1.16088867
1.16345214
1.16601562
1.16345214
1.16455078
1.16455078
1.16503906
1.16125488
1.16455078
1.16455078
1.16333007
1.16210937
1.16345214
1.16333007
1.16247558
1.16320800
1.16613769
1.16430664
1.16333007
1.16345214
1.16333007
1.16333007
1.16491699
1.16442871
1.16442871
1.16333007
1.16455078
1.16284179
1.16333007
1.16381835
1.16455078
1.16223144
1.16503906
1.16369628
1.16247558
1.16455078
1.16308593
1.16235351
1.16369628
1.16455078
1.16821289
1.16333007
1.16394042
1.16333007
1.16455078
1.16333007
1.16406250
1.16418457
1.16491699
1.16345214
1.16467285
1.16381835
1.16455078
1.16455078
1.16284179
1.16345214
1.16333007
1.16455078
1.16333007
1.16333007
1.16333007
1.16455078
1.16223144
1.16455078
1.16320800
1.16467285
1.16345214
1.16455078
1.16296386
1.16467285
1.16455078
1.16333007
1.14453125
1.14697265
1.14453125
1.14672851
1.14575195
1.14843750
1.14440917
1.14587402
1.14831542
1.15075683
1.14697265
1.14660644
1.14575195
1.14306640
1.14465332
1.14685058
1.14575195
1.14562988
1.14624023
1.14575195
1.14685058
1.14562988
1.14562988
1.14318847
1.14465332
1.14575195
1.14538574
1.14465332
1.14562988
1.14465332
1.14453125
1.14453125
1.14685058
1.14575195
1.14575195
1.14343261
1.14562988
1.14453125
1.15026855
1.14465332
1.14404296
1.14587402
1.14575195
1.14453125
1.14916992
1.14562988
1.14562988
1.14465332
1.14685058
1.14575195
1.14697265
1.14587402
1.14453125
1.14453125
1.14318847
1.14465332
1.14624023
1.14575195
