1.20971679
1.20971679
1.20996093
1.21081542
1.20971679
1.21020507
1.20727539
1.21081542
1.20727539
1.21240234
1.20800781
1.21081542
1.21081542
1.20727539
1.20751953
1.20996093
1.20959472
1.20959472
1.20800781
1.20971679
1.20764160
1.20837402
1.20812988
1.21020507
1.21325683
1.20996093
1.19201660
1.19201660
1.19067382
1.19067382
1.18505859
1.18347167
1.18334960
1.18334960
1.18212890
1.18103027
1.18090820
1.18237304
1.18542480
1.18273925
1.18334960
1.18334960
1.17968750
1.18725585
1.17968750
1.18225097
1.18103027
1.18090820
1.18701171
1.18334960
1.18725585
1.18200683
1.18212890
1.18029785
1.18103027
1.18212890
1.18090820
1.18322753
1.18090820
1.18103027
1.18725585
1.18237304
1.18090820
1.18225097
1.18298339
1.18212890
1.17883300
1.16333007
1.16333007
1.16381835
1.16320800
1.16345214
1.16455078
1.16455078
1.16369628
1.16174316
1.16723632
1.16455078
1.16247558
1.16650390
1.16418457
1.16333007
1.16235351
1.16455078
1.16333007
1.17236328
1.17333984
1.17102050
1.16455078
1.16223144
1.16735839
1.16931152
1.16455078
1.16455078
1.16748046
1.16772460
1.16137695
1.16125488
1.16699218
1.16748046
1.16833496
1.16345214
1.16381835
1.16455078
1.16210937
1.16210937
1.16845703
1.16882324
1.16137695
1.16210937
1.16284179
1.16833496
1.16455078
1.16210937
1.16723632
1.16723632
1.16333007
1.16455078
1.16101074
1.17333984
1.17309570
1.16833496
1.16125488
1.16345214
1.16711425
1.16381835
1.16955566
1.17785644
1.16748046
1.16833496
1.16625976
1.16455078
1.16223144
1.16943359
1.16796875
1.16687011
1.16333007
1.17333984
1.16210937
1.16650390
1.16564941
1.16223144
1.16491699
1.16198730
1.16210937
1.16284179
1.16198730
1.16564941
1.16333007
1.16455078
1.16833496
1.16931152
1.16333007
1.16345214
1.16333007
1.16333007
1.16455078
1.16210937
1.16333007
1.16271972
1.16455078
1.16210937
1.16589355
1.16284179
1.16210937
1.16223144
1.16333007
1.16357421
1.16455078
1.16198730
1.16333007
1.16333007
1.16906738
1.16882324
1.16247558
1.16955566
1.17016601
1.16223144
1.16296386
1.16223144
1.16320800
1.17004394
1.16198730
1.16296386
1.16333007
1.16345214
1.16345214
1.16210937
1.16491699
1.16418457
1.16333007
1.16455078
1.16296386
1.16955566
1.16955566
1.16235351
1.16320800
1.16210937
1.16320800
1.16223144
