1.20727539
1.20971679
1.20886230
1.20715332
1.20971679
1.20959472
1.21081542
1.21154785
1.20971679
1.20959472
1.21093750
1.20971679
1.20996093
1.20971679
1.21081542
1.20812988
1.20861816
1.21081542
1.21081542
1.21081542
1.20959472
1.19201660
1.19213867
1.19213867
1.19067382
1.19201660
1.19006347
1.19079589
1.19213867
1.18725585
1.18237304
1.18237304
1.18066406
1.18115234
1.18237304
1.18054199
1.18225097
1.18835449
1.18334960
1.18176269
1.18566894
1.18078613
1.18640136
1.18322753
1.18090820
1.18164062
1.18188476
1.18347167
1.18347167
1.18005371
1.18225097
1.18176269
1.18432617
1.18127441
1.18103027
1.18261718
1.18286132
1.18054199
1.18237304
1.18029785
1.18701171
1.18225097
1.18334960
1.18823242
1.18273925
1.18286132
1.17419433
1.16284179
1.16333007
1.16406250
1.16235351
1.16333007
1.16455078
1.16333007
1.16455078
1.16455078
1.16333007
1.16271972
1.16345214
1.16955566
1.16711425
1.16210937
1.16381835
1.16735839
1.16381835
1.16442871
1.16333007
1.16381835
1.16394042
1.16711425
1.16210937
1.16247558
1.16223144
1.16357421
1.16455078
1.16882324
1.16406250
1.16455078
1.16455078
1.16333007
1.16333007
1.16455078
1.16467285
1.16210937
1.16406250
1.16687011
1.16564941
1.16210937
1.16772460
1.16455078
1.16210937
1.16455078
1.16345214
1.16345214
1.16381835
1.16296386
1.16455078
1.16455078
1.16455078
1.17224121
1.16943359
1.16223144
1.16223144
1.16516113
1.16345214
1.16455078
1.16455078
1.16845703
1.16455078
1.16186523
1.16296386
1.16210937
1.16259765
1.16308593
1.16186523
1.16320800
1.16455078
1.16394042
1.16564941
1.16418457
1.16223144
1.16296386
1.16210937
1.16308593
1.16455078
1.16394042
1.16210937
1.16345214
1.16333007
1.16418457
1.16442871
1.16369628
1.16247558
1.16870117
1.16357421
1.16833496
1.16308593
1.16369628
1.16320800
1.16333007
1.16455078
1.16223144
1.16210937
1.16210937
1.16479492
1.16455078
1.16833496
1.16418457
1.16345214
1.16455078
1.16357421
1.16333007
1.16503906
1.16455078
1.16235351
1.16247558
1.16345214
1.16369628
1.16210937
1.16333007
1.16394042
1.16406250
1.16357421
1.16308593
1.16223144
1.16271972
1.16333007
1.16723632
1.16333007
1.16455078
1.16467285
1.16479492
1.16455078
1.16174316
1.16345214
1.16467285
1.16735839
1.16259765
1.16406250
1.16345214
