1.20959472
1.20959472
1.21093750
1.20971679
1.20727539
1.21069335
1.20971679
1.21081542
1.20849609
1.21081542
1.20727539
1.20983886
1.21069335
1.20959472
1.20971679
1.21057128
1.20727539
1.20959472
1.19201660
1.19018554
1.19201660
1.19323730
1.19409179
1.19348144
1.19250488
1.19201660
1.18273925
1.17944335
1.18115234
1.18334960
1.17907714
1.18212890
1.18371582
1.18151855
1.18762207
1.18725585
1.18420410
1.18176269
1.18225097
1.18249511
1.18359375
1.18347167
1.18176269
1.18249511
1.17956542
1.18627929
1.18615722
1.18310546
1.18835449
1.18225097
1.18383789
1.18579101
1.18212890
1.18322753
1.18212890
1.18676757
1.18347167
1.18322753
1.18225097
1.18212890
1.18090820
1.16455078
1.16833496
1.16821289
1.16418457
1.16357421
1.16333007
1.16223144
1.16711425
1.16430664
1.16333007
1.16223144
1.16381835
1.16601562
1.16345214
1.16345214
1.16125488
1.16577148
1.16381835
1.16394042
1.16418457
1.16308593
1.16601562
1.16320800
1.16308593
1.16955566
1.16418457
1.16076660
1.16381835
1.16467285
1.16296386
1.16259765
1.16149902
1.16186523
1.16101074
1.16894531
1.16577148
1.16674804
1.16333007
1.17175292
1.16577148
1.16455078
1.16296386
1.16735839
1.16833496
1.16442871
1.16833496
1.16845703
1.16333007
1.16882324
1.16333007
1.16882324
1.16906738
1.16918945
1.16918945
1.16577148
1.16955566
1.16589355
1.16589355
1.16918945
1.16784667
1.16223144
1.16882324
1.16833496
1.16845703
1.16198730
1.16821289
1.16931152
1.16796875
1.16333007
1.16882324
1.16955566
1.16955566
1.16577148
1.16955566
1.16894531
1.16455078
1.16186523
1.14709472
1.14709472
1.14916992
1.15136718
1.14831542
1.15063476
1.14843750
1.14428710
1.14916992
1.14794921
1.15075683
1.14562988
1.14367675
1.14709472
1.15075683
1.15136718
1.14562988
1.14453125
1.14575195
1.15075683
1.15075683
1.15075683
1.14978027
1.14953613
1.14953613
1.14514160
1.14953613
1.15075683
1.14953613
1.14453125
1.14953613
1.14916992
1.14941406
1.14648437
1.15063476
1.14562988
1.15087890
1.14953613
1.14501953
1.15026855
1.14453125
1.14855957
1.14843750
1.14416503
1.14562988
1.14990234
1.14953613
1.14453125
1.14648437
1.15087890
1.15075683
1.14562988
1.14453125
1.14990234
1.14953613
1.14575195
1.14501953
1.15063476
1.15002441
1.14453125
1.14306640
1.14953613
