1.20947265
1.20947265
1.20849609
1.20996093
1.21044921
1.21032714
1.21044921
1.20959472
1.20849609
1.20959472
1.20751953
1.21081542
1.20959472
1.21093750
1.20776367
1.20849609
1.20800781
1.20898437
1.20947265
1.21081542
1.20959472
1.20837402
1.20971679
1.20959472
1.21057128
1.21081542
1.20849609
1.21008300
1.20690917
1.20935058
1.20568847
1.20275878
1.20043945
1.18237304
1.18115234
1.18298339
1.17932128
1.18188476
1.18615722
1.18029785
1.18225097
1.18469238
1.18322753
1.18054199
1.18225097
1.18664550
1.18127441
1.18115234
1.18115234
1.18164062
1.18310546
1.18054199
1.18469238
1.18286132
1.18566894
1.18261718
1.18237304
1.18237304
1.18737792
1.18603515
1.18237304
1.18273925
1.18212890
1.18164062
1.18005371
1.18212890
1.18005371
1.18347167
1.18164062
1.18249511
1.18200683
1.18090820
1.18786621
1.18090820
1.18249511
1.18212890
1.18322753
1.18225097
1.18212890
1.18127441
1.18212890
1.18090820
1.18090820
1.18322753
1.18347167
1.18310546
1.18090820
1.17968750
1.18090820
1.18347167
1.18347167
1.18139648
1.18310546
1.18090820
1.18127441
1.18090820
1.18225097
1.18151855
1.18725585
1.18115234
1.18334960
1.18090820
1.18139648
1.17968750
1.18090820
1.18261718
1.18212890
1.18212890
1.18103027
1.18298339
1.17968750
1.18334960
1.18225097
1.18188476
1.18127441
1.18212890
1.18457031
1.18225097
1.18457031
1.18103027
1.18090820
1.18212890
1.18334960
1.18078613
1.18298339
1.18127441
1.18225097
1.18310546
1.18212890
1.18261718
1.18347167
1.18212890
1.18078613
1.18334960
1.18261718
1.18090820
1.18103027
1.18322753
1.17944335
1.18603515
1.18322753
1.18750000
1.18164062
1.18090820
1.18212890
1.17932128
1.18334960
1.18212890
1.18334960
1.18334960
1.18322753
1.18127441
1.18090820
1.18212890
1.18261718
1.18212890
1.18225097
1.17785644
1.18103027
1.18090820
1.18652343
1.18225097
1.18334960
1.18359375
1.17980957
1.18200683
1.17968750
1.18225097
1.18225097
1.18090820
1.18261718
1.18261718
1.18225097
1.18225097
1.18261718
1.18151855
1.17858886
1.18090820
1.18164062
1.18225097
1.18750000
1.18603515
1.18115234
1.17968750
1.18713378
1.18322753
1.18212890
1.18347167
1.18212890
1.18188476
1.18212890
1.18420410
1.18347167
1.18383789
1.18334960
1.18298339
1.18310546
1.18212890
1.18200683
1.16455078
