1.20849609
1.20971679
1.20971679
1.20971679
1.21020507
1.20922851
1.21081542
1.20935058
1.20959472
1.21008300
1.20751953
1.20959472
1.21008300
1.20849609
1.20959472
1.21008300
1.20837402
1.20947265
1.20886230
1.20507812
1.20959472
1.20727539
1.20959472
1.21081542
1.20861816
1.20947265
1.20617675
1.19958496
1.20458984
1.20092773
1.19946289
1.19860839
1.18115234
1.17968750
1.18249511
1.17968750
1.18469238
1.18139648
1.18054199
1.18322753
1.18115234
1.18225097
1.18212890
1.18139648
1.17883300
1.18237304
1.18151855
1.18334960
1.18225097
1.18347167
1.18615722
1.18359375
1.18103027
1.18225097
1.18725585
1.18469238
1.18652343
1.18212890
1.18225097
1.18237304
1.18164062
1.18286132
1.18347167
1.18115234
1.18212890
1.18347167
1.18334960
1.18237304
1.18103027
1.18310546
1.18103027
1.18212890
1.18176269
1.18225097
1.18090820
1.18347167
1.18176269
1.18090820
1.18237304
1.18701171
1.18212890
1.18371582
1.18090820
1.18347167
1.18225097
1.18334960
1.18164062
1.18212890
1.18334960
1.18225097
1.18103027
1.18872070
1.18212890
1.18103027
1.18103027
1.18212890
1.18286132
1.18347167
1.18176269
1.18212890
1.18103027
1.18334960
1.18212890
1.18090820
1.18347167
1.18103027
1.18103027
1.18188476
1.18090820
1.18334960
1.18176269
1.18469238
1.18090820
1.18347167
1.18103027
1.18334960
1.18225097
1.18090820
1.18225097
1.16210937
1.16381835
1.16455078
1.16442871
1.16955566
1.16235351
1.16455078
1.16479492
1.16369628
1.16333007
1.16210937
1.16442871
1.16406250
1.16210937
1.16198730
1.16235351
1.16833496
1.16455078
1.16333007
1.16223144
1.16345214
1.16564941
1.16455078
1.16345214
1.16345214
1.16333007
1.16442871
1.16455078
1.16333007
1.16442871
1.16088867
1.16455078
1.16320800
1.16455078
1.16345214
1.16345214
1.16198730
1.16284179
1.16320800
1.16235351
1.16333007
1.16381835
1.16455078
1.16210937
1.16210937
1.16296386
1.16503906
1.16137695
1.16369628
1.16174316
1.16455078
1.16625976
1.16333007
1.16406250
1.16357421
1.16455078
1.16284179
1.16589355
1.16101074
1.16479492
1.16467285
1.16857910
1.16711425
1.16833496
1.16955566
1.16333007
1.16833496
1.16345214
1.16870117
1.16076660
1.16711425
1.16955566
1.16955566
1.16955566
1.16711425
1.16223144
1.16784667
1.16455078
1.16833496
1.16333007
1.16833496
