1.20983886
1.20996093
1.21008300
1.20971679
1.21032714
1.20959472
1.20849609
1.20825195
1.20898437
1.20837402
1.20849609
1.21081542
1.20849609
1.20971679
1.20959472
1.20837402
1.21069335
1.20837402
1.19116210
1.19091796
1.19091796
1.19116210
1.19201660
1.18859863
1.19067382
1.19079589
1.18225097
1.18212890
1.18835449
1.18420410
1.18603515
1.18310546
1.18200683
1.18103027
1.18176269
1.18237304
1.18713378
1.18212890
1.18212890
1.18078613
1.18090820
1.18310546
1.18212890
1.18334960
1.18090820
1.18225097
1.18212890
1.18212890
1.18334960
1.18286132
1.18029785
1.18212890
1.18066406
1.18334960
1.18530273
1.18090820
1.18115234
1.18713378
1.18847656
1.18652343
1.18212890
1.17968750
1.18078613
1.16955566
1.16210937
1.16333007
1.16418457
1.16455078
1.16333007
1.17456054
1.16455078
1.16918945
1.16955566
1.16650390
1.16345214
1.16357421
1.16833496
1.16699218
1.16833496
1.16210937
1.16760253
1.16333007
1.16955566
1.16931152
1.16809082
1.16333007
1.16955566
1.16198730
1.16711425
1.16210937
1.16723632
1.16333007
1.16955566
1.16442871
1.16198730
1.16455078
1.16308593
1.16699218
1.16931152
1.17150878
1.16210937
1.17077636
1.16833496
1.17102050
1.16210937
1.16369628
1.16955566
1.16967773
1.16918945
1.17102050
1.16406250
1.16870117
1.17004394
1.16845703
1.16333007
1.16357421
1.16955566
1.16711425
1.16918945
1.16711425
1.16296386
1.16467285
1.16333007
1.16711425
1.16955566
1.16088867
1.16760253
1.16345214
1.16955566
1.16223144
1.16955566
1.16210937
1.16857910
1.16198730
1.16223144
1.16381835
1.16455078
1.17004394
1.16711425
1.16699218
1.16345214
1.16955566
1.16333007
1.16210937
1.16894531
1.16455078
1.16442871
1.16406250
1.16210937
1.16345214
1.16088867
1.16833496
1.16955566
1.16772460
1.16333007
1.16711425
1.16174316
1.16455078
1.16406250
1.16955566
1.16711425
1.16821289
1.16735839
1.16455078
1.16711425
1.16455078
1.16845703
1.16210937
1.16955566
1.16833496
1.16430664
1.16943359
1.16333007
1.16699218
1.17016601
1.16455078
1.16943359
1.16857910
1.16699218
1.16943359
1.16955566
1.16491699
1.16088867
1.16711425
1.16955566
1.16833496
1.16235351
1.16357421
1.16333007
1.16455078
1.16455078
1.16345214
1.16455078
1.16589355
1.16271972
1.16455078
1.16723632
1.16833496
1.16723632
1.16955566
