1.20861816
1.20727539
1.21081542
1.20849609
1.21069335
1.20959472
1.20959472
1.21081542
1.21093750
1.20959472
1.21057128
1.21032714
1.20886230
1.20983886
1.20983886
1.20947265
1.20971679
1.20959472
1.20849609
1.21069335
1.20959472
1.21118164
1.20849609
1.20959472
1.20959472
1.20593261
1.20678710
1.20080566
1.19958496
1.20458984
1.20227050
1.20214843
1.18078613
1.17956542
1.18225097
1.18566894
1.18237304
1.18188476
1.18176269
1.18029785
1.18298339
1.18212890
1.18212890
1.18237304
1.18090820
1.18286132
1.18176269
1.18334960
1.18273925
1.18225097
1.18615722
1.18090820
1.19213867
1.18603515
1.18615722
1.18505859
1.18090820
1.18493652
1.18212890
1.18713378
1.18713378
1.18713378
1.18090820
1.18725585
1.18835449
1.18847656
1.18103027
1.18713378
1.18334960
1.18725585
1.19116210
1.18835449
1.18591308
1.18713378
1.18127441
1.18786621
1.18212890
1.18542480
1.18725585
1.18725585
1.18212890
1.18688964
1.18774414
1.18481445
1.18615722
1.18103027
1.18725585
1.18591308
1.18225097
1.18298339
1.18713378
1.18750000
1.18212890
1.18176269
1.18847656
1.18615722
1.18103027
1.18090820
1.18725585
1.18164062
1.18835449
1.18713378
1.18054199
1.18188476
1.18200683
1.18090820
1.18627929
1.18713378
1.18469238
1.18823242
1.18090820
1.18847656
1.18676757
1.19213867
1.18334960
1.18200683
1.18115234
1.18664550
1.18591308
1.18090820
1.18090820
1.18200683
1.18188476
1.18713378
1.18225097
1.18347167
1.18762207
1.18786621
1.18212890
1.18701171
1.18835449
1.18908691
1.18798828
1.18469238
1.18762207
1.19213867
1.18969726
1.18225097
1.18078613
1.18603515
1.18383789
1.18225097
1.18591308
1.18212890
1.18798828
1.18688964
1.18603515
1.18676757
1.18713378
1.18725585
1.18847656
1.18078613
1.18151855
1.18090820
1.18212890
1.18591308
1.18615722
1.18151855
1.18212890
1.18212890
1.18225097
1.18957519
1.18676757
1.18090820
1.18225097
1.18835449
1.18151855
1.18225097
1.18225097
1.18469238
1.18798828
1.18200683
1.18200683
1.18823242
1.18347167
1.18713378
1.18603515
1.18493652
1.18566894
1.18164062
1.19140625
1.18103027
1.17700195
1.18225097
1.18591308
1.18469238
1.18835449
1.18615722
1.18713378
1.18725585
1.18835449
1.18835449
1.18212890
1.18334960
1.18835449
1.18847656
1.18579101
1.18835449
1.18090820
1.18835449
