1.12878417
1.12878417
1.12829589
1.12866210
1.13244628
1.13220214
1.12866210
1.12854003
1.12829589
1.12866210
1.12829589
1.13244628
1.12768554
1.12829589
1.12841796
1.12805175
1.12780761
1.12792968
1.12792968
1.12805175
1.12805175
1.12805175
1.13208007
1.12866210
1.12768554
1.12768554
1.12841796
1.12719726
1.12768554
1.12719726
1.12744140
1.12829589
1.13256835
1.13208007
1.12780761
1.13269042
1.13354492
1.12792968
1.13354492
1.13354492
1.13366699
1.13232421
1.12866210
1.13476562
1.12902832
1.13244628
1.13476562
1.13000488
1.13427734
1.12731933
1.12927246
1.13000488
1.13671875
1.13146972
1.13256835
1.13745117
1.13085937
1.13281250
1.13464355
1.13854980
1.13635253
1.13537597
1.13378906
1.13488769
1.13317871
1.13354492
1.13391113
1.13354492
1.13342285
1.13330078
1.13317871
1.13500976
1.13439941
1.13232421
1.13342285
1.13183593
1.13354492
1.13183593
1.13293457
1.13208007
1.13378906
1.13366699
1.13281250
1.13281250
1.13330078
1.13281250
1.13391113
1.13623046
1.13427734
1.12805175
1.13208007
1.13354492
1.13378906
1.13366699
1.11865234
1.11914062
1.11376953
1.11425781
1.11938476
1.11962890
1.11877441
1.11462402
1.11950683
1.11962890
1.11975097
1.11938476
1.11914062
1.11462402
1.11425781
1.11901855
1.11840820
1.11474609
1.11499023
1.11535644
1.11608886
1.11511230
1.12084960
1.11950683
1.11950683
1.11718750
1.11901855
1.11865234
1.11767578
1.11804199
1.12951660
1.13342285
1.13134765
1.13232421
1.13146972
1.12792968
1.12963867
1.12719726
1.12854003
1.12719726
1.13305664
1.13269042
1.13269042
1.12622070
1.13696289
1.13208007
1.12768554
1.12707519
1.12817382
1.11303710
1.12805175
1.12915039
1.13269042
1.13220214
1.11767578
1.11853027
1.11816406
1.11547851
1.12048339
1.11547851
1.11425781
1.11450195
1.11413574
1.11413574
1.11413574
1.11401367
1.11779785
1.11523437
1.11499023
1.11499023
1.11511230
1.11413574
1.11560058
1.11853027
1.11987304
1.12109375
1.11767578
1.13513183
1.12707519
1.13391113
1.13269042
1.12915039
1.13745117
1.12939453
1.12536621
1.13513183
1.13244628
1.13061523
1.12768554
1.12426757
1.12475585
1.12841796
1.12988281
1.13500976
1.12634277
1.13000488
1.11120605
1.11572265
1.13012695
1.13061523
1.12841796
1.13232421
1.12939453
1.13378906
1.11608886
1.11865234
