1.12866210
1.12792968
1.12854003
1.12744140
1.12780761
1.12854003
1.12878417
1.12731933
1.12854003
1.12780761
1.12878417
1.12768554
1.12841796
1.12829589
1.12841796
1.12854003
1.12768554
1.12805175
1.12744140
1.12756347
1.12829589
1.13317871
1.12854003
1.12780761
1.13305664
1.12756347
1.13244628
1.12829589
1.12805175
1.12756347
1.12902832
1.12939453
1.13049316
1.13476562
1.13024902
1.13098144
1.13330078
1.13720703
1.13757324
1.12988281
1.13818359
1.13891601
1.13549804
1.13281250
1.13269042
1.13183593
1.13232421
1.13098144
1.13635253
1.13244628
1.13183593
1.13696289
1.12902832
1.13574218
1.13256835
1.13610839
1.13427734
1.13439941
1.13342285
1.13146972
1.13366699
1.13122558
1.13208007
1.12854003
1.13403320
1.13269042
1.13244628
1.13110351
1.13342285
1.13195800
1.13244628
1.13647460
1.13256835
1.13305664
1.12878417
1.13024902
1.12756347
1.12890625
1.13256835
1.12878417
1.13146972
1.12878417
1.13415527
1.12792968
1.12890625
1.12731933
1.13354492
1.13293457
1.13293457
1.12817382
1.13293457
1.12902832
1.13012695
1.12805175
1.12988281
1.13403320
1.13293457
1.13549804
1.12573242
1.13574218
1.13110351
1.13488769
1.13549804
1.13195800
1.13354492
1.13537597
1.13452148
1.12915039
1.12487792
1.13220214
1.13623046
1.12805175
1.12878417
1.13403320
1.13256835
1.13293457
1.13378906
1.12829589
1.13305664
1.13330078
1.13403320
1.11962890
1.11999511
1.11938476
1.11889648
1.11376953
1.11975097
1.11511230
1.11059570
1.11462402
1.11950683
1.11987304
1.11462402
1.11462402
1.11450195
1.11462402
1.11437988
1.11462402
1.11950683
1.11413574
1.12072753
1.11938476
1.11425781
1.11523437
1.11669921
1.12109375
1.11425781
1.11962890
1.11352539
1.11572265
1.11425781
1.11572265
1.11596679
1.11621093
1.11596679
1.11560058
1.11474609
1.11364746
1.11450195
1.11669921
1.11389160
1.11425781
1.11242675
1.12072753
1.11608886
1.11413574
1.11071777
1.11376953
1.11560058
1.11572265
1.11608886
1.11608886
1.11682128
1.11425781
1.11389160
1.11401367
1.11938476
1.11853027
1.11560058
1.11560058
1.11572265
1.11547851
1.11547851
1.11547851
1.11547851
1.11535644
1.11706542
1.11462402
1.11560058
1.11706542
1.11767578
1.11120605
1.11547851
1.11596679
1.11499023
1.10693359
1.10644531
1.11279296
1.10510253
1.11706542
