1.12805175
1.12866210
1.12744140
1.12805175
1.13244628
1.12854003
1.12768554
1.12744140
1.12780761
1.12731933
1.12731933
1.12731933
1.12756347
1.12829589
1.12817382
1.13317871
1.12780761
1.12829589
1.12756347
1.12719726
1.12829589
1.12744140
1.12707519
1.12805175
1.12744140
1.13244628
1.12744140
1.12768554
1.12866210
1.12780761
1.13049316
1.12976074
1.13171386
1.13110351
1.13000488
1.13146972
1.13586425
1.12988281
1.13610839
1.13549804
1.13476562
1.13659667
1.13134765
1.13708496
1.13317871
1.13110351
1.13220214
1.13940429
1.13610839
1.13928222
1.13171386
1.13256835
1.13183593
1.13403320
1.13269042
1.13342285
1.13244628
1.13269042
1.13208007
1.13342285
1.13293457
1.13183593
1.13244628
1.13244628
1.13281250
1.13208007
1.13586425
1.13232421
1.13317871
1.13134765
1.13317871
1.13208007
1.13256835
1.13476562
1.13146972
1.13269042
1.13085937
1.13269042
1.13183593
1.13244628
1.13098144
1.13146972
1.13293457
1.13208007
1.12817382
1.13623046
1.13256835
1.13195800
1.13269042
1.13208007
1.13317871
1.12927246
1.13037109
1.13427734
1.13208007
1.13842773
1.13500976
1.13232421
1.13244628
1.13146972
1.13293457
1.13378906
1.13098144
1.13403320
1.13073730
1.12194824
1.13317871
1.13220214
1.13342285
1.13354492
1.13452148
1.13598632
1.13208007
1.13195800
1.13354492
1.13208007
1.13391113
1.13378906
1.13220214
1.12805175
1.12866210
1.13281250
1.13305664
1.12854003
1.13256835
1.13293457
1.13269042
1.13220214
1.13220214
1.13293457
1.13183593
1.13354492
1.13378906
1.13244628
1.13330078
1.13256835
1.13415527
1.13427734
1.13403320
1.13330078
1.13342285
1.13439941
1.12609863
1.13366699
1.13330078
1.13354492
1.13293457
1.12902832
1.13146972
1.13427734
1.13464355
1.13220214
1.12829589
1.13464355
1.12744140
1.13342285
1.12731933
1.12512207
1.13403320
1.13391113
1.12951660
1.13000488
1.12780761
1.13488769
1.13391113
1.13439941
1.13232421
1.13427734
1.13098144
1.13342285
1.13549804
1.13269042
1.12951660
1.13464355
1.13061523
1.13427734
1.13293457
1.13415527
1.12695312
1.12939453
1.13549804
1.13269042
1.13525390
1.12719726
1.13525390
1.13403320
1.13574218
1.13024902
1.12939453
1.12438964
1.13391113
1.12890625
1.12780761
1.13366699
1.13830566
1.12829589
1.12890625
1.12902832
1.12390136
1.12976074
