1.12878417
1.12878417
1.12792968
1.12866210
1.13269042
1.12817382
1.13342285
1.12829589
1.12817382
1.12829589
1.12768554
1.12817382
1.13293457
1.12841796
1.12817382
1.13330078
1.12817382
1.12817382
1.13256835
1.12829589
1.12829589
1.12866210
1.12829589
1.12854003
1.12817382
1.12817382
1.12841796
1.12805175
1.12841796
1.13244628
1.13269042
1.12854003
1.13281250
1.13244628
1.13476562
1.13037109
1.13635253
1.13256835
1.13330078
1.13256835
1.13513183
1.13220214
1.12988281
1.13000488
1.13134765
1.13195800
1.13708496
1.13049316
1.12597656
1.12951660
1.13134765
1.13732910
1.13452148
1.13073730
1.13488769
1.13049316
1.13195800
1.13037109
1.13122558
1.13513183
1.13562011
1.13244628
1.13024902
1.13403320
1.13159179
1.13244628
1.13342285
1.12902832
1.13159179
1.12841796
1.12329101
1.13232421
1.13793945
1.13110351
1.13037109
1.13317871
1.12890625
1.13159179
1.13208007
1.13134765
1.13134765
1.13732910
1.13073730
1.13146972
1.13354492
1.13073730
1.13220214
1.13146972
1.13183593
1.12756347
1.13549804
1.13208007
1.13403320
1.13427734
1.13171386
1.13256835
1.13269042
1.13659667
1.13146972
1.13208007
1.13208007
1.13110351
1.13195800
1.13659667
1.13098144
1.13708496
1.13073730
1.13183593
1.13098144
1.13415527
1.13159179
1.13085937
1.13171386
1.13464355
1.13525390
1.13146972
1.13537597
1.13122558
1.13037109
1.13146972
1.13244628
1.13281250
1.13647460
1.13159179
1.13183593
1.13134765
1.13183593
1.13110351
1.13256835
1.13806152
1.13439941
1.13122558
1.13073730
1.13146972
1.13146972
1.13146972
1.13122558
1.13427734
1.13330078
1.13073730
1.13085937
1.13293457
1.13244628
1.13085937
1.13195800
1.13293457
1.13720703
1.13208007
1.13146972
1.13110351
1.13208007
1.13085937
1.13159179
1.13208007
1.13256835
1.13146972
1.13720703
1.13269042
1.13085937
1.13220214
1.13208007
1.13134765
1.13195800
1.13671875
1.13659667
1.13195800
1.13208007
1.13623046
1.13720703
1.13183593
1.13195800
1.13122558
1.13085937
1.13171386
1.13256835
1.13073730
1.13671875
1.13256835
1.13098144
1.13232421
1.13269042
1.13110351
1.13208007
1.13098144
1.13500976
1.13281250
1.13537597
1.13208007
1.13244628
1.13281250
1.13085937
1.13232421
1.13562011
1.13098144
1.13232421
1.13256835
1.13293457
1.13195800
1.13171386
1.12988281
