1.12768554
1.12780761
1.12780761
1.12744140
1.12768554
1.12829589
1.12756347
1.12719726
1.12792968
1.12780761
1.12805175
1.12805175
1.12829589
1.12817382
1.12695312
1.12817382
1.12780761
1.12707519
1.12744140
1.12756347
1.12805175
1.12805175
1.12829589
1.12792968
1.12817382
1.12817382
1.12792968
1.12805175
1.12817382
1.12792968
1.12829589
1.12780761
1.12805175
1.12817382
1.12805175
1.12768554
1.12878417
1.12841796
1.12866210
1.12768554
1.12841796
1.12756347
1.12878417
1.12854003
1.12768554
1.12951660
1.13354492
1.12951660
1.12817382
1.13183593
1.13134765
1.13183593
1.13171386
1.13317871
1.13110351
1.13293457
1.13037109
1.13305664
1.13342285
1.13098144
1.13146972
1.13049316
1.13171386
1.13085937
1.13623046
1.12683105
1.12780761
1.12658691
1.12902832
1.12585449
1.13232421
1.11401367
1.11389160
1.11425781
1.11352539
1.11437988
1.11437988
1.11413574
1.11389160
1.15332031
1.15368652
1.10949707
1.10949707
1.11425781
1.11425781
1.11376953
1.10937500
1.10925292
1.11682128
1.15527343
1.15405273
1.11682128
1.10888671
1.11132812
1.11157226
1.11499023
1.11108398
1.11401367
1.11096191
1.11169433
1.11035156
1.11682128
1.11572265
1.11157226
1.11169433
1.11169433
1.11120605
1.11022949
1.11645507
1.11022949
1.11083984
1.10876464
1.11218261
1.12792968
1.12524414
1.11584472
1.14941406
1.11193847
1.10791015
1.11560058
1.15063476
1.11340332
1.11694335
1.10571289
1.14904785
1.11254882
1.11120605
1.10913085
1.11193847
1.10888671
1.11694335
1.10839843
1.11083984
1.11242675
1.10974121
1.11657714
1.10913085
1.11120605
1.11083984
1.11047363
1.11157226
1.11157226
1.11047363
1.11169433
1.11157226
1.11169433
1.10632324
1.10998535
1.11145019
1.11132812
1.11157226
1.11157226
1.10913085
1.11132812
1.11108398
1.10827636
1.11157226
1.10852050
1.11181640
1.11718750
1.10852050
1.11193847
1.11047363
1.10998535
1.11621093
1.11596679
1.11193847
1.11010742
1.10913085
1.11621093
1.11389160
1.11132812
1.11193847
1.10974121
1.11132812
1.11120605
1.10961914
1.11169433
1.11083984
1.11071777
1.11181640
1.10815429
1.11157226
1.10900878
1.11193847
1.11181640
1.11450195
1.10693359
1.11206054
1.11193847
1.11157226
1.11914062
1.11743164
1.11938476
1.11157226
1.11401367
1.11669921
1.11108398
1.11181640
1.15051269
