1.12768554
1.12744140
1.12744140
1.12780761
1.12658691
1.12707519
1.12792968
1.12817382
1.12744140
1.12744140
1.12792968
1.12817382
1.12707519
1.12817382
1.12768554
1.12792968
1.12744140
1.12780761
1.12780761
1.12817382
1.12731933
1.12707519
1.12829589
1.12817382
1.12817382
1.12744140
1.12805175
1.12780761
1.12780761
1.12817382
1.12768554
1.12829589
1.12731933
1.12768554
1.12829589
1.12854003
1.12817382
1.12866210
1.12768554
1.12805175
1.12683105
1.12719726
1.12756347
1.12805175
1.12817382
1.12854003
1.12854003
1.12854003
1.12780761
1.12817382
1.12829589
1.12841796
1.12829589
1.12744140
1.12829589
1.12756347
1.12731933
1.12805175
1.12866210
1.12890625
1.12841796
1.12792968
1.12756347
1.12939453
1.12927246
1.13671875
1.13024902
1.13159179
1.13342285
1.13342285
1.13000488
1.13281250
1.13220214
1.13232421
1.13342285
1.13195800
1.13232421
1.13647460
1.13378906
1.13330078
1.13317871
1.13342285
1.13098144
1.13146972
1.13195800
1.13256835
1.13122558
1.12805175
1.12731933
1.12780761
1.13159179
1.12731933
1.12792968
1.13220214
1.12805175
1.12817382
1.12646484
1.13000488
1.12695312
1.13195800
1.13330078
1.12731933
1.12768554
1.13171386
1.13293457
1.12731933
1.12792968
1.13220214
1.13635253
1.13037109
1.12731933
1.12792968
1.12292480
1.12353515
1.11328125
1.11401367
1.11401367
1.11437988
1.11389160
1.10925292
1.11376953
1.10986328
1.11401367
1.11413574
1.11437988
1.11132812
1.11645507
1.11560058
1.11120605
1.10632324
1.11413574
1.11657714
1.10754394
1.10546875
1.11669921
1.11694335
1.11218261
1.11291503
1.11181640
1.11047363
1.11157226
1.11157226
1.11694335
1.11560058
1.11596679
1.11254882
1.11645507
1.11389160
1.11694335
1.10522460
1.11718750
1.10900878
1.11047363
1.11059570
1.15112304
1.11547851
1.11657714
1.10827636
1.11218261
1.10864257
1.11755371
1.10827636
1.11718750
1.11022949
1.11169433
1.11047363
1.11047363
1.10449218
1.10620117
1.10864257
1.11083984
1.11413574
1.10681152
1.11669921
1.11706542
1.11157226
1.11999511
1.11706542
1.11254882
1.10925292
1.10668945
1.10986328
1.11657714
1.11071777
1.11608886
1.11657714
1.11193847
1.11145019
1.10900878
1.11584472
1.11633300
1.11682128
1.10852050
1.11584472
1.10632324
1.10766601
1.10717773
1.10864257
1.10717773
1.10681152
