1.12731933
1.12731933
1.12792968
1.12817382
1.12805175
1.12817382
1.12707519
1.12731933
1.12817382
1.12695312
1.12780761
1.12805175
1.12792968
1.12768554
1.12805175
1.12707519
1.12768554
1.12805175
1.12829589
1.12817382
1.12805175
1.12780761
1.12792968
1.12780761
1.12829589
1.12829589
1.12768554
1.12805175
1.12829589
1.12805175
1.12817382
1.12805175
1.12817382
1.12805175
1.12780761
1.12817382
1.12805175
1.12878417
1.12854003
1.13110351
1.13073730
1.13049316
1.12976074
1.13415527
1.12768554
1.12915039
1.13330078
1.13452148
1.13403320
1.12780761
1.12939453
1.12158203
1.12841796
1.13195800
1.12780761
1.12744140
1.12829589
1.13293457
1.13293457
1.12768554
1.12744140
1.12866210
1.12768554
1.13098144
1.12768554
1.13073730
1.12976074
1.12963867
1.13049316
1.12231445
1.13513183
1.11999511
1.13586425
1.12524414
1.12719726
1.12536621
1.11877441
1.12402343
1.12561035
1.12268066
1.12353515
1.13208007
1.11437988
1.10852050
1.12683105
1.12072753
1.11450195
1.11657714
1.11547851
1.11633300
1.10607910
1.11730957
1.10583496
1.11120605
1.10693359
1.11462402
1.11633300
1.11389160
1.11145019
1.11633300
1.15588378
1.11242675
1.11645507
1.11206054
1.11425781
1.11071777
1.11694335
1.11572265
1.11694335
1.11340332
1.11694335
1.11169433
1.11230468
1.11132812
1.11193847
1.11608886
1.11022949
1.11694335
1.11547851
1.10705566
1.11523437
1.11596679
1.11389160
1.11242675
1.11083984
1.11474609
1.11706542
1.11694335
1.11608886
1.11950683
1.11560058
1.11169433
1.11425781
1.11535644
1.11657714
1.11657714
1.11193847
1.10986328
1.11633300
1.11706542
1.11645507
1.11120605
1.11376953
1.11230468
1.11096191
1.11096191
1.11389160
1.11560058
1.11779785
1.11584472
1.11450195
1.11193847
1.10986328
1.11083984
1.11059570
1.11596679
1.11059570
1.10852050
1.11645507
1.11022949
1.11633300
1.11645507
1.11694335
1.11523437
1.11694335
1.11279296
1.11694335
1.11230468
1.11401367
1.11669921
1.11633300
1.11718750
1.11706542
1.11230468
1.11035156
1.10986328
1.11669921
1.10571289
1.11608886
1.11547851
1.11022949
1.11083984
1.11242675
1.10986328
1.11657714
1.11486816
1.11694335
1.11389160
1.11254882
1.11230468
1.11193847
1.11145019
1.11523437
1.11645507
1.11083984
1.11218261
1.11193847
1.11071777
1.11279296
1.11523437
