1.12768554
1.12707519
1.12817382
1.12817382
1.12817382
1.12792968
1.12817382
1.12805175
1.12817382
1.12817382
1.12805175
1.12744140
1.12768554
1.12744140
1.12854003
1.12670898
1.12792968
1.12817382
1.12695312
1.12829589
1.12731933
1.12878417
1.12756347
1.12792968
1.12719726
1.12829589
1.12744140
1.12683105
1.12829589
1.12805175
1.12707519
1.12854003
1.12695312
1.12792968
1.12756347
1.12878417
1.12878417
1.13305664
1.12707519
1.12817382
1.12841796
1.12841796
1.12756347
1.12817382
1.12768554
1.12841796
1.12768554
1.12841796
1.12756347
1.12756347
1.12768554
1.12768554
1.12768554
1.12756347
1.12756347
1.12768554
1.12768554
1.12878417
1.12744140
1.12768554
1.12780761
1.12756347
1.12768554
1.12768554
1.12768554
1.12768554
1.12841796
1.12768554
1.12768554
1.12756347
1.12768554
1.12854003
1.12841796
1.12866210
1.12878417
1.12768554
1.12744140
1.12768554
1.12780761
1.12805175
1.12805175
1.12805175
1.12805175
1.12792968
1.12805175
1.12841796
1.12756347
1.12841796
1.12878417
1.12756347
1.12866210
1.12866210
1.12829589
1.12768554
1.12854003
1.12866210
1.12768554
1.12768554
1.12854003
1.12841796
1.12841796
1.12878417
1.12866210
1.12780761
1.12768554
1.12829589
1.12805175
1.12817382
1.12829589
1.12683105
1.12939453
1.13073730
1.13232421
1.13037109
1.13232421
1.13049316
1.13256835
1.13171386
1.12963867
1.13073730
1.13244628
1.13159179
1.13195800
1.13183593
1.13208007
1.13134765
1.13134765
1.13195800
1.12915039
1.13134765
1.13098144
1.12927246
1.13146972
1.13098144
1.12915039
1.13098144
1.13098144
1.12963867
1.13110351
1.13061523
1.12976074
1.13110351
1.13134765
1.13122558
1.13208007
1.13232421
1.13073730
1.13220214
1.13171386
1.13061523
1.13073730
1.13159179
1.13049316
1.13110351
1.13159179
1.13183593
1.13024902
1.13110351
1.13122558
1.13073730
1.13110351
1.13049316
1.13134765
1.13208007
1.13171386
1.13134765
1.13220214
1.13244628
1.13269042
1.13195800
1.13171386
1.12817382
1.12792968
1.12756347
1.12915039
1.12707519
1.12841796
1.12915039
1.12731933
1.12841796
1.12658691
1.12792968
1.13342285
1.12829589
1.13354492
1.12841796
1.12585449
1.13012695
1.12329101
1.12438964
1.13244628
1.12890625
1.12341308
1.12390136
1.12341308
1.11437988
1.11437988
1.11376953
1.11437988
1.11425781
