1.12756347
1.12792968
1.12756347
1.12792968
1.12768554
1.12707519
1.12719726
1.12817382
1.12719726
1.12817382
1.12805175
1.12768554
1.12756347
1.12670898
1.12780761
1.12792968
1.12805175
1.12768554
1.12792968
1.12768554
1.13256835
1.12805175
1.12829589
1.12805175
1.12829589
1.12780761
1.12756347
1.12792968
1.12805175
1.12792968
1.12805175
1.12817382
1.12829589
1.12792968
1.12817382
1.12719726
1.12878417
1.12731933
1.12719726
1.12731933
1.12854003
1.12817382
1.12829589
1.12878417
1.12841796
1.12731933
1.12854003
1.12878417
1.13037109
1.13012695
1.13098144
1.13061523
1.13122558
1.13183593
1.12988281
1.13159179
1.13342285
1.13073730
1.12878417
1.13073730
1.13623046
1.13537597
1.12939453
1.13562011
1.13232421
1.12890625
1.12158203
1.12792968
1.12768554
1.13232421
1.13305664
1.12756347
1.12817382
1.12634277
1.13317871
1.13208007
1.12414550
1.12817382
1.13366699
1.13317871
1.12304687
1.11584472
1.10791015
1.11425781
1.11376953
1.11437988
1.11413574
1.11413574
1.11486816
1.11462402
1.11230468
1.10949707
1.11401367
1.11462402
1.11462402
1.11450195
1.11389160
1.10888671
1.11413574
1.11767578
1.11376953
1.11743164
1.11206054
1.10632324
1.10632324
1.11389160
1.11608886
1.11352539
1.11633300
1.10632324
1.11633300
1.11743164
1.11950683
1.11706542
1.11694335
1.11120605
1.11437988
1.10925292
1.11657714
1.10864257
1.11621093
1.11499023
1.10742187
1.10412597
1.11071777
1.10498046
1.10791015
1.11621093
1.11608886
1.11206054
1.11169433
1.11743164
1.11389160
1.10949707
1.11145019
1.10937500
1.11682128
1.10864257
1.10729980
1.10900878
1.11645507
1.11572265
1.11145019
1.11572265
1.15051269
1.14819335
1.10656738
1.11218261
1.11645507
1.11682128
1.11169433
1.11022949
1.11108398
1.11132812
1.11169433
1.11193847
1.11462402
1.11035156
1.10961914
1.11755371
1.10864257
1.11279296
1.11059570
1.10949707
1.11242675
1.10717773
1.11083984
1.11596679
1.11047363
1.11169433
1.11169433
1.11657714
1.11645507
1.10729980
1.11083984
1.11108398
1.10986328
1.11193847
1.11157226
1.11254882
1.10876464
1.11096191
1.10754394
1.11694335
1.11193847
1.10681152
1.11645507
1.11523437
1.10656738
1.10729980
1.11608886
1.10729980
1.10498046
1.10534667
1.11682128
1.11572265
1.11645507
1.10974121
1.15075683
1.10974121
