1.12780761
1.12780761
1.12817382
1.12768554
1.12744140
1.12817382
1.12756347
1.12768554
1.12707519
1.12731933
1.12695312
1.12768554
1.12805175
1.12756347
1.12744140
1.12817382
1.12768554
1.12768554
1.12817382
1.12756347
1.12707519
1.12768554
1.12780761
1.12695312
1.12756347
1.12731933
1.12805175
1.12817382
1.12817382
1.12805175
1.12817382
1.12756347
1.12719726
1.12829589
1.12780761
1.12817382
1.12792968
1.12792968
1.12780761
1.12805175
1.12707519
1.12817382
1.12792968
1.12805175
1.12695312
1.13024902
1.12988281
1.13012695
1.13073730
1.13195800
1.13110351
1.13134765
1.13281250
1.12854003
1.12341308
1.12792968
1.13269042
1.12365722
1.12854003
1.12744140
1.12768554
1.11376953
1.11437988
1.11425781
1.10961914
1.11145019
1.11328125
1.10876464
1.10913085
1.10913085
1.11425781
1.10937500
1.10937500
1.10913085
1.10974121
1.10986328
1.10900878
1.11132812
1.11047363
1.11657714
1.11071777
1.11657714
1.11669921
1.10900878
1.11120605
1.11645507
1.11035156
1.11633300
1.11535644
1.10754394
1.10595703
1.10961914
1.11145019
1.10656738
1.10620117
1.10974121
1.10559082
1.11108398
1.11181640
1.10620117
1.11157226
1.11633300
1.11645507
1.10913085
1.11743164
1.11584472
1.10961914
1.11059570
1.11608886
1.11169433
1.10705566
1.11657714
1.10595703
1.10620117
1.11645507
1.11096191
1.14880371
1.10864257
1.11108398
1.11401367
1.10656738
1.11145019
1.11669921
1.11743164
1.11560058
1.11181640
1.11132812
1.10998535
1.11145019
1.10888671
1.11694335
1.11169433
1.10974121
1.11230468
1.10693359
1.10717773
1.11206054
1.10864257
1.11010742
1.11157226
1.11230468
1.11132812
1.11181640
1.11132812
1.11181640
1.10888671
1.10693359
1.10583496
1.10900878
1.11645507
1.15173339
1.11047363
1.11608886
1.11218261
1.10937500
1.11132812
1.11132812
1.11376953
1.11682128
1.11621093
1.11242675
1.11193847
1.11035156
1.10620117
1.11193847
1.11657714
1.11657714
1.11682128
1.10876464
1.10961914
1.10595703
1.10900878
1.10705566
1.11059570
1.11755371
1.10986328
1.10668945
1.10607910
1.10949707
1.11218261
1.11230468
1.11193847
1.11206054
1.10656738
1.10864257
1.11193847
1.11218261
1.11193847
1.11108398
1.11474609
1.11193847
1.10937500
1.11230468
1.11035156
1.11730957
1.10876464
1.10571289
1.11560058
1.11669921
1.10717773
