1.12670898
1.12756347
1.12829589
1.12744140
1.12817382
1.12780761
1.12817382
1.12756347
1.12744140
1.12817382
1.12829589
1.12707519
1.12744140
1.12792968
1.12817382
1.12707519
1.12829589
1.12817382
1.12719726
1.12817382
1.12805175
1.12780761
1.12805175
1.12817382
1.12817382
1.12768554
1.12780761
1.12817382
1.12780761
1.12768554
1.12829589
1.12707519
1.12817382
1.12780761
1.12817382
1.12805175
1.12768554
1.12817382
1.12707519
1.12780761
1.13024902
1.12927246
1.13073730
1.13049316
1.13110351
1.13403320
1.13305664
1.13122558
1.13049316
1.16113281
1.16137695
1.12524414
1.12854003
1.13500976
1.12329101
1.12988281
1.12902832
1.12792968
1.12963867
1.12695312
1.12988281
1.12915039
1.12963867
1.12988281
1.12963867
1.12451171
1.12622070
1.12976074
1.12707519
1.13000488
1.13146972
1.12585449
1.12707519
1.12634277
1.12097167
1.12573242
1.12536621
1.12780761
1.12561035
1.12524414
1.12548828
1.12158203
1.12182617
1.13342285
1.12805175
1.12084960
1.13122558
1.12707519
1.11901855
1.12268066
1.12561035
1.12573242
1.14978027
1.12634277
1.14990234
1.10791015
1.15612792
1.11145019
1.10888671
1.11096191
1.11596679
1.11193847
1.11083984
1.10998535
1.10717773
1.11145019
1.11621093
1.11169433
1.11071777
1.10644531
1.11340332
1.11193847
1.11035156
1.11608886
1.11389160
1.10742187
1.11376953
1.11242675
1.10656738
1.10717773
1.10998535
1.11169433
1.11669921
1.11096191
1.11120605
1.10644531
1.11682128
1.11669921
1.10937500
1.10876464
1.10754394
1.10827636
1.11193847
1.11181640
1.11206054
1.11157226
1.11022949
1.11242675
1.10900878
1.11169433
1.11254882
1.11193847
1.11376953
1.11193847
1.11706542
1.11706542
1.11218261
1.11022949
1.11694335
1.10998535
1.11206054
1.11096191
1.11193847
1.11230468
1.11181640
1.11608886
1.11132812
1.11230468
1.10900878
1.11572265
1.11633300
1.10668945
1.10925292
1.11669921
1.11035156
1.11206054
1.10827636
1.11145019
1.11047363
1.10742187
1.10986328
1.11096191
1.11657714
1.10864257
1.10681152
1.10424804
1.11083984
1.11169433
1.11193847
1.11718750
1.11035156
1.11169433
1.10961914
1.11169433
1.11132812
1.11547851
1.11059570
1.10791015
1.11132812
1.11499023
1.11193847
1.11572265
1.11743164
1.11157226
1.10961914
1.11193847
1.11401367
1.11633300
1.11499023
1.11193847
