1.12768554
1.12756347
1.12817382
1.12780761
1.12744140
1.12731933
1.12792968
1.12817382
1.12780761
1.12731933
1.12744140
1.12744140
1.12817382
1.12817382
1.12756347
1.12731933
1.12719726
1.12744140
1.12805175
1.12792968
1.13317871
1.12768554
1.12756347
1.12792968
1.12731933
1.12817382
1.12805175
1.12780761
1.12817382
1.12817382
1.12829589
1.12817382
1.12829589
1.12829589
1.12817382
1.12817382
1.12817382
1.12707519
1.12780761
1.12878417
1.13049316
1.13061523
1.13110351
1.13171386
1.13574218
1.13415527
1.13000488
1.13574218
1.13684082
1.12451171
1.12707519
1.13439941
1.13110351
1.12707519
1.12902832
1.12255859
1.12426757
1.11328125
1.11401367
1.10937500
1.11376953
1.11425781
1.11364746
1.11462402
1.11389160
1.15356445
1.11401367
1.10864257
1.11462402
1.11462402
1.11413574
1.10876464
1.10876464
1.15307617
1.11193847
1.10876464
1.10949707
1.10949707
1.10961914
1.10900878
1.11413574
1.11437988
1.10900878
1.11437988
1.11425781
1.11450195
1.11474609
1.11450195
1.11425781
1.11462402
1.11474609
1.11437988
1.11450195
1.10937500
1.11474609
1.11450195
1.11425781
1.11499023
1.10961914
1.10998535
1.11437988
1.11437988
1.11706542
1.10900878
1.10632324
1.11242675
1.11523437
1.11743164
1.11645507
1.11621093
1.11376953
1.11694335
1.11059570
1.11230468
1.10705566
1.11755371
1.11022949
1.11157226
1.11328125
1.10693359
1.11596679
1.11657714
1.11035156
1.11682128
1.10852050
1.11242675
1.10583496
1.11279296
1.11425781
1.11572265
1.11083984
1.11730957
1.11523437
1.11682128
1.11633300
1.11511230
1.11169433
1.11047363
1.11669921
1.11499023
1.10717773
1.10839843
1.10705566
1.10949707
1.10351562
1.11169433
1.11743164
1.11108398
1.11645507
1.11108398
1.11682128
1.10449218
1.10632324
1.10717773
1.10607910
1.11694335
1.10742187
1.11596679
1.11071777
1.11169433
1.10852050
1.11145019
1.11413574
1.11669921
1.11157226
1.11254882
1.11193847
1.11511230
1.11657714
1.11450195
1.11694335
1.10925292
1.11193847
1.11206054
1.11694335
1.11621093
1.11145019
1.11694335
1.11108398
1.11669921
1.11437988
1.11633300
1.11267089
1.11193847
1.11096191
1.11096191
1.11157226
1.10986328
1.11193847
1.11645507
1.10693359
1.11145019
1.11730957
1.11047363
1.11120605
1.11120605
1.11596679
1.10583496
1.14477539
1.11669921
