1.12683105
1.12768554
1.12829589
1.12756347
1.12768554
1.12744140
1.12780761
1.12756347
1.12768554
1.12792968
1.12780761
1.12817382
1.12817382
1.12817382
1.12792968
1.12792968
1.12744140
1.12817382
1.12731933
1.12744140
1.12805175
1.12792968
1.12817382
1.12829589
1.12817382
1.12792968
1.12817382
1.12817382
1.12817382
1.12731933
1.12805175
1.12805175
1.12829589
1.12817382
1.12817382
1.12805175
1.12817382
1.12768554
1.12878417
1.12878417
1.12927246
1.13256835
1.13281250
1.12768554
1.12939453
1.12756347
1.12939453
1.12622070
1.13305664
1.13061523
1.12756347
1.12841796
1.12756347
1.13305664
1.13269042
1.12353515
1.12622070
1.13061523
1.12060546
1.11999511
1.13024902
1.13598632
1.13366699
1.12060546
1.12988281
1.12902832
1.12573242
1.12902832
1.12597656
1.12744140
1.12414550
1.13574218
1.13549804
1.11413574
1.12707519
1.12780761
1.12658691
1.12170410
1.11938476
1.11865234
1.11474609
1.11401367
1.11425781
1.11328125
1.11462402
1.11425781
1.11462402
1.11486816
1.10974121
1.11206054
1.11437988
1.11425781
1.11474609
1.10974121
1.11511230
1.10864257
1.11181640
1.11523437
1.11633300
1.11206054
1.11511230
1.11608886
1.11450195
1.11669921
1.11621093
1.11145019
1.10986328
1.11584472
1.11523437
1.11718750
1.11413574
1.11743164
1.11608886
1.11035156
1.10729980
1.11035156
1.11083984
1.11669921
1.11157226
1.11450195
1.11621093
1.11376953
1.11669921
1.11169433
1.11718750
1.11218261
1.11499023
1.11254882
1.10693359
1.11437988
1.11755371
1.11279296
1.10705566
1.10681152
1.13061523
1.11694335
1.12817382
1.11694335
1.11682128
1.11706542
1.11694335
1.11596679
1.11718750
1.11535644
1.11706542
1.13342285
1.11743164
1.11730957
1.11730957
1.11608886
1.11413574
1.10693359
1.11645507
1.11572265
1.11560058
1.11694335
1.11657714
1.11499023
1.11132812
1.11450195
1.11193847
1.11193847
1.11718750
1.11633300
1.11267089
1.11401367
1.11694335
1.11022949
1.10742187
1.11621093
1.11181640
1.11145019
1.11694335
1.11657714
1.11206054
1.11669921
1.11914062
1.11450195
1.11132812
1.11389160
1.11267089
1.11193847
1.11657714
1.11352539
1.11645507
1.11633300
1.10729980
1.11157226
1.11523437
1.11193847
1.11425781
1.10424804
1.10925292
1.11669921
1.10656738
1.11047363
1.11193847
1.10974121
1.10705566
1.11682128
