1.26574707
1.27294921
1.26977539
1.27539062
1.25146484
1.27197265
1.27453613
1.26171875
1.25671386
1.27319335
1.25756835
1.26245117
1.26672363
1.26135253
1.26562500
1.26123046
1.27697753
1.26452636
1.26684570
1.26159667
1.28259277
1.25708007
1.26538085
1.26501464
1.26721191
1.26538085
1.27453613
1.26574707
1.26208496
1.25646972
1.26599121
1.26562500
1.27429199
1.26025390
1.27319335
1.26306152
1.26794433
1.26110839
1.25708007
1.26306152
1.26489257
1.26245117
1.27441406
1.27563476
1.27685546
1.26245117
1.26672363
1.26110839
1.27490234
1.26196289
1.27661132
1.27319335
1.25708007
1.26232910
1.27441406
1.26086425
1.27441406
1.26110839
1.26550292
1.26684570
1.27514648
1.26672363
1.25952148
1.27404785
1.27331542
1.27563476
1.26196289
1.27636718
1.26647949
1.26635742
1.27795410
1.27551269
1.27441406
1.27624511
1.26953125
1.26123046
1.26782226
1.27673339
1.26257324
1.26672363
1.27685546
1.26623535
1.26208496
1.26623535
1.26123046
1.26257324
1.26489257
1.27172851
1.25903320
1.26306152
1.27685546
1.27307128
1.26354980
1.26599121
1.26245117
1.26562500
1.26232910
1.25842285
1.26037597
1.26574707
1.25952148
1.26562500
1.26318359
1.25988769
1.27209472
1.27685546
1.27673339
1.25573730
1.25695800
1.26232910
1.27575683
1.26171875
1.27319335
1.26245117
1.27624511
1.27368164
1.27783203
1.27319335
1.26489257
1.26721191
1.27441406
1.26489257
1.26196289
1.26440429
1.25708007
1.26623535
1.24768066
1.27282714
1.26843261
1.27563476
1.27624511
1.27685546
1.27441406
1.27563476
1.27441406
1.27685546
1.27563476
1.27368164
1.26525878
1.27062988
1.26977539
1.25646972
1.27380371
1.27185058
1.27209472
1.27294921
1.26818847
1.27111816
1.26989746
1.27111816
1.26562500
1.27465820
1.26025390
1.27209472
1.26171875
1.27563476
1.27331542
1.27209472
1.27355957
1.27441406
1.26074218
1.27734375
1.27331542
1.26623535
1.27429199
1.26660156
1.27600097
1.27441406
1.27673339
1.26916503
1.26647949
1.27612304
1.25830078
1.27563476
1.26110839
1.27319335
1.26110839
1.27526855
1.27172851
1.27673339
1.26647949
1.26550292
1.27075195
1.27221679
1.27490234
1.27319335
1.27331542
1.27661132
1.26440429
1.27807617
1.27075195
1.26843261
1.25659179
1.27014160
1.26110839
1.25708007
1.26208496
1.26074218
1.25842285
1.28369140
