1.25878906
1.25866699
1.26013183
1.27551269
1.25537109
1.25952148
1.27416992
1.25866699
1.27246093
1.27685546
1.27209472
1.26318359
1.28063964
1.27478027
1.26416015
1.27441406
1.25915527
1.26818847
1.26550292
1.25634765
1.26916503
1.25988769
1.25756835
1.26660156
1.26232910
1.27600097
1.25988769
1.27685546
1.25085449
1.26318359
1.26330566
1.27441406
1.26794433
1.27587890
1.26708984
1.26110839
1.26794433
1.26135253
1.26245117
1.26281738
1.26892089
1.27685546
1.27478027
1.25903320
1.27600097
1.26757812
1.26562500
1.26538085
1.26013183
1.26708984
1.26232910
1.27355957
1.26245117
1.26208496
1.25952148
1.27441406
1.27441406
1.27624511
1.27624511
1.27514648
1.27502441
1.26196289
1.27697753
1.26208496
1.26611328
1.26843261
1.26257324
1.26025390
1.27697753
1.26452636
1.27563476
1.26623535
1.26538085
1.26159667
1.27612304
1.26354980
1.26318359
1.26135253
1.27697753
1.25598144
1.27697753
1.26123046
1.26428222
1.27502441
1.26245117
1.26623535
1.26245117
1.25720214
1.26733398
1.26574707
1.27697753
1.27441406
1.27246093
1.26391601
1.26452636
1.27441406
1.26245117
1.27368164
1.26159667
1.26745605
1.25512695
1.27197265
1.26354980
1.27294921
1.27661132
1.27233886
1.27331542
1.27185058
1.25939941
1.26562500
1.25903320
1.26452636
1.26574707
1.27526855
1.26013183
1.27502441
1.26611328
1.26257324
1.27612304
1.26391601
1.27453613
1.26721191
1.26123046
1.26452636
1.27307128
1.26135253
1.27551269
1.26232910
1.27575683
1.27758789
1.27661132
1.26843261
1.25842285
1.26000976
1.26782226
1.27502441
1.27307128
1.26208496
1.27441406
1.27331542
1.25854492
1.27441406
1.27819824
1.27453613
1.27709960
1.27563476
1.27648925
1.27563476
1.27673339
1.27319335
1.27539062
1.27209472
1.27563476
1.27551269
1.26672363
1.26306152
1.26672363
1.26586914
1.27453613
1.27062988
1.27197265
1.27685546
1.27331542
1.27685546
1.26123046
1.27453613
1.26623535
1.27441406
1.26379394
1.27587890
1.26110839
1.26220703
1.26684570
1.26550292
1.26806640
1.26684570
1.27575683
1.26196289
1.27172851
1.26037597
1.27685546
1.26721191
1.27612304
1.27307128
1.27185058
1.26550292
1.26562500
1.27478027
1.26794433
1.26684570
1.26794433
1.26318359
1.26208496
1.27673339
1.26245117
1.27539062
1.25842285
1.27490234
1.26000976
1.27465820
