1.25805664
1.25671386
1.27343750
1.27258300
1.26196289
1.27160644
1.26220703
1.27661132
1.26354980
1.26306152
1.26110839
1.26049804
1.26672363
1.26477050
1.27429199
1.26049804
1.25988769
1.27551269
1.25866699
1.26000976
1.26318359
1.26599121
1.27490234
1.27673339
1.25915527
1.25903320
1.25915527
1.26000976
1.27453613
1.26013183
1.27563476
1.26550292
1.26367187
1.26428222
1.26525878
1.26672363
1.26440429
1.27893066
1.26184082
1.26733398
1.26232910
1.26928710
1.25427246
1.26721191
1.27709960
1.25817871
1.27636718
1.25695800
1.27258300
1.26647949
1.27441406
1.25610351
1.27185058
1.27246093
1.26245117
1.26562500
1.27490234
1.25927734
1.27697753
1.25720214
1.25817871
1.27441406
1.26110839
1.26318359
1.26550292
1.28247070
1.26831054
1.27026367
1.25866699
1.26843261
1.25830078
1.26855468
1.25891113
1.27539062
1.26123046
1.27453613
1.26281738
1.26416015
1.26098632
1.26440429
1.27563476
1.26696777
1.25830078
1.27539062
1.27441406
1.27661132
1.27453613
1.27172851
1.27697753
1.26525878
1.26354980
1.27490234
1.26110839
1.26403808
1.26232910
1.27429199
1.26354980
1.27575683
1.25585937
1.26843261
1.26672363
1.26123046
1.27478027
1.26550292
1.27319335
1.25634765
1.26684570
1.27514648
1.28027343
1.27441406
1.27526855
1.27563476
1.26684570
1.27465820
1.27575683
1.27404785
1.27575683
1.25878906
1.25769042
1.25720214
1.26489257
1.26416015
1.25915527
1.27575683
1.25805664
1.26428222
1.27465820
1.27392578
1.26123046
1.26330566
1.27441406
1.26599121
1.27319335
1.27136230
1.27563476
1.27685546
1.25964355
1.26562500
1.27539062
1.26831054
1.26416015
1.26684570
1.25585937
1.27246093
1.27758789
1.26013183
1.26721191
1.26623535
1.27319335
1.27319335
1.27795410
1.27563476
1.26452636
1.27441406
1.27563476
1.27441406
1.26672363
1.25988769
1.26672363
1.27416992
1.26684570
1.27368164
1.26440429
1.27575683
1.26684570
1.26538085
1.26440429
1.26416015
1.26574707
1.26684570
1.26098632
1.27563476
1.27368164
1.26672363
1.27575683
1.27392578
1.27575683
1.26000976
1.26574707
1.26928710
1.27099609
1.25476074
1.25329589
1.25402832
1.26721191
1.26501464
1.25390625
1.25280761
1.26245117
1.27648925
1.26000976
1.27441406
1.26367187
1.27331542
1.25988769
1.25964355
1.25805664
1.26110839
1.26672363
1.25988769
