1.27246093
1.26293945
1.26562500
1.26147460
1.27807617
1.25744628
1.27441406
1.26708984
1.27319335
1.26879882
1.27453613
1.26562500
1.25830078
1.25769042
1.25708007
1.27246093
1.26354980
1.25842285
1.26245117
1.26293945
1.25207519
1.27062988
1.26232910
1.27722167
1.26684570
1.25756835
1.26000976
1.27551269
1.25878906
1.26562500
1.25830078
1.27612304
1.27331542
1.27416992
1.26318359
1.27441406
1.27416992
1.27209472
1.26025390
1.27416992
1.26562500
1.26367187
1.26123046
1.26379394
1.26245117
1.26562500
1.26318359
1.26281738
1.27490234
1.27502441
1.27441406
1.27844238
1.27380371
1.26831054
1.27209472
1.26501464
1.26281738
1.25512695
1.27416992
1.26513671
1.25610351
1.26684570
1.26599121
1.27551269
1.26428222
1.26647949
1.26733398
1.25842285
1.27453613
1.26257324
1.25891113
1.26245117
1.27807617
1.26135253
1.27551269
1.26110839
1.27685546
1.27685546
1.27563476
1.26782226
1.27392578
1.26123046
1.27282714
1.26953125
1.26684570
1.26562500
1.26281738
1.26086425
1.25720214
1.27185058
1.26440429
1.27563476
1.26354980
1.26538085
1.26123046
1.27319335
1.26428222
1.27502441
1.26562500
1.26660156
1.27319335
1.25598144
1.27685546
1.26684570
1.27490234
1.26586914
1.27465820
1.26306152
1.26379394
1.26318359
1.26110839
1.27124023
1.27465820
1.27319335
1.27441406
1.25915527
1.27343750
1.27526855
1.26184082
1.27197265
1.26965332
1.27075195
1.25817871
1.26293945
1.26562500
1.26354980
1.27136230
1.26550292
1.27441406
1.27319335
1.27502441
1.25976562
1.26025390
1.26123046
1.27368164
1.27453613
1.26525878
1.26684570
1.26574707
1.27539062
1.27441406
1.25756835
1.26647949
1.26708984
1.26599121
1.27587890
1.26049804
1.27282714
1.26110839
1.25939941
1.27258300
1.26025390
1.26379394
1.25756835
1.26513671
1.25988769
1.26440429
1.26135253
1.26562500
1.26684570
1.26538085
1.27502441
1.26123046
1.26892089
1.26232910
1.26281738
1.25756835
1.26562500
1.25598144
1.27453613
1.27575683
1.26574707
1.27697753
1.26086425
1.27478027
1.26672363
1.26684570
1.26696777
1.26208496
1.26745605
1.26684570
1.26611328
1.26220703
1.26550292
1.27087402
1.26660156
1.26416015
1.26770019
1.26892089
1.25756835
1.27172851
1.25744628
1.25659179
1.27441406
1.27563476
1.26562500
1.27465820
1.26696777
1.26708984
1.27551269
