1.25988769
1.25756835
1.26062011
1.25622558
1.25720214
1.25732421
1.25610351
1.25817871
1.25610351
1.27502441
1.26745605
1.26647949
1.26025390
1.27197265
1.25842285
1.27148437
1.26855468
1.27685546
1.26953125
1.26074218
1.26757812
1.26208496
1.26110839
1.26086425
1.26098632
1.26513671
1.26074218
1.26684570
1.26867675
1.25598144
1.27270507
1.26806640
1.25988769
1.26281738
1.26818847
1.27185058
1.28588867
1.26965332
1.27380371
1.25720214
1.25964355
1.26110839
1.27465820
1.27575683
1.27661132
1.27575683
1.27282714
1.27673339
1.25964355
1.26684570
1.26574707
1.26562500
1.27539062
1.26940917
1.25769042
1.27526855
1.26794433
1.27673339
1.27697753
1.27209472
1.26672363
1.26672363
1.26330566
1.26611328
1.26123046
1.26330566
1.25976562
1.26635742
1.26159667
1.26574707
1.26672363
1.25878906
1.26135253
1.26489257
1.26684570
1.27514648
1.26318359
1.25366210
1.27624511
1.26855468
1.27270507
1.26745605
1.25610351
1.27087402
1.25976562
1.25366210
1.25769042
1.25366210
1.27160644
1.26318359
1.26318359
1.26196289
1.26721191
1.26574707
1.26086425
1.27612304
1.27526855
1.27307128
1.26599121
1.26538085
1.26464843
1.25878906
1.25891113
1.25878906
1.26208496
1.26000976
1.27502441
1.27478027
1.27661132
1.26965332
1.27722167
1.26562500
1.26232910
1.26684570
1.26354980
1.26196289
1.26684570
1.27429199
1.25720214
1.27563476
1.26086425
1.27673339
1.26086425
1.26916503
1.26123046
1.27539062
1.26574707
1.26574707
1.27624511
1.27758789
1.26318359
1.26647949
1.27563476
1.27807617
1.27319335
1.26000976
1.27490234
1.26110839
1.26525878
1.25927734
1.26232910
1.27404785
1.25805664
1.26684570
1.26611328
1.26965332
1.27575683
1.27209472
1.27624511
1.26330566
1.27563476
1.26611328
1.25756835
1.26672363
1.26562500
1.26062011
1.26318359
1.26599121
1.26208496
1.25830078
1.28161621
1.26562500
1.25122070
1.26684570
1.26013183
1.27441406
1.27795410
1.27319335
1.27624511
1.27661132
1.26782226
1.27416992
1.27209472
1.27563476
1.26928710
1.27050781
1.27685546
1.26684570
1.27673339
1.26049804
1.25976562
1.26123046
1.26708984
1.25866699
1.26586914
1.26135253
1.27685546
1.26110839
1.26354980
1.25610351
1.26635742
1.26452636
1.26696777
1.27636718
1.27380371
1.26684570
1.27441406
1.26953125
1.27319335
1.26354980
