1.26586914
1.26806640
1.27685546
1.25610351
1.27929687
1.25842285
1.25769042
1.25634765
1.26318359
1.27209472
1.27453613
1.27026367
1.26562500
1.27294921
1.27453613
1.25756835
1.27294921
1.27563476
1.26245117
1.27453613
1.25866699
1.25842285
1.26110839
1.26550292
1.26049804
1.26330566
1.25085449
1.25866699
1.27441406
1.26599121
1.26538085
1.26940917
1.26696777
1.26953125
1.26525878
1.27453613
1.26623535
1.26171875
1.26232910
1.26196289
1.25878906
1.26623535
1.26574707
1.26232910
1.27563476
1.26269531
1.26440429
1.27880859
1.26257324
1.27453613
1.26184082
1.27441406
1.26586914
1.25939941
1.27587890
1.27478027
1.26562500
1.26684570
1.27661132
1.27673339
1.26599121
1.25549316
1.25769042
1.26245117
1.27575683
1.26220703
1.27209472
1.25598144
1.25476074
1.25805664
1.27172851
1.25708007
1.26440429
1.26293945
1.27673339
1.27709960
1.24804687
1.27172851
1.27343750
1.27465820
1.26232910
1.26147460
1.25952148
1.25854492
1.26843261
1.26806640
1.26037597
1.27575683
1.26245117
1.27490234
1.26452636
1.27441406
1.26123046
1.26440429
1.26586914
1.26574707
1.26574707
1.26245117
1.26562500
1.25646972
1.27368164
1.27600097
1.26293945
1.27075195
1.27758789
1.27856445
1.27209472
1.25085449
1.27441406
1.27563476
1.27770996
1.27563476
1.26232910
1.27465820
1.25964355
1.26721191
1.25756835
1.27465820
1.27453613
1.27380371
1.26184082
1.27685546
1.26123046
1.27136230
1.26403808
1.27465820
1.27551269
1.27331542
1.27575683
1.27600097
1.26086425
1.27624511
1.25903320
1.27636718
1.26025390
1.27343750
1.27673339
1.25415039
1.25610351
1.26232910
1.26196289
1.26232910
1.26318359
1.26928710
1.25756835
1.25854492
1.27355957
1.25622558
1.27453613
1.25891113
1.26171875
1.27355957
1.27441406
1.27514648
1.26550292
1.26599121
1.27563476
1.26562500
1.26123046
1.26635742
1.25927734
1.27502441
1.26123046
1.27478027
1.26684570
1.26806640
1.26611328
1.26684570
1.26550292
1.26806640
1.26599121
1.26135253
1.26855468
1.27416992
1.27807617
1.26684570
1.27136230
1.26123046
1.27368164
1.26672363
1.25354003
1.27893066
1.26159667
1.26000976
1.26818847
1.26611328
1.26135253
1.27636718
1.27575683
1.26623535
1.26623535
1.26708984
1.26684570
1.26208496
1.27331542
1.27624511
1.26867675
1.26037597
1.26464843
1.25146484
