1.27099609
1.26806640
1.25622558
1.25354003
1.26757812
1.25268554
1.25402832
1.25866699
1.27197265
1.28173828
1.25708007
1.25708007
1.27490234
1.25671386
1.26123046
1.26672363
1.27453613
1.27551269
1.26586914
1.26562500
1.27441406
1.27343750
1.26245117
1.27319335
1.25988769
1.27453613
1.25756835
1.27282714
1.25891113
1.26684570
1.27563476
1.26000976
1.27661132
1.26721191
1.26611328
1.27575683
1.25756835
1.28588867
1.26428222
1.26977539
1.26940917
1.27148437
1.27453613
1.26806640
1.25720214
1.26782226
1.27539062
1.27209472
1.27331542
1.26086425
1.26623535
1.26037597
1.27453613
1.27185058
1.26257324
1.26831054
1.27453613
1.25634765
1.26562500
1.26684570
1.26965332
1.27380371
1.27502441
1.26416015
1.26013183
1.27526855
1.26123046
1.26208496
1.26733398
1.26696777
1.26135253
1.27575683
1.27380371
1.26696777
1.26684570
1.25476074
1.25854492
1.26574707
1.27368164
1.26086425
1.26550292
1.26770019
1.26110839
1.27526855
1.27246093
1.26123046
1.26611328
1.27502441
1.26574707
1.25756835
1.25964355
1.27514648
1.27673339
1.26086425
1.27465820
1.26062011
1.26013183
1.26513671
1.27685546
1.27465820
1.27685546
1.27685546
1.27661132
1.26123046
1.26623535
1.26269531
1.27575683
1.26098632
1.26562500
1.26110839
1.27526855
1.26550292
1.27685546
1.27539062
1.27563476
1.27612304
1.27453613
1.26318359
1.28344726
1.25988769
1.26403808
1.27685546
1.27490234
1.26782226
1.27612304
1.26721191
1.27441406
1.27441406
1.27441406
1.27587890
1.26623535
1.26660156
1.27465820
1.27502441
1.27490234
1.26599121
1.26293945
1.25976562
1.25671386
1.27111816
1.26025390
1.26257324
1.27246093
1.27111816
1.26269531
1.25769042
1.25061035
1.27502441
1.27539062
1.27734375
1.26013183
1.26806640
1.26171875
1.27563476
1.27685546
1.26135253
1.27612304
1.27453613
1.27697753
1.27697753
1.26794433
1.26062011
1.27416992
1.26257324
1.27819824
1.26232910
1.27441406
1.27587890
1.27563476
1.26245117
1.27465820
1.25952148
1.25634765
1.26733398
1.26721191
1.27832031
1.26208496
1.27490234
1.26489257
1.26684570
1.27490234
1.26696777
1.26379394
1.27404785
1.26025390
1.26208496
1.26708984
1.27258300
1.27453613
1.26684570
1.26611328
1.26562500
1.27685546
1.25781250
1.25671386
1.25646972
1.27441406
1.25878906
1.26696777
1.26110839
