1.25988769
1.26123046
1.26000976
1.25817871
1.27148437
1.27587890
1.27331542
1.25939941
1.27526855
1.25903320
1.26257324
1.27648925
1.26159667
1.25927734
1.26196289
1.25976562
1.26806640
1.26000976
1.26440429
1.27563476
1.26135253
1.27429199
1.26684570
1.26428222
1.27319335
1.26196289
1.26672363
1.27465820
1.27197265
1.26440429
1.26574707
1.26818847
1.27380371
1.25964355
1.27197265
1.27453613
1.27685546
1.27697753
1.26831054
1.27685546
1.27648925
1.26684570
1.25390625
1.26098632
1.25915527
1.26867675
1.25939941
1.26208496
1.26123046
1.27209472
1.26000976
1.26196289
1.27160644
1.26196289
1.26110839
1.26171875
1.25915527
1.26257324
1.25964355
1.25695800
1.26000976
1.27380371
1.25964355
1.27465820
1.26000976
1.26611328
1.25634765
1.25585937
1.26208496
1.27563476
1.26855468
1.27197265
1.27185058
1.27124023
1.26074218
1.26086425
1.26208496
1.27087402
1.27124023
1.26330566
1.26342773
1.26501464
1.27270507
1.25952148
1.27563476
1.25207519
1.26293945
1.27441406
1.27563476
1.26953125
1.26513671
1.26110839
1.27319335
1.27478027
1.25769042
1.26477050
1.27319335
1.26672363
1.26684570
1.27441406
1.26635742
1.25817871
1.27014160
1.26660156
1.26013183
1.27575683
1.25988769
1.26208496
1.26367187
1.27575683
1.26135253
1.27502441
1.26135253
1.26171875
1.27319335
1.27685546
1.26000976
1.27319335
1.27294921
1.27319335
1.27136230
1.27416992
1.26184082
1.27575683
1.26110839
1.27551269
1.26123046
1.27429199
1.26232910
1.27539062
1.26123046
1.27624511
1.26367187
1.25756835
1.26391601
1.27563476
1.26123046
1.27575683
1.26684570
1.27526855
1.26574707
1.27453613
1.26000976
1.26269531
1.26367187
1.26123046
1.26562500
1.26220703
1.25830078
1.26586914
1.26379394
1.26086425
1.26562500
1.25891113
1.25952148
1.26562500
1.27185058
1.26684570
1.25854492
1.26574707
1.25854492
1.26806640
1.25720214
1.27575683
1.26623535
1.26574707
1.26599121
1.25842285
1.26440429
1.26135253
1.26684570
1.25476074
1.26574707
1.27319335
1.26037597
1.25708007
1.26013183
1.26562500
1.26245117
1.26635742
1.26037597
1.26550292
1.25891113
1.26464843
1.26013183
1.26440429
1.26013183
1.25952148
1.26965332
1.26574707
1.26684570
1.27502441
1.26562500
1.26452636
1.27453613
1.27563476
1.27563476
1.25769042
1.26879882
1.27551269
