1.25927734
1.26025390
1.26611328
1.25939941
1.26733398
1.27453613
1.27441406
1.25476074
1.27197265
1.26599121
1.27453613
1.26684570
1.27563476
1.25732421
1.27685546
1.27319335
1.27380371
1.26123046
1.26660156
1.26196289
1.27294921
1.26013183
1.27087402
1.25402832
1.25219726
1.25085449
1.25537109
1.25805664
1.26379394
1.27185058
1.27575683
1.25268554
1.27587890
1.27441406
1.26245117
1.26708984
1.25976562
1.27197265
1.26000976
1.26635742
1.26599121
1.25488281
1.26062011
1.25927734
1.26000976
1.26745605
1.26037597
1.26232910
1.26000976
1.27697753
1.27429199
1.27233886
1.25549316
1.27551269
1.26123046
1.27770996
1.27197265
1.27490234
1.26538085
1.25695800
1.26940917
1.25988769
1.26000976
1.26672363
1.26269531
1.27600097
1.25732421
1.26647949
1.27563476
1.27441406
1.27441406
1.26623535
1.26171875
1.26721191
1.26123046
1.26257324
1.26037597
1.26135253
1.26037597
1.26025390
1.26477050
1.26208496
1.27453613
1.26806640
1.27514648
1.26135253
1.27001953
1.26208496
1.26232910
1.27514648
1.26123046
1.27661132
1.26562500
1.27014160
1.27319335
1.26220703
1.26586914
1.25866699
1.26000976
1.25866699
1.25646972
1.26489257
1.27062988
1.26110839
1.27087402
1.26354980
1.26440429
1.25598144
1.26672363
1.26721191
1.25830078
1.26672363
1.25720214
1.27258300
1.25842285
1.26538085
1.26110839
1.27575683
1.26586914
1.27563476
1.27563476
1.27416992
1.26684570
1.26477050
1.26843261
1.27563476
1.27563476
1.27258300
1.27441406
1.27282714
1.27575683
1.26684570
1.27575683
1.26452636
1.26538085
1.25842285
1.26611328
1.27209472
1.27441406
1.26696777
1.27697753
1.27575683
1.27685546
1.27319335
1.26025390
1.26684570
1.25915527
1.27685546
1.26147460
1.26696777
1.26452636
1.25769042
1.26562500
1.27465820
1.27600097
1.27331542
1.27441406
1.26110839
1.27209472
1.27124023
1.26208496
1.25720214
1.27233886
1.27319335
1.25756835
1.27197265
1.25671386
1.27612304
1.26110839
1.26562500
1.27990722
1.26501464
1.27709960
1.26318359
1.25988769
1.26672363
1.25988769
1.27502441
1.25976562
1.26489257
1.26684570
1.26452636
1.27331542
1.26599121
1.25634765
1.26110839
1.27685546
1.26220703
1.27343750
1.26281738
1.27624511
1.26354980
1.27441406
1.26000976
1.27685546
1.27539062
1.27673339
1.27490234
1.27441406
1.27209472
