1.26806640
1.26440429
1.27307128
1.26513671
1.25817871
1.25585937
1.26489257
1.26086425
1.26000976
1.27136230
1.26184082
1.25488281
1.27441406
1.26000976
1.27062988
1.25988769
1.27551269
1.25976562
1.27441406
1.26184082
1.27697753
1.27563476
1.26037597
1.26440429
1.27563476
1.27465820
1.27673339
1.27319335
1.26586914
1.26318359
1.27404785
1.26062011
1.26367187
1.25732421
1.26660156
1.26660156
1.26306152
1.27380371
1.27416992
1.27697753
1.26135253
1.26684570
1.25952148
1.27697753
1.25598144
1.27453613
1.26586914
1.26696777
1.25952148
1.26843261
1.26147460
1.26318359
1.27465820
1.27685546
1.26696777
1.27551269
1.26696777
1.27575683
1.26232910
1.26562500
1.26098632
1.26684570
1.26696777
1.27453613
1.26562500
1.25988769
1.27539062
1.26611328
1.27575683
1.27563476
1.27404785
1.26770019
1.27709960
1.26611328
1.27368164
1.26025390
1.26562500
1.26196289
1.27575683
1.25732421
1.26391601
1.25720214
1.25720214
1.26818847
1.26623535
1.27563476
1.26562500
1.26306152
1.26501464
1.26440429
1.25744628
1.25634765
1.25695800
1.26464843
1.27441406
1.25793457
1.27087402
1.25634765
1.27148437
1.25646972
1.27172851
1.25512695
1.26171875
1.25988769
1.25756835
1.27026367
1.27612304
1.27539062
1.26098632
1.26586914
1.25988769
1.27441406
1.27563476
1.27246093
1.27563476
1.26037597
1.27490234
1.26000976
1.27526855
1.26867675
1.26037597
1.27563476
1.26013183
1.26562500
1.26123046
1.27563476
1.27209472
1.25585937
1.27404785
1.26196289
1.27563476
1.27478027
1.27563476
1.27172851
1.26562500
1.27685546
1.27209472
1.26574707
1.27563476
1.26098632
1.27416992
1.26440429
1.26586914
1.27441406
1.26123046
1.27685546
1.26684570
1.27441406
1.26782226
1.27563476
1.26135253
1.27197265
1.25756835
1.27563476
1.26245117
1.26562500
1.26074218
1.26550292
1.26098632
1.26342773
1.26269531
1.26110839
1.27697753
1.26000976
1.26110839
1.25964355
1.27319335
1.26354980
1.27612304
1.26684570
1.27478027
1.27673339
1.26123046
1.26672363
1.27209472
1.26440429
1.26037597
1.26562500
1.26098632
1.25976562
1.26562500
1.26000976
1.27832031
1.27453613
1.26684570
1.27404785
1.26110839
1.26086425
1.25866699
1.25939941
1.26599121
1.26232910
1.27563476
1.25646972
1.26550292
1.26525878
1.27978515
1.27563476
1.27441406
1.26245117
