1.25305175
1.26232910
1.26245117
1.25256347
1.26354980
1.25915527
1.26159667
1.26623535
1.26745605
1.26513671
1.26025390
1.26000976
1.25756835
1.25268554
1.26245117
1.25524902
1.25866699
1.25390625
1.26306152
1.25500488
1.25366210
1.25622558
1.25671386
1.26257324
1.25439453
1.25671386
1.25500488
1.26123046
1.25390625
1.26269531
1.25500488
1.25671386
1.26831054
1.26245117
1.25073242
1.26391601
1.26123046
1.26269531
1.26293945
1.25634765
1.26171875
1.25500488
1.26037597
1.26391601
1.25390625
1.25439453
1.26269531
1.25048828
1.26000976
1.26123046
1.26391601
1.26379394
1.26074218
1.25622558
1.26257324
1.26623535
1.26501464
1.25415039
1.25390625
1.25866699
1.25341796
1.26513671
1.25500488
1.26428222
1.25622558
1.26745605
1.26538085
1.25280761
1.25427246
1.26611328
1.25878906
1.26672363
1.26171875
1.25341796
1.25512695
1.26635742
1.25415039
1.25988769
1.26159667
1.26538085
1.25305175
1.25744628
1.26269531
1.25500488
1.25744628
1.26269531
1.25378417
1.26428222
1.26379394
1.26367187
1.25659179
1.25720214
1.26269531
1.25976562
1.25268554
1.26379394
1.25866699
1.26428222
1.26330566
1.26550292
1.26513671
1.26428222
1.26599121
1.25366210
1.26489257
1.25744628
1.26135253
1.25708007
1.26159667
1.25134277
1.25280761
1.25622558
1.26623535
1.25622558
1.25939941
1.25280761
1.25500488
1.26379394
1.25891113
1.25402832
1.26000976
1.26745605
1.25439453
1.26159667
1.26391601
1.26635742
1.26660156
1.26513671
1.25280761
1.26025390
1.26721191
1.26318359
1.25512695
1.26391601
1.26635742
1.25305175
1.25976562
1.25488281
1.25366210
1.25256347
1.25500488
1.25244140
1.26147460
1.25207519
1.25378417
1.25256347
1.25280761
1.26257324
1.25500488
1.25366210
1.25488281
1.25146484
1.25988769
1.25366210
1.25927734
1.25500488
1.25256347
1.25280761
1.25500488
1.25549316
1.25659179
1.25781250
1.25793457
1.25366210
1.25378417
1.25524902
1.25598144
1.25781250
1.25671386
1.26513671
1.26513671
1.25354003
1.26171875
1.26171875
1.26269531
1.26269531
1.25756835
1.26147460
1.25268554
1.26013183
1.26391601
1.25500488
1.25317382
1.25488281
1.25268554
1.25244140
1.25415039
1.25268554
1.25268554
1.25183105
1.25634765
1.25524902
1.25415039
1.25512695
1.25256347
1.25268554
1.25134277
1.25500488
1.25390625
1.25158691
