1.25329589
1.25500488
1.25866699
1.26123046
1.25830078
1.26245117
1.26049804
1.26159667
1.26391601
1.26745605
1.26635742
1.25500488
1.26293945
1.26391601
1.26123046
1.26501464
1.25207519
1.26098632
1.26269531
1.25500488
1.26184082
1.25488281
1.25744628
1.26367187
1.26599121
1.26403808
1.25219726
1.25378417
1.25390625
1.25390625
1.25390625
1.25390625
1.25354003
1.26184082
1.25756835
1.25512695
1.25378417
1.26000976
1.25988769
1.25390625
1.26220703
1.25268554
1.26354980
1.25390625
1.25280761
1.25402832
1.26293945
1.25476074
1.26428222
1.25512695
1.25354003
1.25366210
1.25354003
1.25500488
1.26281738
1.25500488
1.25488281
1.25292968
1.26306152
1.25488281
1.25476074
1.25500488
1.25390625
1.26379394
1.25622558
1.25354003
1.25781250
1.25622558
1.25610351
1.25268554
1.25500488
1.25988769
1.25378417
1.25292968
1.25744628
1.25378417
1.26513671
1.25769042
1.25390625
1.25317382
1.26013183
1.26306152
1.26269531
1.25109863
1.25146484
1.25146484
1.25024414
1.25927734
1.25878906
1.25793457
1.25524902
1.25292968
1.26147460
1.25744628
1.25512695
1.25292968
1.25500488
1.25708007
1.25415039
1.25402832
1.25500488
1.25500488
1.25500488
1.25622558
1.26318359
1.26000976
1.25878906
1.25793457
1.25878906
1.25878906
1.25793457
1.26513671
1.25512695
1.26379394
1.26867675
1.26000976
1.25537109
1.25549316
1.25756835
1.26745605
1.26269531
1.26391601
1.25354003
1.25292968
1.25427246
1.25878906
1.25415039
1.25537109
1.26782226
1.26745605
1.26379394
1.26867675
1.25500488
1.26293945
1.26635742
1.25732421
1.25646972
1.25500488
1.25622558
1.25585937
1.26501464
1.26269531
1.26379394
1.25610351
1.25744628
1.26477050
1.26489257
1.25793457
1.25390625
1.26745605
1.26745605
1.26184082
1.25634765
1.25500488
1.25354003
1.25537109
1.26428222
1.25292968
1.25646972
1.26391601
1.26501464
1.25317382
1.25915527
1.26550292
1.26379394
1.26354980
1.26293945
1.26391601
1.26354980
1.26269531
1.25988769
1.26269531
1.26269531
1.25512695
1.25146484
1.26391601
1.25842285
1.26391601
1.25158691
1.26513671
1.26379394
1.26269531
1.26269531
1.25488281
1.25805664
1.26269531
1.26257324
1.26416015
1.25256347
1.25964355
1.26501464
1.26269531
1.25976562
1.25146484
1.26330566
1.26428222
1.26245117
1.25390625
1.26269531
1.25268554
