1.25878906
1.26000976
1.26245117
1.25476074
1.25378417
1.25451660
1.25622558
1.25244140
1.25610351
1.25512695
1.25390625
1.25769042
1.25390625
1.25915527
1.25488281
1.25500488
1.25317382
1.25537109
1.26000976
1.26245117
1.25512695
1.25805664
1.26672363
1.26684570
1.26525878
1.25146484
1.26623535
1.26281738
1.26477050
1.25903320
1.26000976
1.25366210
1.25744628
1.25622558
1.26000976
1.25756835
1.25402832
1.25488281
1.25781250
1.26269531
1.26269531
1.25439453
1.25659179
1.25964355
1.26831054
1.26794433
1.26110839
1.26245117
1.26354980
1.25512695
1.25756835
1.26635742
1.26379394
1.26391601
1.26745605
1.26245117
1.26367187
1.25341796
1.25341796
1.26733398
1.25134277
1.26269531
1.25415039
1.25769042
1.25854492
1.25158691
1.25427246
1.25781250
1.26428222
1.25427246
1.25744628
1.25341796
1.25402832
1.26623535
1.26306152
1.26538085
1.26000976
1.26635742
1.25622558
1.25500488
1.25622558
1.25280761
1.26245117
1.25622558
1.26367187
1.25390625
1.26293945
1.25488281
1.25390625
1.26501464
1.25500488
1.25500488
1.25500488
1.25585937
1.26623535
1.25500488
1.25170898
1.26391601
1.26745605
1.25549316
1.25769042
1.26330566
1.26391601
1.25756835
1.25891113
1.26782226
1.26171875
1.26513671
1.26696777
1.25524902
1.25634765
1.25488281
1.26269531
1.26391601
1.25390625
1.25402832
1.25012207
1.25512695
1.25280761
1.25732421
1.26000976
1.25524902
1.25341796
1.25354003
1.25646972
1.26135253
1.25842285
1.26257324
1.25744628
1.25268554
1.26635742
1.26232910
1.25573730
1.26257324
1.25415039
1.26501464
1.26708984
1.25634765
1.26513671
1.26428222
1.25512695
1.25939941
1.25915527
1.26062011
1.26013183
1.25781250
1.26538085
1.26391601
1.25268554
1.26293945
1.25488281
1.26379394
1.26147460
1.26257324
1.26501464
1.25634765
1.25292968
1.25866699
1.25512695
1.25488281
1.25793457
1.26025390
1.26159667
1.25427246
1.25500488
1.25769042
1.25280761
1.26391601
1.26000976
1.26428222
1.26269531
1.26257324
1.26196289
1.25500488
1.25415039
1.26416015
1.25622558
1.25622558
1.25622558
1.25500488
1.25390625
1.25146484
1.25878906
1.25341796
1.25427246
1.25500488
1.25354003
1.25244140
1.25231933
1.25378417
1.25439453
1.25390625
1.25317382
1.25512695
1.25488281
1.25317382
1.25292968
1.25463867
1.25390625
1.25463867
