1.26110839
1.25378417
1.25866699
1.25500488
1.25488281
1.26000976
1.26000976
1.25781250
1.26245117
1.25463867
1.25036621
1.26000976
1.25988769
1.25903320
1.26440429
1.26208496
1.25891113
1.26281738
1.25744628
1.25939941
1.26245117
1.26062011
1.26525878
1.25500488
1.25610351
1.26123046
1.26025390
1.25939941
1.26123046
1.25256347
1.26293945
1.26501464
1.25952148
1.25476074
1.25598144
1.25512695
1.25878906
1.26379394
1.25439453
1.26513671
1.25500488
1.25524902
1.26245117
1.25378417
1.25415039
1.26245117
1.25964355
1.25134277
1.26135253
1.26013183
1.25598144
1.25036621
1.26367187
1.25903320
1.26123046
1.25952148
1.25622558
1.26708984
1.25903320
1.26867675
1.26733398
1.25402832
1.26000976
1.25646972
1.25671386
1.25390625
1.25903320
1.25878906
1.25598144
1.26306152
1.26391601
1.25659179
1.25170898
1.25476074
1.25622558
1.25683593
1.26501464
1.26379394
1.25732421
1.25573730
1.25915527
1.26184082
1.26025390
1.26452636
1.25500488
1.25622558
1.26049804
1.26269531
1.26110839
1.26379394
1.26123046
1.25488281
1.26794433
1.25378417
1.25256347
1.25378417
1.26379394
1.25622558
1.26110839
1.25488281
1.25231933
1.25903320
1.26354980
1.26354980
1.25292968
1.25891113
1.25268554
1.26135253
1.26660156
1.25537109
1.26257324
1.26745605
1.26855468
1.26770019
1.26745605
1.25317382
1.26855468
1.25634765
1.25964355
1.25170898
1.25427246
1.26391601
1.26635742
1.25793457
1.26721191
1.25634765
1.25903320
1.25695800
1.26379394
1.26391601
1.25744628
1.26501464
1.25878906
1.25903320
1.26513671
1.25170898
1.26293945
1.25268554
1.26049804
1.25256347
1.26257324
1.25512695
1.26501464
1.25512695
1.25622558
1.26293945
1.25256347
1.26330566
1.25634765
1.25390625
1.26269531
1.26391601
1.25756835
1.26391601
1.25488281
1.26123046
1.25451660
1.26110839
1.25280761
1.25305175
1.26171875
1.26232910
1.25378417
1.25402832
1.25512695
1.25610351
1.25341796
1.25268554
1.25305175
1.25268554
1.25415039
1.25280761
1.25500488
1.25390625
1.25329589
1.25500488
1.25195312
1.25292968
1.25378417
1.25390625
1.25512695
1.25512695
1.25390625
1.25561523
1.25256347
1.25500488
1.25268554
1.25390625
1.25268554
1.25500488
1.25500488
1.25402832
1.25488281
1.25439453
1.25146484
1.25451660
1.25366210
1.25500488
1.25415039
1.25268554
