1.25415039
1.26147460
1.26000976
1.26000976
1.25793457
1.25476074
1.25610351
1.25402832
1.26403808
1.25488281
1.26000976
1.26245117
1.25488281
1.25378417
1.26257324
1.25061035
1.26269531
1.25537109
1.25891113
1.26647949
1.26062011
1.25915527
1.25952148
1.25500488
1.26354980
1.25561523
1.25891113
1.26257324
1.25866699
1.26110839
1.26159667
1.26025390
1.25256347
1.25500488
1.26440429
1.25537109
1.25732421
1.26147460
1.26367187
1.26123046
1.26269531
1.26147460
1.25830078
1.25903320
1.25622558
1.26257324
1.25378417
1.26513671
1.25891113
1.26354980
1.25439453
1.26416015
1.25805664
1.26281738
1.25646972
1.25744628
1.25390625
1.26257324
1.25292968
1.26696777
1.26599121
1.25573730
1.25512695
1.26867675
1.26281738
1.25390625
1.26123046
1.26135253
1.25488281
1.26818847
1.25134277
1.25256347
1.25061035
1.25915527
1.25378417
1.25537109
1.25537109
1.25451660
1.25878906
1.25268554
1.25622558
1.25488281
1.25854492
1.25268554
1.25866699
1.25402832
1.25646972
1.25427246
1.25744628
1.25378417
1.25488281
1.25488281
1.25354003
1.25329589
1.25329589
1.25366210
1.25378417
1.25219726
1.25378417
1.25207519
1.25390625
1.25451660
1.25781250
1.25988769
1.25622558
1.25866699
1.25378417
1.25378417
1.25378417
1.25378417
1.25512695
1.25488281
1.25292968
1.26000976
1.25891113
1.26232910
1.25732421
1.26489257
1.25256347
1.26354980
1.26208496
1.26354980
1.25622558
1.26306152
1.25817871
1.25976562
1.26354980
1.25988769
1.26367187
1.25488281
1.26245117
1.25842285
1.25659179
1.25878906
1.25378417
1.25097656
1.26000976
1.25549316
1.25488281
1.26782226
1.26257324
1.25769042
1.25268554
1.26013183
1.25378417
1.25805664
1.26428222
1.25500488
1.25280761
1.25878906
1.25573730
1.25622558
1.26000976
1.25891113
1.25500488
1.25439453
1.26000976
1.26379394
1.26269531
1.25610351
1.25769042
1.25903320
1.25988769
1.26354980
1.26281738
1.26513671
1.25512695
1.25292968
1.26000976
1.25415039
1.26000976
1.25622558
1.25634765
1.26123046
1.25610351
1.25878906
1.25952148
1.25415039
1.25756835
1.25927734
1.26123046
1.25671386
1.25756835
1.25500488
1.26501464
1.26513671
1.25646972
1.26489257
1.26184082
1.26501464
1.25292968
1.25622558
1.26135253
1.25756835
1.26184082
1.25561523
1.25622558
1.25878906
1.25622558
1.25622558
