1.25622558
1.25878906
1.26049804
1.25268554
1.25939941
1.26159667
1.25378417
1.25378417
1.25659179
1.25537109
1.26123046
1.24938964
1.26660156
1.26269531
1.25769042
1.25463867
1.25378417
1.25134277
1.26757812
1.25500488
1.26403808
1.25512695
1.25280761
1.25390625
1.26672363
1.25756835
1.25256347
1.25500488
1.25610351
1.26708984
1.26745605
1.26635742
1.25500488
1.25500488
1.26635742
1.26513671
1.26745605
1.25512695
1.26513671
1.25500488
1.26306152
1.26623535
1.25402832
1.25415039
1.26660156
1.26000976
1.26000976
1.25512695
1.26293945
1.26452636
1.25610351
1.26000976
1.25756835
1.25549316
1.25488281
1.25646972
1.26416015
1.26391601
1.25463867
1.26635742
1.26269531
1.26745605
1.26391601
1.25402832
1.26159667
1.25781250
1.25659179
1.26293945
1.26379394
1.25622558
1.26269531
1.26623535
1.25415039
1.26367187
1.25610351
1.26550292
1.25500488
1.25537109
1.26562500
1.26391601
1.26757812
1.26550292
1.26391601
1.25378417
1.25683593
1.25500488
1.26269531
1.26245117
1.25646972
1.25500488
1.25720214
1.26159667
1.25195312
1.25744628
1.26220703
1.25402832
1.25781250
1.25866699
1.25268554
1.25317382
1.26269531
1.26574707
1.26782226
1.26623535
1.25329589
1.26013183
1.25488281
1.26757812
1.25402832
1.26513671
1.26306152
1.25268554
1.25488281
1.26452636
1.25622558
1.25524902
1.25573730
1.26623535
1.25256347
1.25500488
1.26757812
1.26757812
1.26269531
1.26110839
1.25048828
1.26318359
1.25915527
1.25598144
1.25671386
1.26293945
1.25146484
1.26379394
1.25854492
1.25988769
1.26000976
1.25988769
1.26269531
1.25720214
1.26501464
1.26416015
1.26513671
1.26318359
1.25500488
1.25927734
1.26513671
1.25268554
1.25891113
1.25891113
1.25756835
1.25280761
1.25732421
1.26501464
1.26220703
1.25366210
1.26281738
1.25622558
1.25634765
1.25500488
1.25341796
1.25634765
1.25451660
1.25476074
1.25512695
1.25390625
1.25512695
1.25390625
1.25268554
1.25244140
1.25781250
1.25292968
1.25390625
1.25500488
1.25170898
1.25354003
1.25268554
1.25500488
1.25305175
1.25390625
1.25158691
1.25158691
1.25390625
1.25292968
1.25366210
1.25170898
1.25354003
1.25134277
1.25512695
1.25048828
1.25170898
1.25268554
1.25256347
1.25378417
1.25512695
1.25390625
1.25268554
1.25256347
1.25268554
1.25512695
1.25390625
1.25390625
