1.26245117
1.25793457
1.25231933
1.25549316
1.25646972
1.25622558
1.25915527
1.25378417
1.25390625
1.25402832
1.26721191
1.25378417
1.26403808
1.25427246
1.26171875
1.25610351
1.26403808
1.25305175
1.25561523
1.25500488
1.26391601
1.26342773
1.26147460
1.25488281
1.26513671
1.26757812
1.26257324
1.25378417
1.25378417
1.26281738
1.26635742
1.26782226
1.26318359
1.25366210
1.26000976
1.25500488
1.26000976
1.26672363
1.26635742
1.26269531
1.26025390
1.26049804
1.26269531
1.25744628
1.25463867
1.25781250
1.26245117
1.25756835
1.26171875
1.25256347
1.26257324
1.26000976
1.25402832
1.25622558
1.25488281
1.26318359
1.25866699
1.25622558
1.25244140
1.25280761
1.25292968
1.25769042
1.25354003
1.25500488
1.26501464
1.26452636
1.26879882
1.25500488
1.26354980
1.25476074
1.26391601
1.25268554
1.25488281
1.26013183
1.26989746
1.25427246
1.26281738
1.26501464
1.26672363
1.25341796
1.26391601
1.25146484
1.25744628
1.26745605
1.25488281
1.25378417
1.26184082
1.26745605
1.25378417
1.25366210
1.26623535
1.25634765
1.25244140
1.25512695
1.25512695
1.26269531
1.25646972
1.26501464
1.25671386
1.25402832
1.25366210
1.26635742
1.25402832
1.26745605
1.26660156
1.26147460
1.25793457
1.26489257
1.25378417
1.26599121
1.25317382
1.26623535
1.26416015
1.26782226
1.25695800
1.26074218
1.26147460
1.26550292
1.25634765
1.26745605
1.26330566
1.25170898
1.26513671
1.26623535
1.25402832
1.26379394
1.25488281
1.26000976
1.25390625
1.25207519
1.26745605
1.26391601
1.26257324
1.25378417
1.25585937
1.25366210
1.25231933
1.25769042
1.25415039
1.25378417
1.25280761
1.25061035
1.25793457
1.24987792
1.24951171
1.26318359
1.25085449
1.25024414
1.24865722
1.25024414
1.24926757
1.26391601
1.25292968
1.25244140
1.25256347
1.25366210
1.25390625
1.25378417
1.25439453
1.26391601
1.25256347
1.25378417
1.26745605
1.25292968
1.25354003
1.25390625
1.25500488
1.25378417
1.25378417
1.25390625
1.25451660
1.25268554
1.25817871
1.25256347
1.25500488
1.25512695
1.26538085
1.25378417
1.25378417
1.25500488
1.25488281
1.25451660
1.25280761
1.25854492
1.26379394
1.26367187
1.25476074
1.25390625
1.26147460
1.25268554
1.26147460
1.25134277
1.26159667
1.25280761
1.26391601
1.25646972
1.25878906
1.25793457
1.25769042
1.25378417
