1.20251464
1.20324707
1.20361328
1.20361328
1.20385742
1.20532226
1.19873046
1.20300292
1.20495605
1.20251464
1.20141601
1.20385742
1.19775390
1.20251464
1.20495605
1.20800781
1.20251464
1.17761230
1.17993164
1.18029785
1.18041992
1.17639160
1.17993164
1.18090820
1.18176269
1.17797851
1.17504882
1.17419433
1.17858886
1.17492675
1.17517089
1.17297363
1.17138671
1.17553710
1.17407226
1.18359375
1.17614746
1.17626953
1.17614746
1.17773437
1.17382812
1.18481445
1.17626953
1.17138671
1.17517089
1.17614746
1.17614746
1.17016601
1.18408203
1.17504882
1.17602539
1.17736816
1.17382812
1.17578125
1.17626953
1.17480468
1.18359375
1.17504882
1.17382812
1.18359375
1.17248535
1.17504882
1.17504882
1.15734863
1.16479492
1.16149902
1.15295410
1.15368652
1.16479492
1.15747070
1.15747070
1.16601562
1.15795898
1.15722656
1.15747070
1.15869140
1.15734863
1.15563964
1.15734863
1.15356445
1.16357421
1.16406250
1.15734863
1.15637207
1.15734863
1.15502929
1.15649414
1.15856933
1.15527343
1.15734863
1.16210937
1.15734863
1.15356445
1.15258789
1.15625000
1.15649414
1.15319824
1.15856933
1.15747070
1.15734863
1.15173339
1.16479492
1.15612792
1.15246582
1.15759277
1.15625000
1.16149902
1.13757324
1.14245605
1.14465332
1.13781738
1.14331054
1.14587402
1.13842773
1.13610839
1.13952636
1.13354492
1.14538574
1.13488769
1.13488769
1.13977050
1.13842773
1.13854980
1.13793945
1.13488769
1.13964843
1.14599609
1.13427734
1.13610839
1.13891601
1.13964843
1.13977050
1.13964843
1.13964843
1.13610839
1.13488769
1.13488769
1.13842773
1.13354492
1.14050292
1.13757324
1.14086914
1.13488769
1.13854980
1.13916015
1.14001464
1.13452148
1.11645507
1.11669921
1.11718750
1.11718750
1.11730957
1.11621093
1.11596679
1.11694335
1.11608886
1.12609863
1.12097167
1.12390136
1.11962890
1.11914062
1.12084960
1.12084960
1.11938476
1.11962890
1.11926269
1.12487792
1.12084960
1.12036132
1.11938476
1.12194824
1.12036132
1.11877441
1.11975097
1.11987304
1.11962890
1.12072753
1.11975097
1.11987304
1.12084960
1.11914062
1.12512207
1.11987304
1.11975097
1.12084960
1.12084960
1.12011718
1.11975097
1.12084960
1.11877441
1.11962890
1.11950683
1.12133789
1.12084960
1.11840820
1.12084960
1.12060546
1.12097167
1.12084960
1.11853027
