1.20007324
1.20495605
1.19970703
1.19909667
1.19934082
1.20019531
1.20373535
1.19750976
1.19909667
1.19970703
1.20495605
1.20300292
1.20007324
1.19885253
1.20263671
1.20373535
1.20007324
1.20361328
1.20349121
1.20129394
1.20141601
1.19909667
1.20019531
1.20239257
1.19982910
1.20007324
1.19372558
1.19873046
1.19238281
1.19604492
1.19458007
1.19238281
1.19079589
1.19372558
1.19116210
1.17395019
1.17224121
1.17150878
1.17858886
1.17504882
1.17248535
1.17260742
1.17529296
1.18395996
1.17626953
1.17504882
1.17614746
1.17285156
1.17199707
1.17138671
1.18127441
1.17504882
1.17248535
1.17529296
1.17492675
1.17749023
1.17749023
1.17651367
1.17626953
1.18127441
1.18176269
1.17565917
1.17504882
1.17504882
1.18371582
1.17163085
1.17382812
1.17749023
1.17260742
1.17382812
1.17651367
1.17504882
1.17150878
1.17138671
1.17626953
1.17626953
1.17614746
1.17712402
1.15869140
1.15734863
1.15734863
1.15246582
1.15966796
1.15722656
1.16235351
1.15747070
1.15356445
1.15368652
1.15490722
1.15368652
1.16235351
1.15490722
1.15600585
1.15258789
1.15747070
1.15747070
1.15747070
1.15625000
1.15356445
1.15734863
1.15380859
1.15722656
1.15625000
1.15649414
1.15747070
1.15490722
1.15356445
1.16479492
1.16589355
1.15270996
1.16479492
1.15856933
1.15759277
1.15490722
1.15332031
1.15246582
1.15625000
1.15759277
1.15612792
1.14746093
1.13403320
1.13623046
1.13610839
1.13769531
1.13964843
1.13415527
1.13745117
1.13940429
1.13635253
1.14709472
1.13769531
1.13818359
1.13964843
1.13610839
1.13415527
1.13610839
1.13867187
1.13891601
1.13940429
1.13977050
1.13732910
1.13964843
1.13488769
1.13964843
1.14099121
1.14038085
1.13867187
1.13732910
1.13745117
1.13964843
1.13842773
1.13842773
1.14294433
1.14221191
1.14367675
1.13720703
1.13598632
1.14355468
1.14257812
1.13574218
1.13574218
1.13708496
1.13720703
1.13769531
1.13806152
1.14013671
1.13720703
1.13732910
1.13708496
1.13757324
1.13806152
1.13867187
1.13793945
1.13769531
1.13635253
1.14465332
1.14318847
1.13818359
1.13964843
1.13732910
1.13720703
1.13708496
1.14001464
1.12048339
1.12084960
1.12072753
1.11938476
1.11877441
1.11816406
1.11877441
1.11987304
1.11962890
1.11840820
1.12280273
1.11816406
1.11901855
1.11901855
1.11926269
1.11999511
1.11962890
