1.20739746
1.20739746
1.20263671
1.19763183
1.20019531
1.20190429
1.20251464
1.20642089
1.19885253
1.20239257
1.20263671
1.19848632
1.20385742
1.19750976
1.20251464
1.20373535
1.20385742
1.20202636
1.20385742
1.17761230
1.17919921
1.17639160
1.17529296
1.17907714
1.18005371
1.17626953
1.17138671
1.17041015
1.17395019
1.17651367
1.18151855
1.17260742
1.17565917
1.17663574
1.17565917
1.17626953
1.17272949
1.17614746
1.16918945
1.17089843
1.17614746
1.17150878
1.17138671
1.17407226
1.17150878
1.17736816
1.17260742
1.17749023
1.16979980
1.17138671
1.17626953
1.17504882
1.17382812
1.17626953
1.18261718
1.17504882
1.17736816
1.17651367
1.17626953
1.17749023
1.17626953
1.17285156
1.17456054
1.15295410
1.15747070
1.15405273
1.15405273
1.16369628
1.15539550
1.15332031
1.15734863
1.15979003
1.16186523
1.15856933
1.15747070
1.15734863
1.16235351
1.15612792
1.15625000
1.15405273
1.15734863
1.16198730
1.15734863
1.15808105
1.15612792
1.15283203
1.15380859
1.15747070
1.15527343
1.15515136
1.15490722
1.16357421
1.15527343
1.15734863
1.15625000
1.15515136
1.15600585
1.15454101
1.15368652
1.16125488
1.16479492
1.15551757
1.13964843
1.13488769
1.13928222
1.13720703
1.14392089
1.14721679
1.13989257
1.13720703
1.13806152
1.13732910
1.13928222
1.13854980
1.13488769
1.13854980
1.13366699
1.13549804
1.14343261
1.13732910
1.13964843
1.14270019
1.13854980
1.14355468
1.13732910
1.13964843
1.13928222
1.13781738
1.13488769
1.13610839
1.13879394
1.13964843
1.13439941
1.13977050
1.13854980
1.13488769
1.13488769
1.13598632
1.13488769
1.13500976
1.13500976
1.13964843
1.13476562
1.12084960
1.12097167
1.11804199
1.12097167
1.11730957
1.11962890
1.11608886
1.11718750
1.11987304
1.11950683
1.11962890
1.12084960
1.12036132
1.11962890
1.12072753
1.11804199
1.11560058
1.11987304
1.12097167
1.12084960
1.12219238
1.12109375
1.12084960
1.11962890
1.12158203
1.12097167
1.11987304
1.11889648
1.11962890
1.12036132
1.11975097
1.11755371
1.12097167
1.12084960
1.12023925
1.12048339
1.11865234
1.11962890
1.11938476
1.11926269
1.11962890
1.11987304
1.12072753
1.11962890
1.12048339
1.12084960
1.12011718
1.11999511
1.11962890
1.12084960
1.12097167
1.12084960
1.11962890
1.12023925
1.12170410
1.12084960
1.11962890
