1.19848632
1.20483398
1.20251464
1.19873046
1.20190429
1.20581054
1.20520019
1.20593261
1.20483398
1.20422363
1.20434570
1.20007324
1.20227050
1.20446777
1.20520019
1.20410156
1.20361328
1.20373535
1.20361328
1.20605468
1.20373535
1.18457031
1.18237304
1.17639160
1.17761230
1.17626953
1.17736816
1.17749023
1.18237304
1.17602539
1.17602539
1.17602539
1.18151855
1.17626953
1.17712402
1.17736816
1.18420410
1.17724609
1.17712402
1.17785644
1.17260742
1.18347167
1.17565917
1.17724609
1.17712402
1.17724609
1.18115234
1.17114257
1.17248535
1.17248535
1.17614746
1.17358398
1.17590332
1.17785644
1.17517089
1.17126464
1.17126464
1.16992187
1.17639160
1.17700195
1.17724609
1.17138671
1.17321777
1.17456054
1.17761230
1.16088867
1.15856933
1.16589355
1.15612792
1.16308593
1.15722656
1.15747070
1.16467285
1.15856933
1.16821289
1.16491699
1.16369628
1.16162109
1.15649414
1.16040039
1.15234375
1.16210937
1.16076660
1.16589355
1.15722656
1.15893554
1.15966796
1.15832519
1.16711425
1.16467285
1.16723632
1.15759277
1.15356445
1.15356445
1.15844726
1.15856933
1.16247558
1.15368652
1.15722656
1.15722656
1.15234375
1.15222167
1.15856933
1.15625000
1.15795898
1.15734863
1.15869140
1.15856933
1.15930175
1.16015625
1.15942382
1.15368652
1.15722656
1.16467285
1.15234375
1.15710449
1.15600585
1.16198730
1.15356445
1.13977050
1.13964843
1.14013671
1.13745117
1.13696289
1.13781738
1.13903808
1.13708496
1.14086914
1.14221191
1.13806152
1.13562011
1.13940429
1.13513183
1.13586425
1.13952636
1.13830566
1.13513183
1.13952636
1.13952636
1.13586425
1.13891601
1.13525390
1.13964843
1.13598632
1.14038085
1.13598632
1.13916015
1.14086914
1.13903808
1.13977050
1.13476562
1.13354492
1.13354492
1.13879394
1.13891601
1.13854980
1.13879394
1.14831542
1.14233398
1.14233398
1.13854980
1.14050292
1.13830566
1.13903808
1.13928222
1.13891601
1.13842773
1.13928222
1.13928222
1.13806152
1.13891601
1.13684082
1.13867187
1.13964843
1.14306640
1.13964843
1.13793945
1.13745117
1.13720703
1.13732910
1.14025878
1.13928222
1.13842773
1.13964843
1.13818359
1.14001464
1.13769531
1.13830566
1.13818359
1.13769531
1.13745117
1.13854980
1.13977050
1.13830566
1.13781738
1.13842773
1.13952636
1.13977050
1.13964843
1.13854980
