1.20739746
1.20251464
1.20397949
1.20263671
1.19848632
1.19885253
1.20239257
1.20373535
1.20385742
1.20361328
1.20129394
1.19787597
1.20373535
1.19763183
1.20397949
1.19763183
1.20214843
1.20263671
1.19873046
1.19958496
1.18530273
1.18066406
1.17993164
1.17517089
1.17785644
1.17541503
1.18127441
1.17993164
1.17028808
1.17126464
1.17333984
1.17736816
1.17419433
1.17260742
1.17248535
1.17541503
1.17529296
1.17614746
1.17016601
1.17382812
1.17260742
1.17028808
1.17614746
1.17553710
1.17504882
1.17578125
1.17504882
1.17626953
1.17749023
1.17163085
1.18469238
1.17504882
1.17504882
1.17626953
1.17260742
1.17028808
1.17504882
1.17163085
1.17749023
1.17529296
1.17272949
1.17468261
1.15759277
1.15783691
1.15258789
1.15270996
1.15734863
1.15612792
1.15356445
1.15856933
1.15625000
1.15734863
1.15734863
1.15649414
1.15625000
1.15490722
1.15808105
1.15747070
1.16479492
1.15734863
1.16467285
1.15747070
1.15246582
1.15612792
1.15747070
1.15258789
1.15734863
1.15490722
1.15759277
1.15368652
1.15319824
1.15771484
1.15856933
1.15258789
1.15734863
1.16491699
1.15747070
1.15368652
1.15747070
1.15698242
1.15747070
1.13940429
1.13830566
1.13476562
1.14599609
1.13500976
1.14392089
1.14147949
1.13635253
1.13854980
1.13854980
1.13842773
1.13854980
1.13854980
1.13854980
1.13879394
1.13977050
1.13439941
1.13427734
1.14709472
1.13403320
1.13854980
1.13854980
1.14721679
1.13854980
1.13964843
1.13732910
1.13854980
1.13989257
1.13964843
1.13940429
1.13977050
1.13488769
1.13366699
1.13305664
1.13964843
1.14001464
1.13879394
1.13891601
1.14013671
1.14196777
1.13354492
1.11877441
1.11730957
1.11596679
1.11718750
1.12036132
1.12121582
1.12048339
1.12158203
1.11608886
1.11474609
1.12512207
1.12072753
1.12475585
1.12353515
1.11767578
1.11853027
1.11987304
1.11962890
1.11987304
1.11975097
1.11853027
1.11853027
1.11853027
1.11926269
1.11962890
1.11865234
1.11962890
1.11889648
1.12097167
1.12084960
1.11962890
1.11901855
1.11828613
1.11853027
1.11962890
1.12084960
1.11962890
1.12084960
1.11938476
1.12036132
1.11950683
1.11853027
1.12573242
1.12353515
1.11962890
1.12353515
1.12463378
1.12048339
1.12524414
1.12353515
1.12060546
1.11962890
1.11962890
1.11853027
1.12084960
1.12011718
1.11975097
1.12084960
