1.20385742
1.20617675
1.20275878
1.19897460
1.19934082
1.19873046
1.20275878
1.20446777
1.19860839
1.19812011
1.20483398
1.20288085
1.20483398
1.20324707
1.20471191
1.20373535
1.20361328
1.20251464
1.20251464
1.20288085
1.20300292
1.20373535
1.17907714
1.18151855
1.18103027
1.18078613
1.18139648
1.18127441
1.17077636
1.17285156
1.17529296
1.17211914
1.17663574
1.17309570
1.17333984
1.17687988
1.17150878
1.17651367
1.18139648
1.18383789
1.17517089
1.17358398
1.17578125
1.17456054
1.17626953
1.17138671
1.17187500
1.17163085
1.18115234
1.17492675
1.17370605
1.17639160
1.17553710
1.18371582
1.17565917
1.17712402
1.17419433
1.18127441
1.17651367
1.17272949
1.17126464
1.17773437
1.18127441
1.17114257
1.17150878
1.17517089
1.15808105
1.15563964
1.16271972
1.15771484
1.15173339
1.16235351
1.15893554
1.15515136
1.16564941
1.15881347
1.15612792
1.15258789
1.15515136
1.15747070
1.15380859
1.15637207
1.15270996
1.15209960
1.15283203
1.15820312
1.15808105
1.15783691
1.15795898
1.16503906
1.15673828
1.15759277
1.16137695
1.15612792
1.15808105
1.16137695
1.15686035
1.16369628
1.15441894
1.16113281
1.15747070
1.15942382
1.15673828
1.15417480
1.15283203
1.14221191
1.13867187
1.13806152
1.13989257
1.13574218
1.13623046
1.13867187
1.14404296
1.14233398
1.13989257
1.13464355
1.13708496
1.13806152
1.14733886
1.13745117
1.13391113
1.13928222
1.13977050
1.13879394
1.14367675
1.13806152
1.14526367
1.14355468
1.13989257
1.13842773
1.13989257
1.14001464
1.13867187
1.13928222
1.13757324
1.13867187
1.13964843
1.13818359
1.13867187
1.13745117
1.13439941
1.13916015
1.13525390
1.13525390
1.13964843
1.12084960
1.11608886
1.12353515
1.12084960
1.12609863
1.11486816
1.11694335
1.11621093
1.11743164
1.11608886
1.12109375
1.12121582
1.12036132
1.12048339
1.12072753
1.11853027
1.12182617
1.12170410
1.11975097
1.11901855
1.11535644
1.11999511
1.11730957
1.11657714
1.12109375
1.12097167
1.11962890
1.11962890
1.11975097
1.12097167
1.11877441
1.12084960
1.11938476
1.11962890
1.11914062
1.12121582
1.11865234
1.11962890
1.12084960
1.12084960
1.12011718
1.12084960
1.11999511
1.12072753
1.11987304
1.12121582
1.11962890
1.11828613
1.12036132
1.11975097
1.12109375
1.11926269
1.12011718
1.11938476
1.11828613
