1.20410156
1.20166015
1.20617675
1.20361328
1.20385742
1.20385742
1.20434570
1.20153808
1.19714355
1.20434570
1.20361328
1.20300292
1.20227050
1.20373535
1.20642089
1.20483398
1.20007324
1.20495605
1.19775390
1.20397949
1.17907714
1.18237304
1.17993164
1.17541503
1.17993164
1.17687988
1.17126464
1.17211914
1.17321777
1.18127441
1.17211914
1.17041015
1.17370605
1.17504882
1.17504882
1.17517089
1.17492675
1.17309570
1.17260742
1.17504882
1.18115234
1.17126464
1.17614746
1.17492675
1.17626953
1.17810058
1.17126464
1.17260742
1.18127441
1.17687988
1.17553710
1.17260742
1.17309570
1.17028808
1.17492675
1.17602539
1.17260742
1.17272949
1.17395019
1.17456054
1.17651367
1.17163085
1.17468261
1.15539550
1.15258789
1.15246582
1.15234375
1.15795898
1.15234375
1.15783691
1.15307617
1.15856933
1.15795898
1.15612792
1.15734863
1.15734863
1.15625000
1.15270996
1.16601562
1.15734863
1.15490722
1.15808105
1.15734863
1.16271972
1.15368652
1.15734863
1.15368652
1.15856933
1.15612792
1.15246582
1.15649414
1.15600585
1.15722656
1.15258789
1.15222167
1.15759277
1.15832519
1.16357421
1.15722656
1.15539550
1.15734863
1.15881347
1.15380859
1.14587402
1.13488769
1.13305664
1.14721679
1.13854980
1.13366699
1.13818359
1.13598632
1.13940429
1.13989257
1.14294433
1.13891601
1.13610839
1.13598632
1.14099121
1.14465332
1.13977050
1.13854980
1.13720703
1.13720703
1.13598632
1.13610839
1.14086914
1.14404296
1.13903808
1.13977050
1.13903808
1.13854980
1.13854980
1.13928222
1.14257812
1.13830566
1.13757324
1.13720703
1.13696289
1.13720703
1.13842773
1.13769531
1.13757324
1.13659667
1.13598632
1.13732910
1.13891601
1.13854980
1.13952636
1.13806152
1.13781738
1.13623046
1.14343261
1.14331054
1.13830566
1.13977050
1.14257812
1.14428710
1.13891601
1.13867187
1.13964843
1.13732910
1.13745117
1.14392089
1.13952636
1.14355468
1.13818359
1.13769531
1.13879394
1.13732910
1.13781738
1.13903808
1.13732910
1.13830566
1.13854980
1.13903808
1.13720703
1.13720703
1.13708496
1.13842773
1.13830566
1.13732910
1.14343261
1.13781738
1.13793945
1.13818359
1.13769531
1.13720703
1.13623046
1.13708496
1.13793945
1.13793945
1.13610839
1.13623046
1.13769531
1.13781738
1.13842773
1.13952636
1.13879394
1.13830566
1.13659667
