1.20483398
1.20458984
1.20251464
1.20495605
1.19885253
1.19799804
1.20385742
1.19787597
1.20214843
1.20202636
1.19763183
1.20373535
1.20373535
1.20043945
1.20385742
1.20397949
1.20251464
1.20385742
1.17956542
1.18005371
1.17565917
1.17517089
1.17675781
1.18005371
1.18164062
1.17504882
1.17614746
1.17150878
1.17504882
1.17626953
1.18286132
1.17138671
1.17126464
1.17663574
1.17565917
1.17187500
1.17614746
1.17614746
1.18115234
1.17749023
1.18139648
1.17492675
1.18359375
1.18078613
1.17529296
1.17382812
1.17382812
1.17492675
1.17260742
1.17138671
1.18005371
1.17993164
1.18127441
1.17126464
1.17492675
1.17614746
1.17370605
1.17285156
1.17736816
1.17749023
1.17614746
1.15161132
1.15368652
1.15246582
1.15844726
1.15551757
1.15734863
1.15734863
1.15270996
1.15625000
1.15368652
1.16467285
1.16601562
1.15698242
1.15380859
1.16162109
1.15637207
1.15368652
1.15576171
1.15234375
1.15124511
1.15734863
1.15734863
1.15258789
1.15490722
1.15698242
1.15234375
1.16406250
1.16479492
1.15234375
1.15270996
1.15722656
1.15344238
1.15368652
1.15612792
1.16357421
1.15515136
1.16235351
1.15380859
1.16467285
1.16113281
1.15490722
1.15747070
1.13879394
1.13940429
1.13610839
1.13366699
1.13769531
1.14355468
1.13488769
1.13354492
1.13610839
1.13940429
1.13452148
1.13977050
1.13891601
1.13598632
1.14221191
1.13867187
1.13488769
1.14587402
1.13879394
1.13854980
1.13476562
1.13891601
1.13574218
1.13732910
1.13818359
1.13916015
1.13757324
1.13415527
1.13732910
1.13623046
1.14050292
1.13867187
1.13500976
1.13708496
1.14392089
1.14294433
1.14343261
1.14343261
1.14355468
1.14343261
1.14355468
1.14306640
1.14257812
1.14477539
1.13732910
1.13720703
1.13830566
1.13842773
1.13598632
1.13781738
1.13598632
1.13720703
1.13720703
1.14196777
1.13842773
1.13842773
1.13854980
1.13830566
1.13732910
1.13732910
1.13830566
1.13732910
1.13732910
1.13720703
1.13818359
1.13854980
1.13598632
1.13720703
1.13720703
1.13732910
1.13854980
1.13842773
1.13732910
1.13732910
1.13623046
1.13610839
1.13720703
1.13854980
1.13842773
1.13745117
1.13671875
1.13732910
1.13842773
1.13732910
1.13732910
1.13842773
1.13854980
1.13854980
1.13818359
1.11901855
1.12048339
1.11840820
1.12121582
1.12170410
1.11962890
1.11853027
1.11938476
