1.19750976
1.19775390
1.19921875
1.20251464
1.19775390
1.20275878
1.20007324
1.20373535
1.19885253
1.19909667
1.20373535
1.20117187
1.19897460
1.20117187
1.19812011
1.20434570
1.20312500
1.19775390
1.20239257
1.20495605
1.20495605
1.20361328
1.20495605
1.20385742
1.20361328
1.19189453
1.18872070
1.17260742
1.17651367
1.18127441
1.17260742
1.17077636
1.17663574
1.17626953
1.17724609
1.17504882
1.17749023
1.17138671
1.17407226
1.17504882
1.17614746
1.17614746
1.17248535
1.17614746
1.17016601
1.17443847
1.17541503
1.17407226
1.17504882
1.17541503
1.17126464
1.17016601
1.17321777
1.17626953
1.18359375
1.17529296
1.17614746
1.17736816
1.17370605
1.18151855
1.17150878
1.17749023
1.17163085
1.17260742
1.17492675
1.18225097
1.17504882
1.16345214
1.15856933
1.15734863
1.15734863
1.15734863
1.15686035
1.15380859
1.15625000
1.16247558
1.15649414
1.15625000
1.15747070
1.15856933
1.15246582
1.16137695
1.15612792
1.15502929
1.15734863
1.15856933
1.15222167
1.15734863
1.15734863
1.15734863
1.15478515
1.15747070
1.15380859
1.15808105
1.15808105
1.15734863
1.15734863
1.15258789
1.15344238
1.15747070
1.15612792
1.15283203
1.15856933
1.15747070
1.15368652
1.14013671
1.13977050
1.13366699
1.13598632
1.14428710
1.13964843
1.13598632
1.13378906
1.13366699
1.13684082
1.13964843
1.13952636
1.13964843
1.13793945
1.13366699
1.13964843
1.13513183
1.13854980
1.13964843
1.13757324
1.14099121
1.13964843
1.13793945
1.13842773
1.13732910
1.13403320
1.13977050
1.13598632
1.13977050
1.13916015
1.13903808
1.13977050
1.14086914
1.13232421
1.13281250
1.13964843
1.13867187
1.14257812
1.14355468
1.14221191
1.13854980
1.13818359
1.11816406
1.11889648
1.11975097
1.12060546
1.12109375
1.12084960
1.11914062
1.11877441
1.11853027
1.11853027
1.11962890
1.11767578
1.11962890
1.12011718
1.12084960
1.11901855
1.11889648
1.11853027
1.11853027
1.11962890
1.11755371
1.11975097
1.11962890
1.11853027
1.12011718
1.11633300
1.11840820
1.11962890
1.12097167
1.11975097
1.11999511
1.11962890
1.11865234
1.12353515
1.11877441
1.11950683
1.12475585
1.12353515
1.11962890
1.12023925
1.12585449
1.12451171
1.11950683
1.12353515
1.12475585
1.12097167
1.12011718
1.12451171
1.12060546
1.11853027
1.11938476
1.11755371
1.11938476
