1.20373535
1.20642089
1.20385742
1.20288085
1.20251464
1.20410156
1.20385742
1.20300292
1.20178222
1.19848632
1.20373535
1.20495605
1.20129394
1.20007324
1.20019531
1.20043945
1.19763183
1.20019531
1.20129394
1.20471191
1.20300292
1.17639160
1.17431640
1.17529296
1.18005371
1.18029785
1.17553710
1.17626953
1.17382812
1.17517089
1.17651367
1.17260742
1.17504882
1.17504882
1.17663574
1.17626953
1.17150878
1.17004394
1.17504882
1.17089843
1.17260742
1.17492675
1.17614746
1.17504882
1.17529296
1.17382812
1.17565917
1.17993164
1.17614746
1.17736816
1.17443847
1.17504882
1.17614746
1.17260742
1.17236328
1.17260742
1.17626953
1.17468261
1.18115234
1.17028808
1.17016601
1.17224121
1.17138671
1.17492675
1.15893554
1.15380859
1.15625000
1.15686035
1.15881347
1.15820312
1.16430664
1.15661621
1.15747070
1.15734863
1.15856933
1.15747070
1.15246582
1.15258789
1.15734863
1.15747070
1.15747070
1.15734863
1.16235351
1.15258789
1.15612792
1.15600585
1.15515136
1.15734863
1.15539550
1.16333007
1.15502929
1.16357421
1.15380859
1.16113281
1.15649414
1.16223144
1.15734863
1.15527343
1.15649414
1.15637207
1.15441894
1.15734863
1.14465332
1.13476562
1.13720703
1.13964843
1.13732910
1.13610839
1.13305664
1.13525390
1.14477539
1.13964843
1.14416503
1.13854980
1.14587402
1.13732910
1.13488769
1.13977050
1.13854980
1.13842773
1.13854980
1.13854980
1.14099121
1.14355468
1.13476562
1.13977050
1.13488769
1.13781738
1.14465332
1.13903808
1.14465332
1.13964843
1.13977050
1.13244628
1.13757324
1.13916015
1.13854980
1.13854980
1.13916015
1.13854980
1.13854980
1.13854980
1.13842773
1.13732910
1.13671875
1.13769531
1.13732910
1.12097167
1.11975097
1.11865234
1.11999511
1.11962890
1.12084960
1.11853027
1.11962890
1.11804199
1.11926269
1.11743164
1.11926269
1.11962890
1.11987304
1.11962890
1.11962890
1.11853027
1.11840820
1.12084960
1.12011718
1.12170410
1.11975097
1.11914062
1.11889648
1.12158203
1.12133789
1.11889648
1.11987304
1.12072753
1.11840820
1.11938476
1.11962890
1.11853027
1.11853027
1.12084960
1.11987304
1.11853027
1.11877441
1.12097167
1.11950683
1.12097167
1.12072753
1.12060546
1.11962890
1.12097167
1.12084960
1.11962890
1.12084960
1.11938476
1.12121582
1.11962890
1.12097167
1.12097167
