1.13549804
1.13293457
1.13037109
1.13684082
1.14025878
1.11547851
1.12390136
1.12426757
1.11853027
1.11718750
1.11901855
1.12048339
1.11389160
1.11621093
1.12145996
1.11584472
1.12463378
1.11938476
1.11291503
1.11560058
1.12109375
1.11291503
1.14099121
1.13745117
1.13049316
1.12133789
1.11865234
1.11621093
1.13549804
1.12451171
1.12597656
1.11218261
1.12194824
1.12255859
1.12231445
1.14025878
1.11340332
1.10961914
1.11169433
1.12158203
1.13757324
1.11096191
1.12182617
1.13732910
1.12280273
1.13586425
1.11999511
1.12072753
1.14050292
1.13647460
1.13586425
1.12145996
1.12036132
1.11914062
1.11694335
1.11938476
1.12292480
1.12463378
1.13806152
1.11926269
1.13928222
1.11315917
1.11865234
1.11486816
1.11889648
1.11315917
1.12243652
1.11389160
1.13842773
1.14025878
1.12304687
1.11975097
1.11645507
1.11987304
1.13830566
1.15454101
1.12243652
1.11987304
1.11608886
1.13964843
1.13867187
1.11376953
1.12280273
1.11730957
1.12341308
1.11328125
1.11193847
1.11621093
1.11560058
1.11486816
1.11596679
1.12158203
1.11621093
1.12292480
1.11633300
1.12121582
1.12561035
1.12072753
1.11926269
1.13342285
1.12133789
1.12097167
1.12646484
1.11926269
1.13623046
1.12158203
1.11950683
1.11706542
1.11779785
1.13647460
1.12036132
1.13342285
1.11621093
1.12182617
1.10620117
1.12280273
1.11999511
1.11010742
1.12744140
1.13818359
1.12036132
1.13903808
1.11950683
1.12048339
1.12255859
1.11462402
1.11950683
1.11975097
1.13562011
1.11486816
1.13354492
1.14184570
1.13671875
1.13525390
1.13122558
1.13281250
1.13391113
1.13928222
1.13391113
1.13354492
1.11157226
1.13305664
1.13330078
1.13793945
1.11462402
1.13513183
1.11840820
1.11694335
1.11938476
1.11901855
1.16125488
1.11633300
1.12451171
1.11572265
1.11779785
1.11840820
1.12170410
1.12133789
1.11547851
1.12805175
1.11889648
1.12036132
1.12158203
1.11706542
1.11914062
1.12207031
1.12145996
1.13769531
1.12963867
1.13391113
1.13769531
1.13500976
1.13269042
1.13610839
1.13208007
1.12109375
1.12377929
1.13525390
1.13293457
1.13635253
1.13427734
1.13317871
1.14184570
1.13391113
1.11267089
1.14074707
1.12329101
1.13793945
1.11425781
1.16455078
1.12255859
1.11340332
1.11303710
1.11584472
1.13085937
1.11987304
1.11572265
1.12182617
1.14025878
1.11999511
