1.13476562
1.13232421
1.13085937
1.13220214
1.13500976
1.13562011
1.13269042
1.14172363
1.13745117
1.13391113
1.13305664
1.13439941
1.13598632
1.13623046
1.11181640
1.11877441
1.11621093
1.13635253
1.12182617
1.12280273
1.12158203
1.11926269
1.12451171
1.11926269
1.11206054
1.11962890
1.11718750
1.11694335
1.11718750
1.11889648
1.14221191
1.11303710
1.11608886
1.11755371
1.11730957
1.11926269
1.13806152
1.11523437
1.13989257
1.12194824
1.11657714
1.13647460
1.11181640
1.11682128
1.11596679
1.10571289
1.11535644
1.11486816
1.11450195
1.11376953
1.11437988
1.11340332
1.11987304
1.16430664
1.11669921
1.11950683
1.12036132
1.11816406
1.14123535
1.12109375
1.12158203
1.12060546
1.11254882
1.12060546
1.11645507
1.11560058
1.11413574
1.14282226
1.11767578
1.15734863
1.11804199
1.11608886
1.12573242
1.11694335
1.11779785
1.13598632
1.13830566
1.11596679
1.11462402
1.11608886
1.11779785
1.11389160
1.11206054
1.14245605
1.11169433
1.11364746
1.12158203
1.11560058
1.11730957
1.12561035
1.14257812
1.11560058
1.11071777
1.12036132
1.13952636
1.11584472
1.11474609
1.11865234
1.11987304
1.13391113
1.11889648
1.12426757
1.11230468
1.15734863
1.12158203
1.14099121
1.11547851
1.11486816
1.11743164
1.14074707
1.11499023
1.15832519
1.13415527
1.11389160
1.12268066
1.11608886
1.11560058
1.11840820
1.11560058
1.11645507
1.12353515
1.11462402
1.11901855
1.11535644
1.11181640
1.11572265
1.14221191
1.11779785
1.11584472
1.12536621
1.11865234
1.11633300
1.12646484
1.15771484
1.12292480
1.11352539
1.12377929
1.12133789
1.13708496
1.12280273
1.14062500
1.12268066
1.13793945
1.11694335
1.11706542
1.11694335
1.14038085
1.11853027
1.11157226
1.12561035
1.13745117
1.11779785
1.13708496
1.11364746
1.11291503
1.11157226
1.11669921
1.12036132
1.11499023
1.14074707
1.11340332
1.14990234
1.11779785
1.11254882
1.11608886
1.11206054
1.12097167
1.11706542
1.12268066
1.11572265
1.12048339
1.14208984
1.13537597
1.11645507
1.14025878
1.12109375
1.12475585
1.11560058
1.11669921
1.11645507
1.11791992
1.11303710
1.13769531
1.11328125
1.11547851
1.12170410
1.11499023
1.11706542
1.14038085
1.11535644
1.11206054
1.11499023
1.12036132
1.12182617
1.11730957
1.12097167
1.13989257
1.11511230
1.11450195
1.11413574
