1.15808105
1.12683105
.86486816
.91552734
.98254394
1.03649902
.98620605
1.12255859
1.11340332
1.11657714
1.13598632
1.11523437
1.11950683
1.13671875
1.11376953
1.11267089
1.10961914
1.10925292
1.12145996
1.11682128
1.11901855
1.11767578
1.10937500
1.11694335
1.11804199
1.11804199
1.14184570
1.13854980
1.11901855
1.13708496
1.12170410
1.13916015
1.11791992
1.11853027
1.11828613
1.12158203
1.10864257
1.13769531
1.11633300
1.11901855
1.11474609
1.12121582
1.11657714
1.11865234
1.11425781
1.11523437
1.11132812
1.12133789
1.14062500
1.11682128
1.11706542
1.11669921
1.11853027
1.11743164
1.11108398
1.13415527
1.11755371
1.12915039
1.13305664
1.11791992
1.11657714
1.12438964
1.12622070
1.11718750
1.11254882
1.12060546
1.12194824
1.12402343
1.11132812
1.11132812
1.12145996
1.11853027
1.11926269
1.11157226
1.12145996
1.11230468
1.13537597
1.11474609
1.13488769
1.11621093
1.13464355
1.11779785
1.12316894
1.12048339
1.11486816
1.11535644
1.11120605
1.13793945
1.11401367
1.11572265
1.12268066
1.12011718
1.11791992
1.12023925
1.13598632
1.13757324
1.11291503
1.13708496
1.11804199
1.16296386
1.16137695
1.12121582
1.11352539
1.11511230
1.11987304
1.11840820
1.11584472
1.11450195
1.11608886
1.11926269
1.12402343
1.11523437
1.11535644
1.12194824
1.14123535
1.13891601
1.11755371
1.13403320
1.11877441
1.13574218
1.12097167
1.13195800
1.12084960
1.13537597
1.11877441
1.11645507
1.11999511
1.12292480
1.13500976
1.12304687
1.12170410
1.11938476
1.11791992
1.12451171
1.12011718
1.11865234
1.11962890
1.13427734
1.13928222
1.11706542
1.14147949
1.12133789
1.13940429
1.11926269
1.11779785
1.11950683
1.11596679
1.11853027
1.11376953
1.13916015
1.11279296
1.12255859
1.11535644
1.11999511
1.11584472
1.12243652
1.13684082
1.12048339
1.12768554
1.11645507
1.12072753
1.11706542
1.11096191
1.11547851
1.14074707
1.11462402
1.12011718
1.13598632
1.12145996
1.11669921
1.12353515
1.11376953
1.13513183
1.11730957
.77819824
.82946777
1.13159179
1.11657714
1.11853027
1.11596679
.93762207
1.11669921
1.12268066
1.12231445
1.11462402
1.14013671
1.11206054
1.11914062
1.11193847
1.12329101
1.11267089
1.12341308
1.11413574
1.13720703
1.12512207
1.11657714
1.11926269
1.10522460
1.13732910
1.11425781
