.72460937
.73156738
1.03210449
.71484375
1.13940429
1.09924316
.72900390
.73437500
.91845703
1.14807128
.74365234
.77551269
.85400390
.77905273
.79711914
1.14880371
1.14746093
.95275878
.79565429
.78063964
.85156250
.93859863
1.12792968
.87048339
.85998535
.97595214
1.06042480
1.11767578
1.11572265
1.11718750
1.12561035
1.12316894
1.12084960
1.13757324
1.11596679
1.11535644
1.12048339
1.11608886
1.11645507
1.11230468
1.11035156
1.11364746
1.11352539
1.11315917
1.11706542
1.12451171
1.11169433
1.16052246
1.11450195
1.11560058
1.11560058
1.12109375
1.11596679
1.11877441
1.12426757
1.13842773
1.12866210
1.11535644
1.12060546
1.11608886
1.11877441
1.11743164
1.12536621
1.10852050
1.11901855
1.11218261
1.11437988
1.11352539
1.14038085
1.13952636
1.11828613
1.11254882
1.11547851
1.11889648
1.12231445
1.11828613
1.13659667
1.11145019
1.11145019
1.13647460
1.11596679
1.14135742
1.11450195
1.11450195
1.13256835
1.12023925
1.15002441
1.13928222
1.13635253
1.14050292
1.11145019
1.15441894
1.12634277
1.11389160
1.14562988
1.11877441
1.11853027
1.11511230
1.11804199
1.14135742
1.11328125
1.11499023
1.11621093
1.12036132
1.11669921
1.11315917
1.12292480
1.12219238
1.11779785
1.11303710
1.12133789
1.11779785
1.11865234
1.11425781
1.11804199
1.11706542
1.12011718
1.11694335
1.11682128
1.13793945
1.11682128
1.12048339
1.12060546
1.11071777
1.10803222
1.13879394
1.14001464
1.14086914
1.12158203
1.12121582
1.11596679
1.11254882
1.13891601
1.12097167
1.11840820
1.10998535
1.11376953
1.12182617
1.11328125
1.11657714
1.12316894
1.11889648
1.13476562
1.11389160
1.11816406
1.11633300
1.11120605
1.12109375
1.11596679
1.12475585
1.11535644
1.11547851
1.13818359
1.11596679
1.15722656
1.11596679
1.11401367
1.12316894
1.14038085
1.12194824
1.12451171
1.11499023
1.11340332
1.11389160
1.11926269
1.13598632
1.11584472
1.13671875
1.11572265
1.13916015
1.12573242
1.11267089
1.11950683
1.12072753
1.14099121
1.12231445
1.13720703
1.11877441
1.13769531
1.13757324
1.11511230
1.13720703
1.13793945
1.12109375
1.11755371
1.10974121
1.11706542
1.12109375
1.14062500
1.11499023
1.12475585
1.11340332
1.11547851
1.11791992
1.12414550
1.13964843
1.12268066
1.12951660
1.12561035
1.11743164
