1.12951660
1.13159179
1.13854980
1.13977050
1.13867187
1.11535644
1.12170410
1.11938476
1.13452148
1.13452148
1.13757324
1.14013671
1.13134765
1.13317871
1.14111328
1.13366699
1.13806152
1.11657714
1.12158203
1.11657714
1.11462402
1.11425781
1.11633300
1.14013671
1.11291503
1.12036132
1.14001464
1.12255859
1.11669921
1.12109375
1.12341308
1.12512207
1.14233398
1.14099121
1.13586425
1.12243652
1.13989257
1.12194824
1.11914062
1.12451171
1.11193847
1.12158203
1.11621093
1.11389160
1.12084960
1.11840820
1.11889648
1.11352539
1.14123535
1.13269042
1.11767578
1.12634277
1.12145996
1.12036132
1.12548828
1.11926269
1.11755371
1.11157226
1.11840820
1.11743164
1.11987304
1.11718750
1.12438964
1.12133789
1.14086914
1.12890625
1.14172363
1.12109375
1.11474609
1.11828613
1.12060546
1.11975097
1.11376953
1.11718750
1.11975097
1.11437988
1.11828613
1.14147949
1.11718750
1.11767578
1.11816406
1.12072753
1.11572265
1.11621093
1.13452148
1.11486816
1.14099121
1.11804199
1.11596679
1.13342285
1.13720703
1.12316894
1.12011718
1.11999511
1.11364746
1.14111328
1.12121582
1.11657714
1.14013671
1.11633300
1.11572265
1.13391113
1.11755371
1.15148925
1.12011718
1.11291503
1.13720703
1.11584472
1.11755371
1.11950683
1.12109375
1.11938476
1.11816406
1.12121582
1.11926269
1.12097167
1.11999511
1.13317871
1.12011718
1.11926269
1.12353515
1.12121582
1.12060546
1.12353515
1.12634277
1.12109375
1.12109375
1.13647460
1.13635253
1.14221191
1.11437988
1.13476562
1.11743164
1.12023925
1.11437988
1.13952636
1.11791992
1.11840820
1.11657714
1.14086914
1.13476562
1.14135742
1.11840820
1.11279296
1.12207031
1.13354492
1.12365722
1.11828613
1.11755371
1.12475585
1.12280273
1.11291503
1.12390136
1.12170410
1.10754394
1.13806152
1.13854980
1.12243652
1.13403320
1.12011718
1.12219238
1.11413574
1.14428710
1.11621093
1.14050292
1.11865234
1.11706542
1.14013671
1.11572265
1.12011718
1.11389160
1.11450195
1.11230468
1.12744140
1.12304687
1.11926269
1.11669921
1.11621093
1.11853027
1.14013671
1.11828613
1.11535644
1.12036132
1.12341308
1.11987304
1.12231445
1.13842773
1.10778808
1.13598632
1.10974121
1.11621093
1.12194824
1.14025878
1.11865234
1.13647460
1.11291503
1.11560058
1.12561035
1.11804199
1.11425781
