1.11499023
1.13085937
1.09521484
1.12573242
1.11132812
1.11865234
1.12072753
1.11291503
1.14172363
1.11877441
1.13586425
1.10925292
1.11401367
1.11840820
1.13500976
1.11853027
1.12048339
1.12133789
1.11352539
1.11669921
1.11743164
1.11206054
1.11083984
1.12255859
1.13964843
1.11560058
1.11682128
1.11389160
1.11950683
1.13720703
1.12231445
1.11914062
1.12609863
1.11730957
1.11718750
1.12048339
1.13476562
1.11779785
1.12304687
1.11181640
1.14074707
1.11206054
1.13854980
1.11572265
1.11987304
1.11914062
1.11437988
1.14172363
1.14172363
1.10778808
1.11511230
1.11975097
1.11755371
1.14392089
1.11950683
1.11938476
1.12158203
1.11328125
1.15612792
1.14196777
1.11547851
1.11462402
1.13879394
1.13610839
1.12158203
1.11462402
1.13269042
1.12219238
1.12194824
1.12475585
1.11816406
1.12036132
1.13549804
1.11291503
1.11584472
1.14062500
1.11730957
1.11425781
1.11718750
1.11828613
1.12048339
1.12756347
1.11572265
1.14868164
1.12402343
1.11560058
1.10327148
1.13647460
1.13964843
1.12060546
1.12292480
1.14099121
1.11633300
1.11718750
1.13671875
1.12170410
1.13488769
1.11975097
1.12097167
1.12329101
1.10974121
1.11547851
1.11218261
1.11132812
1.12512207
1.11218261
1.12182617
1.11877441
1.11755371
1.11120605
1.14221191
1.11474609
1.12219238
1.13757324
1.13928222
1.12585449
1.14013671
1.11584472
1.14135742
1.11352539
1.12036132
1.13977050
1.12463378
1.12182617
1.11096191
1.11914062
1.11730957
1.13989257
1.11523437
1.11840820
1.12072753
1.11621093
1.13378906
1.11022949
1.11560058
1.11401367
1.13305664
1.14135742
1.13696289
1.11853027
1.12658691
1.12426757
1.12438964
1.13513183
1.12121582
1.12072753
1.12219238
1.13159179
1.11608886
1.11584472
1.11804199
1.11938476
1.12109375
1.12268066
1.14489746
1.02612304
1.12133789
.87866210
.87097167
1.12084960
1.15844726
1.11938476
1.11645507
1.12060546
1.11889648
1.11291503
1.14013671
1.11706542
1.11218261
1.11730957
1.11523437
1.11901855
1.14221191
1.12036132
1.12390136
1.13940429
1.11840820
1.11584472
1.11950683
1.12145996
1.11682128
1.11413574
1.11853027
1.15930175
1.12622070
1.12268066
1.11291503
1.12109375
1.11730957
1.11437988
1.11450195
1.11523437
1.11608886
1.12072753
1.11755371
1.11352539
1.11596679
1.15502929
1.11511230
1.11328125
