.89123535
1.15551757
1.11853027
1.11828613
1.15625000
1.15673828
1.13732910
1.16479492
1.11938476
1.11950683
1.11596679
1.12280273
1.13476562
1.12023925
1.11401367
1.13757324
1.13659667
1.11340332
1.12561035
1.11132812
1.13806152
1.12976074
1.12561035
1.13513183
1.11840820
1.12048339
1.12109375
1.15747070
1.12426757
1.13024902
1.11999511
1.11254882
1.11914062
1.11938476
1.12060546
1.11853027
1.11682128
1.11743164
1.14025878
1.11877441
1.11633300
1.11755371
1.13903808
1.11962890
1.12036132
1.11547851
1.11560058
1.11560058
1.13781738
1.13610839
1.11535644
1.14123535
1.11938476
1.11352539
1.11596679
1.11828613
1.11560058
1.12145996
1.13439941
1.11828613
1.11865234
1.12390136
1.12292480
1.11755371
1.11718750
1.11499023
1.13806152
1.11486816
1.13891601
1.13696289
1.13977050
1.11218261
1.12036132
1.13537597
1.10827636
1.11621093
1.11975097
1.12023925
1.11669921
1.13427734
1.11779785
1.11535644
1.10803222
1.12341308
1.12268066
1.11791992
1.11608886
1.12390136
1.11389160
1.12121582
1.12133789
1.11315917
1.12353515
1.11816406
1.11083984
1.10925292
1.11889648
1.12097167
1.11547851
1.13378906
1.11755371
1.11791992
1.11608886
1.11425781
1.11364746
1.12194824
1.13842773
1.11230468
1.12219238
1.10974121
1.11682128
1.13586425
1.12097167
1.12268066
1.12524414
1.12097167
1.12207031
1.11767578
1.12280273
1.13781738
1.12145996
1.11816406
1.11987304
1.11523437
1.12219238
1.11938476
1.12011718
1.14111328
1.13720703
1.11633300
1.11950683
1.11779785
1.13269042
1.12011718
1.12182617
1.11730957
1.11779785
1.13854980
1.11340332
1.11669921
1.11169433
1.13537597
1.12145996
1.12292480
1.12170410
1.13488769
1.12133789
1.13415527
1.13488769
1.13244628
1.14001464
1.13562011
1.13256835
1.13330078
1.13488769
1.13830566
1.12304687
1.12121582
1.12023925
1.13745117
1.11401367
1.11633300
1.11608886
1.12072753
1.11364746
1.13769531
1.12646484
1.12158203
1.12060546
1.11975097
1.12023925
1.12048339
1.12084960
1.11999511
1.14086914
1.12243652
1.14050292
1.13989257
1.11816406
1.12121582
1.11962890
1.12048339
1.12109375
1.12634277
1.12182617
1.12194824
1.13635253
1.11828613
1.11889648
1.12109375
1.14001464
1.12036132
1.11718750
1.11645507
1.11010742
1.12365722
1.12023925
1.12670898
1.12084960
1.11926269
