1.12768554
.77893066
1.11450195
1.01452636
.76745605
.88403320
1.12805175
1.11816406
1.11071777
1.11694335
1.12658691
1.11816406
1.11621093
1.12097167
1.11804199
1.11743164
1.11450195
1.11413574
1.12463378
1.11743164
1.11804199
1.14135742
1.11840820
1.13610839
1.15319824
1.14013671
1.15734863
1.11230468
1.11657714
1.14013671
1.11364746
1.15344238
1.14013671
1.12158203
1.11315917
1.11547851
1.11987304
1.12097167
1.11999511
1.12463378
1.11669921
1.12756347
1.13879394
1.11694335
1.11816406
1.13842773
1.11950683
1.13781738
1.11401367
1.11914062
1.11376953
1.11572265
1.13403320
1.11926269
1.12377929
1.13830566
1.12426757
1.11694335
1.13732910
1.12207031
1.12072753
1.11315917
1.13427734
1.12133789
1.13183593
1.11499023
1.12353515
1.11828613
1.12011718
1.11511230
1.13635253
1.11791992
1.13952636
1.13427734
1.11999511
1.11303710
1.12548828
1.12634277
1.11230468
1.11621093
1.11279296
1.12145996
1.13696289
1.13781738
1.15600585
1.11865234
1.13024902
1.11425781
1.12133789
1.12011718
1.12036132
1.12036132
1.11926269
1.14343261
1.12097167
1.11230468
1.11572265
1.12072753
1.12231445
1.11694335
1.11633300
1.11669921
1.12414550
1.11877441
1.13610839
1.13903808
1.11254882
1.11010742
1.11828613
1.11499023
1.03332519
1.11889648
1.12255859
1.12573242
1.12536621
1.13586425
1.11950683
1.12683105
1.11413574
1.11364746
1.11657714
1.11584472
1.14074707
1.12072753
1.13989257
1.12060546
1.11865234
1.13903808
1.11560058
1.11816406
1.11926269
1.14099121
1.11560058
1.12414550
1.11975097
1.11730957
1.12487792
1.11254882
1.14575195
1.11791992
1.11389160
1.11975097
1.11645507
1.11511230
1.11828613
1.13977050
1.11877441
1.12207031
1.11547851
1.12219238
1.13525390
1.13769531
1.11645507
1.11340332
1.12133789
1.11791992
1.13635253
1.11926269
1.12109375
1.13732910
1.12377929
1.11877441
1.11682128
1.12097167
1.14489746
1.11926269
1.11901855
1.12072753
1.12109375
1.12451171
1.11743164
1.14135742
1.12622070
1.13354492
1.11865234
1.11865234
1.13879394
1.11132812
1.11743164
1.12597656
1.11730957
1.11437988
1.13623046
1.11914062
1.11376953
1.11682128
1.11584472
1.11682128
1.11340332
1.15014648
1.16650390
1.12023925
1.12329101
1.11669921
1.11706542
1.11413574
1.11987304
1.11340332
1.13879394
1.11645507
