.77441406
.85778808
.93054199
1.03808593
1.11950683
1.15356445
1.12048339
1.11828613
1.11743164
1.10412597
1.12036132
1.12194824
1.11975097
1.11804199
1.13952636
1.11779785
1.11230468
1.11608886
1.12023925
1.11462402
1.11486816
1.16613769
1.14062500
1.11596679
1.11804199
1.10693359
1.11608886
1.12353515
1.11901855
1.11596679
1.11499023
1.11413574
1.15930175
1.11767578
1.11669921
1.11560058
1.11682128
1.13537597
1.11633300
1.11315917
1.13940429
1.14477539
1.11816406
1.11718750
1.11462402
1.11291503
1.11364746
1.11352539
1.11767578
1.12072753
1.11315917
1.11804199
1.11376953
1.14147949
1.11962890
1.12121582
1.11572265
1.13842773
1.14221191
1.16027832
1.11938476
1.10717773
1.11596679
1.12133789
1.11413574
1.11315917
1.11584472
1.12683105
1.11865234
1.11486816
1.12316894
1.12170410
1.11755371
1.12170410
1.11791992
1.14050292
1.15942382
1.15441894
1.15771484
1.11840820
1.11645507
1.13964843
1.11145019
1.11743164
1.11450195
1.11389160
1.11975097
1.11962890
1.14270019
1.14074707
1.11376953
1.12072753
1.13439941
1.13488769
1.11938476
1.13195800
1.13269042
1.13745117
1.13891601
1.13330078
1.13415527
1.13903808
1.13464355
1.13159179
1.13684082
1.13818359
1.13415527
1.13378906
1.13281250
1.13439941
1.13269042
1.13537597
1.13671875
1.11865234
1.13562011
1.14111328
1.11486816
1.12011718
1.11389160
1.14001464
1.12402343
1.13842773
1.14294433
1.11767578
1.12377929
1.11975097
1.12182617
1.11230468
1.12646484
1.12011718
.79199218
1.12353515
.88403320
1.14526367
1.13903808
1.11254882
1.12036132
1.11730957
1.11132812
1.13867187
1.11523437
1.11962890
1.11303710
1.12414550
1.12170410
1.11425781
1.11560058
1.11511230
1.11499023
1.15502929
1.12353515
1.11853027
1.11401367
1.13610839
1.11010742
1.11828613
1.11608886
1.11364746
1.11474609
1.14196777
1.12170410
1.11791992
1.11157226
1.11853027
1.13525390
1.11083984
1.12084960
.86657714
1.12158203
1.11437988
1.13769531
1.13647460
1.13940429
1.11352539
1.13793945
1.13964843
1.11889648
1.12048339
1.14172363
1.11853027
1.13830566
1.11401367
1.11291503
1.11621093
1.12036132
1.13574218
1.12048339
1.11999511
1.11828613
1.12084960
1.11547851
1.11633300
1.11413574
1.13671875
1.13415527
1.12915039
1.11779785
1.14135742
1.11682128
1.13916015
