.70849609
.75769042
.79882812
.73937988
.82141113
.84423828
1.03063964
1.02819824
1.11535644
1.10461425
1.11486816
1.15539550
1.11193847
1.13439941
1.12341308
1.14160156
1.11218261
1.14294433
1.10400390
1.11914062
1.11804199
1.11694335
1.11157226
1.10510253
1.11657714
1.12121582
1.12451171
1.11462402
1.12414550
1.10925292
1.12219238
1.11608886
1.11621093
1.11633300
1.11474609
1.11816406
1.12426757
1.15490722
1.14160156
1.11059570
1.11645507
1.11401367
1.11535644
1.11779785
1.11767578
1.13549804
1.11413574
1.11450195
1.14074707
1.11804199
1.11694335
1.12084960
1.11572265
1.12207031
1.11413574
1.11486816
1.11486816
1.11242675
1.11999511
1.11584472
1.11340332
1.11376953
1.11791992
1.13549804
1.11865234
1.11352539
1.13647460
1.12573242
1.11730957
1.12048339
1.13464355
1.11437988
1.12158203
1.12145996
1.14233398
1.13330078
1.15698242
1.12170410
1.13769531
1.11560058
1.11938476
1.11828613
1.13427734
1.12927246
1.10473632
1.14196777
1.12377929
1.11743164
1.13940429
1.12451171
1.12084960
1.11828613
1.12060546
1.11926269
1.13745117
1.11950683
1.11633300
1.11865234
1.11401367
1.11718750
1.12072753
1.12414550
1.11950683
1.11340332
1.11633300
1.11779785
1.11535644
1.11376953
1.12316894
1.11962890
1.11914062
1.11779785
1.11364746
1.11987304
1.11462402
1.11987304
1.11425781
1.14270019
1.12036132
1.12402343
1.11450195
1.12084960
1.13964843
1.11718750
1.12133789
1.13903808
1.13452148
1.13183593
1.11242675
1.16101074
1.11633300
1.11816406
1.12548828
1.12255859
1.13671875
1.11523437
1.11499023
1.11462402
1.11389160
1.11633300
1.11718750
1.11437988
1.11694335
1.11389160
1.11816406
1.12109375
1.11206054
1.11132812
1.12390136
1.10839843
1.11828613
1.12072753
1.11523437
1.12231445
1.13964843
1.11560058
1.11267089
1.12011718
1.11706542
1.13989257
1.12634277
1.12341308
1.12426757
1.12194824
1.12255859
1.14477539
1.12487792
1.12487792
1.11621093
1.12268066
1.11694335
1.13342285
1.11999511
1.11376953
1.11743164
1.11572265
1.11975097
1.11584472
1.11657714
1.11987304
1.11486816
1.11584472
1.12268066
1.12023925
1.12170410
1.11901855
1.12231445
1.12109375
1.12011718
1.12060546
1.11694335
1.12023925
1.11975097
1.12145996
1.14086914
1.11633300
1.11059570
1.13769531
1.12207031
1.11804199
