1.01904296
1.01940917
1.01928710
1.01965332
1.01928710
1.02001953
1.02001953
1.01953125
1.02001953
1.02014160
1.01977539
1.01965332
1.01977539
1.02014160
1.01953125
1.02001953
1.01928710
1.02001953
1.02001953
1.01904296
1.01916503
1.01965332
1.01916503
1.02038574
1.02001953
1.01940917
1.02014160
1.02001953
1.02001953
1.02038574
1.01989746
1.02014160
1.02014160
1.02001953
1.00073242
1.00061035
1.00073242
1.00024414
1.00024414
1.00048828
1.00073242
1.00036621
1.00122070
.99597167
.99572753
1.00134277
1.00134277
1.00085449
1.00085449
1.00073242
.99560546
1.00085449
1.00061035
1.00048828
1.00036621
1.00170898
1.00134277
1.00061035
1.00073242
1.00073242
1.00097656
1.00097656
1.00183105
1.00134277
1.00195312
.99633789
1.00073242
1.00048828
.99511718
1.00134277
1.00122070
1.00134277
1.00048828
1.00024414
1.00097656
1.00036621
1.00085449
1.00024414
1.00097656
1.00048828
1.00097656
1.00024414
1.00073242
1.00097656
1.00048828
1.00061035
1.00061035
1.00012207
1.00134277
1.00012207
1.00097656
1.00097656
1.00073242
1.00024414
1.00048828
1.00036621
.99609375
.99548339
1.00036621
1.00048828
1.00012207
1.00109863
.99511718
1.00024414
1.00012207
1.00109863
1.00109863
1.00134277
.99536132
.99670410
.99548339
1.00073242
1.00000000
1.00012207
1.00048828
1.00036621
.99975585
1.00036621
1.00158691
1.00134277
1.00012207
1.00061035
1.00061035
1.00109863
1.00073242
1.00146484
1.00024414
1.00134277
.99645996
.99719238
.99230957
.99218750
.99157714
.99169921
.99243164
.99230957
.99304199
.99194335
.98754882
.98767089
.99279785
.99255371
.99243164
.99060058
.99255371
.99194335
.99157714
.99145507
.99523925
.99658203
1.00109863
1.00134277
.99938964
1.00036621
1.00061035
1.00048828
.99938964
1.00000000
1.00061035
.99938964
1.00061035
1.00012207
.99975585
1.00073242
1.00097656
1.00073242
1.00146484
1.00146484
1.00341796
1.00207519
1.00366210
.99877929
1.00366210
1.00268554
1.00341796
.98876953
.98913574
.99426269
.99438476
.98950195
.99426269
.99475097
.99487304
.99462890
.98974609
.99609375
.99462890
.98962402
.98937988
.99475097
.98974609
.99438476
.99475097
.99438476
.99462890
.99011230
.98974609
.99438476
.99426269
.98901367
