1.01977539
1.02026367
1.01965332
1.02026367
1.01855468
1.01940917
1.02014160
1.01965332
1.01977539
1.01867675
1.01940917
1.01928710
1.01965332
1.01916503
1.01916503
1.01892089
1.01879882
1.02014160
1.01892089
1.01940917
1.01904296
1.01953125
1.02001953
1.01879882
1.01977539
1.01892089
1.01879882
1.01843261
1.01989746
1.01953125
1.01904296
1.01843261
1.01989746
1.01940917
1.01940917
1.01928710
1.01940917
1.01940917
1.01989746
1.01940917
1.01953125
1.02001953
1.01940917
1.01965332
1.01965332
1.01989746
1.01928710
1.02014160
1.02001953
1.02001953
1.01989746
1.02026367
1.01977539
1.02014160
1.01965332
1.01928710
1.02014160
1.01965332
1.01892089
1.01953125
1.01965332
1.02001953
1.02038574
1.01940917
1.01892089
1.01904296
1.01904296
1.02014160
1.02075195
1.02001953
1.01940917
1.01904296
1.01940917
1.01892089
1.01940917
1.01928710
1.01916503
1.02014160
1.02014160
1.01892089
1.01977539
1.01904296
1.01977539
1.01916503
1.01977539
1.01965332
1.01989746
1.01953125
1.01953125
1.01940917
1.01904296
1.01977539
1.01989746
1.01879882
1.01965332
1.02026367
1.01953125
1.01940917
1.01965332
1.01904296
1.01953125
1.01989746
1.02014160
1.02050781
1.01928710
1.01965332
1.01977539
1.01940917
1.01928710
1.01989746
1.02038574
1.01989746
1.01928710
1.01904296
1.02001953
1.01928710
1.01928710
1.01965332
1.01965332
1.01977539
1.01953125
1.01953125
1.01953125
1.02026367
1.01965332
1.01928710
1.02001953
1.01940917
1.01904296
1.01904296
1.01965332
1.01965332
1.01965332
1.01904296
1.01904296
1.01904296
1.01965332
1.01916503
1.01928710
1.02001953
1.01916503
1.01892089
1.01989746
1.01965332
1.01965332
1.01892089
1.01953125
1.01965332
1.01904296
1.01965332
1.02026367
1.01977539
1.01965332
1.01977539
1.01892089
1.02075195
1.02014160
1.01916503
1.01953125
1.02038574
1.02014160
1.01977539
1.01965332
1.02001953
1.02001953
1.02014160
1.01989746
1.02026367
1.01965332
1.01965332
1.02026367
1.01965332
1.02001953
1.02062988
1.02038574
1.01965332
1.02026367
1.01977539
1.01965332
1.02001953
1.02111816
1.02026367
1.02014160
1.02014160
1.02075195
1.01989746
1.02075195
1.01989746
1.02050781
1.01965332
1.02075195
1.02075195
1.02111816
1.01977539
1.01965332
1.02148437
1.01977539
1.02014160
1.02197265
1.02062988
