1.01989746
1.01977539
1.01940917
1.01940917
1.02087402
1.02014160
1.01879882
1.02050781
1.02062988
1.01965332
1.02050781
1.02050781
1.01904296
1.01965332
1.01965332
1.01989746
1.01965332
1.01940917
1.01965332
1.01989746
1.02026367
1.01977539
1.01916503
1.01965332
1.01904296
1.01965332
1.02026367
1.02014160
1.01977539
1.01953125
1.01953125
1.01928710
1.01928710
1.02026367
1.01928710
1.01977539
1.01928710
1.01940917
1.02001953
1.01953125
1.02014160
1.01928710
1.02014160
1.01977539
1.02001953
1.01965332
1.01904296
1.02001953
1.02014160
1.02014160
1.01953125
1.02026367
1.02014160
1.01867675
1.01989746
1.01953125
1.01989746
1.02050781
1.02075195
1.01928710
1.01977539
1.01916503
1.01965332
1.01977539
1.02038574
1.01879882
1.01940917
1.01953125
1.01977539
1.01928710
1.02026367
1.01977539
1.01977539
1.01965332
1.02026367
1.01977539
1.01989746
1.01904296
1.02050781
1.02099609
1.02075195
1.01928710
1.02050781
1.02038574
1.02062988
1.02075195
1.02075195
1.02050781
1.01977539
1.02075195
1.02075195
1.01965332
1.01953125
1.01989746
1.01965332
1.01977539
1.02075195
1.01977539
1.02038574
1.01989746
1.01928710
1.01953125
1.01953125
1.01940917
1.02014160
1.02001953
1.01989746
1.02124023
1.02014160
1.02026367
1.02026367
1.00012207
1.00134277
1.00048828
1.00073242
1.00012207
1.00109863
1.00012207
1.00061035
.99963378
1.00073242
1.00048828
1.00012207
1.00024414
1.00073242
1.00073242
1.00024414
1.00024414
1.00024414
1.00048828
1.00024414
1.00012207
.99987792
1.00073242
1.00122070
1.00134277
1.00012207
1.00012207
1.00073242
1.00024414
1.00048828
1.00085449
1.00036621
1.00012207
1.00048828
1.00061035
1.00061035
1.00085449
1.00012207
1.00073242
1.00024414
1.00048828
1.00024414
1.00048828
1.00036621
1.00085449
1.00024414
1.00073242
1.00073242
1.00024414
1.00036621
1.00024414
1.00036621
1.00036621
1.00097656
1.00012207
1.00073242
1.00109863
1.00048828
.99621582
1.00085449
1.00085449
1.00158691
1.00073242
.99670410
.99584960
1.00073242
1.00097656
1.00061035
1.00134277
1.00036621
1.00061035
1.00097656
1.00048828
1.00012207
1.00048828
1.00122070
1.00061035
1.00183105
1.00061035
1.00061035
1.00097656
1.00073242
1.00036621
1.00036621
1.00085449
1.00097656
1.00000000
1.00012207
.99572753
