1.01904296
1.01904296
1.02014160
1.01879882
1.01989746
1.01928710
1.01916503
1.02026367
1.02001953
1.01965332
1.01977539
1.01977539
1.01977539
1.01989746
1.02014160
1.02014160
1.02014160
1.02014160
1.01989746
1.01916503
1.02001953
1.01940917
1.02014160
1.01940917
1.01989746
1.02026367
1.01989746
1.01977539
1.02026367
1.02014160
1.01977539
1.02026367
1.01965332
1.02001953
1.00036621
1.00073242
1.00073242
1.00024414
1.00109863
1.00048828
1.00073242
1.00122070
1.00109863
1.00073242
1.00061035
1.00122070
1.00170898
1.00073242
1.00048828
.99987792
1.00134277
1.00061035
1.00158691
1.00109863
1.00012207
1.00158691
1.00109863
1.00122070
1.00122070
.99670410
1.00195312
1.00231933
1.00073242
1.00158691
1.00073242
1.00109863
.99597167
1.00183105
1.00085449
.99584960
1.00036621
1.00109863
1.00122070
.99975585
1.00048828
1.00073242
1.00122070
1.00024414
1.00061035
1.00073242
1.00109863
1.00109863
1.00073242
1.00048828
1.00134277
1.00122070
1.00134277
1.00012207
1.00036621
1.00036621
1.00109863
1.00158691
1.00134277
1.00195312
.99670410
1.00109863
1.00061035
1.00170898
1.00195312
1.00134277
.99645996
.99169921
.99169921
.99206542
.99182128
.99243164
.98718261
.99255371
.98730468
.99279785
.99255371
.99255371
.99206542
.99230957
.99279785
.99230957
.99243164
.99340820
.99230957
.99328613
.99267578
.99267578
.99304199
.99328613
.99291992
.99304199
.99267578
.99401855
.99206542
.99206542
.99060058
.99243164
.99145507
.99621582
1.00122070
1.00085449
1.00085449
1.00109863
1.00061035
.99926757
1.00048828
1.00061035
1.00134277
.99987792
1.00109863
1.00085449
.99987792
1.00073242
1.00061035
1.00085449
1.00134277
1.00036621
.99926757
1.00036621
1.00085449
1.00109863
1.00048828
1.00085449
1.00036621
1.00207519
1.00012207
1.00341796
1.00305175
1.00073242
.99914550
1.00268554
1.00341796
1.00292968
.99694824
.99768066
1.00292968
1.00256347
1.00085449
1.00244140
1.00341796
1.00244140
1.00158691
1.00207519
1.00158691
1.00207519
.99707031
1.00366210
1.00195312
1.00292968
.99719238
.99707031
.99768066
1.00170898
1.00256347
1.00170898
1.00280761
1.00280761
1.00292968
1.00231933
1.00219726
1.00195312
1.00280761
1.00183105
1.00244140
1.00341796
