1.01977539
1.01989746
1.01892089
1.01965332
1.01989746
1.01928710
1.01977539
1.02014160
1.02014160
1.01977539
1.02014160
1.01940917
1.02014160
1.02014160
1.02014160
1.02014160
1.02014160
1.02050781
1.02038574
1.02014160
1.02014160
1.02014160
1.02038574
1.02075195
1.02172851
1.02075195
1.02136230
1.01989746
1.01977539
1.02136230
1.02136230
1.02050781
1.02099609
1.02038574
1.02001953
1.01977539
1.01916503
1.01928710
1.02075195
1.01965332
1.01977539
1.02099609
1.02075195
1.02050781
1.02050781
1.02050781
1.02075195
1.02136230
1.02062988
1.02062988
1.02087402
1.02197265
1.01953125
1.02075195
1.02038574
1.02026367
1.01989746
1.01953125
1.01989746
1.02038574
1.02075195
1.02050781
1.02075195
1.02026367
1.01928710
1.02197265
1.02062988
1.02099609
1.02185058
1.01965332
1.02014160
1.02197265
1.01940917
1.01977539
1.02124023
1.02050781
1.01940917
1.02026367
1.02026367
1.02075195
1.02087402
1.02062988
1.02075195
1.02026367
1.02050781
1.01965332
1.02038574
1.02050781
1.02062988
1.01965332
1.01953125
1.02075195
1.02075195
1.02136230
1.02062988
1.02075195
1.02075195
1.01940917
1.01940917
1.01965332
1.02124023
1.02075195
1.02038574
1.01965332
1.02197265
1.02075195
1.01989746
1.01940917
1.02050781
1.02075195
1.02075195
1.02014160
1.01965332
1.02050781
1.01916503
.99987792
1.00085449
1.00122070
1.00097656
1.00073242
1.00024414
1.00109863
.99731445
1.00183105
1.00170898
1.00061035
.99633789
.99609375
.99133300
.99035644
.99670410
.99206542
.99169921
.99133300
.99060058
.99121093
.99609375
.99169921
.99145507
.99145507
.99255371
.99194335
.99255371
.99218750
.99304199
.99291992
.99230957
.99243164
.99243164
.99267578
.98779296
.99218750
.99304199
.99255371
.99243164
.99243164
.99230957
.99267578
.99279785
.99304199
.99255371
.99267578
.99243164
.99243164
.99243164
.99304199
.98730468
.99267578
.99230957
.99365234
.99230957
.99267578
.99243164
.99206542
.99194335
.99243164
.99230957
.99279785
.99243164
.99255371
.99243164
.99230957
.99182128
.99304199
.99194335
.99340820
.99267578
.99230957
.99304199
.99072265
.99194335
.99206542
.99108886
.99206542
.99243164
.99096679
.99157714
.99133300
.99108886
.99206542
