1.02136230
1.02075195
1.02001953
1.02001953
1.02124023
1.02099609
1.02001953
1.01965332
1.01940917
1.02075195
1.01977539
1.02075195
1.02075195
1.02026367
1.01953125
1.02014160
1.02001953
1.02026367
1.02001953
1.01940917
1.02001953
1.01928710
1.01904296
1.01965332
1.01989746
1.02001953
1.01953125
1.01940917
1.01989746
1.01977539
1.01928710
1.02001953
1.01928710
1.01989746
1.01953125
1.01977539
1.01989746
1.02014160
1.01989746
1.01965332
1.02014160
1.02014160
1.02026367
1.01989746
1.02001953
1.00085449
1.00073242
1.00024414
1.00073242
1.00134277
1.00012207
1.00036621
1.00109863
1.00122070
1.00048828
1.00036621
.99645996
.99572753
1.00012207
1.00134277
1.00170898
1.00158691
1.00000000
.99584960
1.00195312
1.00134277
.99572753
1.00061035
1.00073242
1.00109863
1.00036621
1.00073242
1.00170898
1.00073242
.99560546
1.00097656
1.00073242
1.00195312
1.00122070
1.00085449
.99987792
1.00061035
1.00195312
1.00073242
1.00085449
1.00134277
1.00061035
.99597167
.99987792
1.00146484
1.00073242
1.00146484
1.00036621
.99987792
1.00134277
1.00073242
1.00097656
1.00207519
.99633789
.99597167
1.00134277
.99157714
.99157714
.99169921
.99218750
.99169921
.99169921
.99157714
.99157714
.99121093
.99182128
.99194335
.99218750
.99194335
.99658203
.99645996
.99133300
.99206542
.99218750
.99157714
.99145507
.99157714
.99121093
.99218750
.99206542
.99230957
.99194335
.99267578
.99230957
.99145507
.99267578
.99206542
.99206542
.99218750
.98779296
.99243164
.99267578
.99230957
.99243164
.99255371
.99304199
.99291992
.99291992
.99218750
.99267578
.99243164
.99304199
.99291992
.99194335
.99377441
.99169921
.99401855
.99462890
.99340820
.99365234
.99230957
1.00219726
1.00109863
1.00122070
1.00329589
1.00097656
1.00170898
1.00097656
1.00207519
1.00122070
1.00122070
1.00195312
1.00219726
.99780273
.99865722
.99743652
.99865722
.99902343
.99890136
1.00341796
.99865722
.99804687
.99438476
.99340820
.99401855
.99426269
.99389648
.99389648
.99426269
.98925781
.99401855
.99414062
.99438476
.99426269
.99475097
.99414062
.99389648
.99401855
.99438476
.98925781
.98730468
.99426269
.99426269
.99414062
.99072265
