1.01892089
1.01965332
1.01989746
1.02050781
1.02075195
1.02014160
1.01953125
1.02026367
1.01977539
1.01989746
1.01977539
1.01928710
1.01965332
1.01977539
1.01940917
1.02001953
1.01953125
1.01892089
1.01916503
1.02014160
1.02014160
1.02001953
1.01928710
1.01928710
1.02014160
1.01977539
1.01965332
1.02014160
1.01965332
1.02001953
1.01892089
1.02014160
1.02001953
1.02014160
1.00036621
1.00024414
1.00048828
1.00073242
1.00073242
1.00122070
1.00097656
1.00036621
1.00048828
1.00036621
1.00073242
1.00073242
1.00036621
1.00048828
1.00097656
.99975585
1.00012207
1.00073242
1.00073242
1.00085449
1.00024414
1.00134277
1.00158691
1.00122070
1.00073242
1.00085449
1.00061035
1.00000000
1.00122070
1.00073242
1.00000000
1.00024414
1.00073242
1.00085449
1.00061035
1.00012207
1.00073242
1.00073242
1.00073242
1.00000000
1.00061035
1.00048828
1.00134277
.99963378
1.00024414
1.00122070
1.00073242
1.00073242
1.00024414
1.00134277
1.00061035
.99951171
1.00012207
1.00012207
1.00036621
.99987792
.99926757
1.00085449
1.00012207
1.00036621
1.00048828
1.00073242
.99914550
1.00146484
.99902343
1.00073242
1.00073242
1.00012207
1.00061035
1.00012207
.99902343
1.00000000
.99951171
.99938964
.99914550
1.00036621
1.00012207
.99938964
1.00000000
1.00012207
1.00000000
1.00000000
.99951171
.99951171
.99963378
1.00012207
.99938964
.99914550
.99987792
.99902343
.99987792
1.00134277
1.00048828
1.00061035
1.00000000
.99890136
1.00036621
1.00012207
.99902343
1.00109863
.99987792
.99853515
1.00073242
1.00036621
.99975585
.99890136
.99902343
1.00036621
1.00000000
.99938964
.99975585
1.00036621
1.00146484
1.00109863
.99951171
1.00122070
1.00146484
.99975585
1.00122070
1.00097656
1.00158691
1.00024414
1.00158691
1.00085449
1.00183105
1.00073242
1.00329589
1.00256347
1.00244140
1.00195312
1.00292968
1.00170898
1.00268554
1.00146484
1.00280761
1.00109863
1.00219726
1.00341796
.99707031
.99926757
1.00146484
1.00292968
.99975585
.99780273
.99816894
1.00231933
.99853515
.99670410
.99841308
1.00195312
.99841308
.99780273
.99829101
1.00305175
.99816894
1.00219726
.99780273
.99743652
1.00292968
.99768066
.99829101
.99707031
1.00329589
.99865722
1.00256347
1.00366210
