1.01977539
1.02075195
1.02014160
1.01953125
1.01916503
1.01928710
1.02001953
1.02026367
1.01940917
1.01940917
1.01928710
1.01965332
1.01928710
1.02026367
1.01977539
1.02075195
1.02001953
1.02075195
1.01904296
1.02075195
1.02014160
1.02014160
1.01965332
1.01989746
1.02014160
1.01940917
1.02001953
1.02014160
1.02014160
1.01989746
1.02026367
1.01953125
1.01953125
1.01965332
1.01940917
1.01977539
1.01892089
1.01940917
1.01977539
1.02026367
1.01953125
1.02014160
1.01977539
1.01989746
1.02050781
1.01989746
1.00134277
1.00048828
1.00048828
1.00048828
1.00085449
1.00061035
.99975585
1.00231933
.99609375
1.00158691
1.00158691
1.00085449
1.00158691
1.00097656
1.00109863
1.00073242
1.00073242
1.00109863
1.00061035
1.00036621
1.00073242
1.00134277
1.00000000
1.00073242
1.00085449
1.00048828
1.00134277
1.00207519
1.00085449
.99548339
1.00073242
1.00109863
1.00183105
1.00097656
1.00134277
1.00073242
1.00073242
1.00134277
1.00122070
1.00134277
1.00146484
1.00183105
1.00195312
1.00207519
1.00231933
1.00134277
1.00195312
1.00048828
1.00085449
.99987792
1.00085449
1.00085449
1.00085449
1.00012207
1.00000000
1.00048828
1.00061035
1.00048828
1.00061035
1.00073242
1.00000000
1.00036621
1.00122070
1.00073242
1.00097656
1.00109863
1.00085449
1.00097656
1.00036621
1.00122070
1.00158691
1.00048828
1.00048828
1.00109863
1.00170898
1.00097656
1.00073242
1.00085449
1.00195312
1.00085449
1.00000000
1.00024414
1.00134277
.99597167
1.00158691
1.00085449
1.00036621
.99572753
1.00061035
1.00073242
1.00085449
1.00061035
1.00134277
1.00097656
1.00073242
1.00048828
.99584960
1.00085449
1.00048828
1.00000000
1.00158691
.99572753
1.00036621
1.00085449
1.00061035
1.00048828
1.00061035
1.00122070
1.00085449
1.00024414
1.00048828
1.00134277
1.00036621
1.00036621
1.00061035
1.00073242
1.00073242
.99975585
1.00073242
.99914550
1.00024414
1.00024414
1.00073242
1.00024414
1.00012207
1.00061035
1.00012207
.99902343
.99987792
.99902343
.99926757
1.00036621
1.00036621
.99951171
.99987792
.99963378
1.00146484
1.00158691
1.00061035
1.00170898
1.00024414
1.00061035
1.00158691
1.00158691
1.00048828
1.00170898
1.00134277
1.00170898
1.00024414
1.00195312
1.00219726
1.00024414
1.00244140
1.00292968
