1.01989746
1.02001953
1.02014160
1.02014160
1.02014160
1.01977539
1.02014160
1.02014160
1.02001953
1.01965332
1.02014160
1.01953125
1.01989746
1.02001953
1.01953125
1.01989746
1.01977539
1.02001953
1.02001953
1.02075195
1.01965332
1.01965332
1.01977539
1.02136230
1.02014160
1.02038574
1.02001953
1.02001953
1.02014160
1.02014160
1.02038574
1.02014160
1.01989746
1.02014160
1.02014160
1.00073242
1.00036621
1.00048828
.99987792
1.00073242
1.00134277
1.00024414
1.00097656
1.00085449
1.00073242
1.00073242
1.00073242
1.00061035
1.00170898
.99633789
1.00073242
1.00061035
1.00146484
1.00073242
.99633789
.99633789
1.00073242
1.00170898
1.00073242
1.00097656
1.00122070
1.00073242
1.00146484
1.00085449
1.00036621
1.00073242
1.00122070
1.00048828
1.00109863
1.00085449
1.00085449
1.00085449
1.00073242
1.00024414
1.00061035
.99633789
1.00109863
1.00158691
1.00036621
.99987792
1.00073242
1.00122070
1.00097656
1.00195312
1.00097656
1.00024414
1.00085449
1.00061035
1.00109863
.99975585
1.00073242
1.00097656
1.00061035
1.00085449
.99572753
1.00036621
1.00061035
1.00134277
1.00207519
.99694824
1.00146484
1.00195312
1.00073242
1.00109863
1.00048828
1.00000000
1.00073242
1.00109863
1.00146484
1.00256347
1.00073242
.99597167
.99609375
.99719238
.99743652
1.00134277
1.00048828
.99133300
.99230957
.99267578
.99218750
.99267578
.99267578
.99255371
.99279785
.99243164
.99194335
.99230957
.99194335
.99304199
.99230957
.99230957
.99218750
.99230957
.99255371
.99194335
.99230957
.99194335
.99255371
.99255371
.99206542
.99157714
.99108886
.99145507
.99084472
.99157714
.99194335
.99230957
.99230957
.99255371
.99194335
.99230957
.99291992
.99182128
.99377441
.99365234
.99401855
.99353027
.99255371
.99353027
.99328613
.99731445
1.00244140
1.00305175
1.00244140
1.00231933
1.00170898
1.00256347
1.00146484
.99902343
1.00207519
1.00183105
1.00256347
1.00280761
1.00256347
.99731445
.99938964
1.00231933
.99755859
1.00207519
.99853515
.99829101
.99731445
.99963378
.99279785
.99353027
.99755859
.99853515
1.00329589
.99389648
.99438476
.98999023
.99487304
.99450683
.98974609
.99523925
.99523925
.98999023
.98999023
.98986816
