1.01965332
1.01989746
1.01953125
1.01965332
1.01965332
1.01977539
1.01989746
1.02014160
1.01977539
1.02001953
1.01965332
1.01977539
1.02014160
1.01965332
1.02001953
1.02026367
1.01977539
1.02014160
1.01953125
1.01953125
1.01977539
1.02001953
1.02014160
1.01965332
1.02026367
1.02014160
1.02001953
1.02001953
1.02014160
1.02014160
1.02050781
1.02001953
1.02014160
1.00073242
1.00073242
1.00073242
1.00134277
1.00134277
1.00097656
1.00073242
1.00085449
1.00024414
1.00073242
1.00073242
1.00048828
.99633789
1.00207519
1.00134277
1.00024414
1.00109863
1.00085449
1.00073242
1.00000000
1.00061035
1.00122070
1.00207519
1.00231933
1.00146484
1.00109863
1.00097656
1.00146484
1.00158691
1.00195312
1.00134277
1.00048828
1.00085449
1.00036621
1.00122070
1.00158691
1.00085449
.99987792
1.00097656
1.00134277
1.00122070
1.00036621
1.00073242
1.00073242
1.00085449
1.00073242
1.00170898
1.00170898
1.00134277
1.00073242
1.00073242
1.00183105
1.00134277
1.00146484
.99975585
1.00085449
1.00146484
1.00109863
1.00109863
.99597167
1.00122070
1.00061035
1.00073242
1.00012207
1.00097656
1.00134277
1.00073242
1.00134277
1.00170898
1.00109863
.99121093
.99243164
.99182128
.99194335
.99230957
.99267578
.99243164
.99218750
.99255371
.99230957
.99194335
.99230957
.99255371
.99243164
.99218750
.99230957
.99169921
.98742675
.98767089
.99255371
.99304199
.99267578
.99267578
.99304199
.99243164
.99255371
.99304199
.99243164
.99206542
.99194335
.99255371
.99291992
.99230957
.99267578
.99304199
.99279785
.99206542
.99279785
.99389648
.99194335
.99426269
.99218750
.99230957
.99255371
.99194335
.99194335
.99084472
.99206542
.99182128
.99584960
1.00195312
1.00170898
1.00134277
1.00231933
1.00329589
1.00146484
1.00244140
1.00256347
1.00109863
1.00244140
1.00183105
1.00268554
1.00341796
1.00170898
1.00268554
1.00195312
1.00463867
1.00390625
.99902343
.99401855
1.00231933
1.00451660
.99694824
.99951171
.99792480
1.00378417
.99890136
.99719238
.99951171
.99731445
.99816894
1.00219726
1.00354003
.99768066
.99780273
.99816894
.99291992
.99438476
1.00366210
1.00036621
1.00354003
.99450683
1.00024414
1.03417968
1.03076171
.98999023
.98474121
