1.27587890
1.27526855
1.27636718
1.27673339
1.27441406
1.27050781
1.26745605
1.27453613
1.27661132
1.27453613
1.26940917
1.27709960
1.27575683
1.27099609
1.27673339
1.27185058
1.27465820
1.27673339
1.26940917
1.27661132
1.26672363
1.27575683
1.27575683
1.27612304
1.27575683
1.26940917
1.26782226
1.26928710
1.26550292
1.26342773
1.26342773
1.26660156
1.26391601
1.26562500
1.26342773
1.26538085
1.26562500
1.27075195
1.26672363
1.26513671
1.26525878
1.27148437
1.26757812
1.26159667
1.27087402
1.26953125
1.26428222
1.26306152
1.26525878
1.27014160
1.26574707
1.26440429
1.26672363
1.26440429
1.26660156
1.26733398
1.26562500
1.26440429
1.26684570
1.26452636
1.27209472
1.26953125
1.27136230
1.26440429
1.26452636
1.26342773
1.26440429
1.26611328
1.26464843
1.26550292
1.26757812
1.26550292
1.26623535
1.26428222
1.26794433
1.26928710
1.26550292
1.26550292
1.26977539
1.26464843
1.27160644
1.26843261
1.26489257
1.26672363
1.26940917
1.27148437
1.26611328
1.26550292
1.26940917
1.26879882
1.26672363
1.27514648
1.26586914
1.26538085
1.26428222
1.26501464
1.26611328
1.26916503
1.27075195
1.26672363
1.26501464
1.26660156
1.26562500
1.26452636
1.26452636
1.26684570
1.26867675
1.26440429
1.26550292
1.26245117
1.26550292
1.26428222
1.26672363
1.26574707
1.26342773
1.27453613
1.26330566
1.26623535
1.26574707
1.26831054
1.26660156
1.26806640
1.26428222
1.26635742
1.26428222
1.26232910
1.26647949
1.26538085
1.27050781
1.27172851
1.26574707
1.27172851
1.26586914
1.27258300
1.27185058
1.27294921
1.26599121
1.27050781
1.26782226
1.27001953
1.26770019
1.26281738
1.27075195
1.27026367
1.26867675
1.26855468
1.27087402
1.27124023
1.26647949
1.26647949
1.26049804
1.26892089
1.26916503
1.27136230
1.27246093
1.26403808
1.26818847
1.26696777
1.28613281
1.28442382
1.27038574
1.29553222
1.26831054
1.26843261
1.26818847
1.27062988
1.26708984
1.26159667
1.27075195
1.26245117
1.26147460
1.28552246
1.28430175
1.27075195
1.26257324
1.26599121
1.26977539
1.26696777
1.27087402
1.28588867
1.26464843
1.27734375
1.27209472
1.27062988
1.26428222
1.26965332
1.27209472
1.28564453
1.25122070
1.26257324
1.26953125
1.26599121
1.26977539
1.26965332
1.27062988
1.27062988
1.26757812
1.28564453
1.26867675
1.28210449
