1.27429199
1.27600097
1.26806640
1.27429199
1.27551269
1.27062988
1.27197265
1.27429199
1.27185058
1.27502441
1.27673339
1.27673339
1.27160644
1.26672363
1.27551269
1.27709960
1.27551269
1.27551269
1.27539062
1.26708984
1.27258300
1.27551269
1.27563476
1.27539062
1.27282714
1.26916503
1.26501464
1.26550292
1.26550292
1.26550292
1.26489257
1.26440429
1.26635742
1.27050781
1.26708984
1.26452636
1.26538085
1.26379394
1.26647949
1.26416015
1.26232910
1.26599121
1.26660156
1.26550292
1.26245117
1.26855468
1.27160644
1.26635742
1.26794433
1.27050781
1.26538085
1.26550292
1.26538085
1.26452636
1.26977539
1.26538085
1.27038574
1.27087402
1.26452636
1.27001953
1.26892089
1.26550292
1.26318359
1.26379394
1.26196289
1.26672363
1.26538085
1.26843261
1.26428222
1.26416015
1.27050781
1.26574707
1.26538085
1.26538085
1.26647949
1.26550292
1.26440429
1.26843261
1.26916503
1.26538085
1.26660156
1.26306152
1.26611328
1.26647949
1.26318359
1.26440429
1.26440429
1.26501464
1.26330566
1.26550292
1.26440429
1.26452636
1.26916503
1.26550292
1.26538085
1.26306152
1.26550292
1.27050781
1.27148437
1.26538085
1.26672363
1.26672363
1.26672363
1.26660156
1.27038574
1.26538085
1.26562500
1.26660156
1.26416015
1.26550292
1.27160644
1.26293945
1.26428222
1.26672363
1.26635742
1.26342773
1.26428222
1.26196289
1.26806640
1.26550292
1.26330566
1.26586914
1.26550292
1.26538085
1.26550292
1.26586914
1.26672363
1.27075195
1.26562500
1.26525878
1.27172851
1.26672363
1.27258300
1.27111816
1.27099609
1.27026367
1.26538085
1.28002929
1.26782226
1.26989746
1.26745605
1.28063964
1.25500488
1.26892089
1.27856445
1.27001953
1.27124023
1.26989746
1.27111816
1.26989746
1.27148437
1.27233886
1.27099609
1.26989746
1.27111816
1.27990722
1.27172851
1.27001953
1.25830078
1.26977539
1.27099609
1.26220703
1.26440429
1.26965332
1.27307128
1.27734375
1.26501464
1.26879882
1.26477050
1.27075195
1.27062988
1.28625488
1.27099609
1.25805664
1.26940917
1.27197265
1.26452636
1.29577636
1.26721191
1.26611328
1.27087402
1.26892089
1.28454589
1.26086425
1.26708984
1.27099609
1.26330566
1.27185058
1.28186035
1.26708984
1.27014160
1.27197265
1.26684570
1.27050781
1.27087402
1.27209472
1.26586914
1.26940917
1.26513671
1.28564453
