1.27624511
1.27624511
1.27185058
1.27563476
1.27551269
1.27294921
1.27563476
1.27551269
1.27050781
1.27673339
1.27575683
1.27185058
1.26818847
1.27563476
1.27612304
1.27355957
1.27551269
1.27734375
1.27514648
1.27539062
1.26818847
1.27539062
1.27392578
1.26818847
1.27478027
1.26440429
1.27038574
1.26440429
1.27294921
1.26220703
1.26562500
1.27050781
1.26538085
1.26928710
1.26330566
1.26416015
1.27026367
1.26721191
1.26428222
1.26538085
1.26660156
1.26501464
1.26501464
1.26354980
1.26428222
1.27038574
1.26733398
1.26538085
1.26562500
1.26550292
1.26440429
1.26672363
1.27050781
1.26611328
1.26550292
1.26928710
1.26550292
1.26550292
1.27026367
1.26550292
1.26440429
1.26452636
1.26538085
1.26550292
1.26538085
1.26440429
1.26330566
1.26708984
1.26538085
1.26538085
1.26428222
1.26940917
1.26318359
1.26440429
1.26416015
1.26696777
1.26550292
1.26660156
1.26940917
1.26538085
1.26745605
1.26538085
1.26928710
1.26318359
1.26623535
1.26660156
1.26696777
1.26550292
1.26733398
1.26562500
1.27160644
1.26318359
1.26879882
1.26672363
1.26550292
1.26843261
1.26818847
1.26782226
1.26428222
1.26416015
1.26538085
1.26660156
1.26806640
1.26733398
1.26635742
1.26538085
1.26538085
1.26428222
1.26672363
1.26660156
1.26550292
1.27038574
1.26501464
1.26928710
1.27050781
1.26428222
1.26550292
1.26538085
1.26440429
1.26855468
1.26501464
1.26672363
1.27001953
1.26672363
1.26318359
1.26782226
1.26550292
1.26550292
1.26672363
1.26550292
1.26794433
1.26550292
1.26770019
1.27087402
1.27111816
1.27258300
1.27075195
1.27087402
1.26208496
1.26733398
1.26110839
1.27062988
1.26953125
1.27832031
1.26696777
1.28442382
1.26232910
1.26660156
1.28088378
1.26574707
1.26513671
1.28442382
1.26257324
1.27075195
1.26354980
1.26623535
1.28320312
1.25756835
1.26953125
1.28247070
1.27722167
1.26477050
1.28601074
1.27062988
1.27099609
1.28149414
1.27075195
1.26818847
1.27062988
1.27185058
1.26501464
1.26867675
1.25964355
1.26599121
1.29602050
1.26940917
1.26843261
1.25610351
1.26953125
1.28564453
1.27075195
1.27038574
1.26818847
1.28356933
1.26977539
1.26220703
1.26770019
1.27075195
1.29089355
1.26904296
1.26953125
1.27099609
1.26501464
1.26501464
1.28076171
1.26965332
1.26208496
1.27185058
1.26953125
1.29089355
