1.27551269
1.27404785
1.27575683
1.27563476
1.27551269
1.27563476
1.27587890
1.27429199
1.27661132
1.27563476
1.27551269
1.26782226
1.26586914
1.27551269
1.26708984
1.27526855
1.27429199
1.27233886
1.27587890
1.26574707
1.27661132
1.27502441
1.27563476
1.26855468
1.26538085
1.26538085
1.26550292
1.26684570
1.26538085
1.26550292
1.26452636
1.27172851
1.26733398
1.26416015
1.27172851
1.26196289
1.26538085
1.26928710
1.26672363
1.26806640
1.26708984
1.26928710
1.26232910
1.26623535
1.26745605
1.26440429
1.26550292
1.26428222
1.26208496
1.26318359
1.26818847
1.26550292
1.27014160
1.26220703
1.26330566
1.26098632
1.26416015
1.26928710
1.26538085
1.26318359
1.26672363
1.26123046
1.26550292
1.26562500
1.26538085
1.27038574
1.26599121
1.26525878
1.26928710
1.26416015
1.26550292
1.26550292
1.26550292
1.26440429
1.26550292
1.26672363
1.26672363
1.26489257
1.26745605
1.26647949
1.26672363
1.26672363
1.26550292
1.26989746
1.26586914
1.27148437
1.26660156
1.26550292
1.27307128
1.27416992
1.26416015
1.26806640
1.26550292
1.26525878
1.26611328
1.27148437
1.26708984
1.26574707
1.27050781
1.26538085
1.26440429
1.27001953
1.27551269
1.26928710
1.26416015
1.27050781
1.26440429
1.26049804
1.26623535
1.26391601
1.27050781
1.26489257
1.26708984
1.27038574
1.26928710
1.26574707
1.26318359
1.26928710
1.26550292
1.26428222
1.26660156
1.27050781
1.26806640
1.26318359
1.26330566
1.26489257
1.26684570
1.27172851
1.27172851
1.27185058
1.27014160
1.26184082
1.27172851
1.27075195
1.28515625
1.26928710
1.28417968
1.28527832
1.27050781
1.28527832
1.28137207
1.27014160
1.26611328
1.26745605
1.27270507
1.26989746
1.26611328
1.26977539
1.27099609
1.28015136
1.26989746
1.26879882
1.26538085
1.28479003
1.29443359
1.28552246
1.28320312
1.26940917
1.26940917
1.26721191
1.26965332
1.26574707
1.27233886
1.16955566
1.08422851
1.08435058
1.02929687
.96911621
.96911621
.96911621
.96789550
.96911621
.97155761
.96899414
.96875000
.96899414
.96191406
.96911621
.97302246
1.05163574
1.12060546
1.28601074
1.29455566
1.26708984
1.26855468
1.28234863
1.27062988
1.26745605
1.26818847
1.26965332
1.26953125
1.27062988
1.25439453
1.28051757
1.27062988
1.25610351
1.28564453
1.27099609
1.26452636
1.28088378
