1.26721191
1.27734375
1.26831054
1.27307128
1.27539062
1.27563476
1.27368164
1.27673339
1.27673339
1.27478027
1.26342773
1.26818847
1.27734375
1.27563476
1.27563476
1.26428222
1.27551269
1.27551269
1.26965332
1.27673339
1.27429199
1.26831054
1.27551269
1.27648925
1.26464843
1.26513671
1.26672363
1.26440429
1.26672363
1.26745605
1.26489257
1.26538085
1.26684570
1.26623535
1.27062988
1.26318359
1.26428222
1.26440429
1.26635742
1.26440429
1.27050781
1.26428222
1.26647949
1.26428222
1.26318359
1.26416015
1.26586914
1.26550292
1.27038574
1.26232910
1.26416015
1.26672363
1.26330566
1.26867675
1.26867675
1.26647949
1.26611328
1.26440429
1.26550292
1.26452636
1.26293945
1.26550292
1.26672363
1.26342773
1.26428222
1.26184082
1.26562500
1.26770019
1.27050781
1.26806640
1.26647949
1.26428222
1.27160644
1.26428222
1.26611328
1.26623535
1.26611328
1.26672363
1.26220703
1.27062988
1.27050781
1.26989746
1.26428222
1.26989746
1.26672363
1.26684570
1.26770019
1.26550292
1.27050781
1.27050781
1.26672363
1.26306152
1.27050781
1.26428222
1.26550292
1.26599121
1.27038574
1.26208496
1.26538085
1.26440429
1.26489257
1.26196289
1.26635742
1.26611328
1.26428222
1.26464843
1.26550292
1.26733398
1.26306152
1.26428222
1.26245117
1.26416015
1.26928710
1.26550292
1.26623535
1.26831054
1.26672363
1.26623535
1.26550292
1.26428222
1.26623535
1.26525878
1.26196289
1.26196289
1.27160644
1.27075195
1.26672363
1.28015136
1.28027343
1.26892089
1.25854492
1.27026367
1.26904296
1.27136230
1.28454589
1.26660156
1.27026367
1.27087402
1.28320312
1.27978515
1.27600097
1.27099609
1.26611328
1.26489257
1.27185058
1.26977539
1.27075195
1.28332519
1.27075195
1.28564453
1.28430175
1.27600097
1.27185058
1.25512695
1.27185058
1.26940917
1.26818847
1.28479003
1.28100585
1.28088378
1.27160644
1.26953125
1.26831054
1.27600097
1.29089355
1.26977539
1.27954101
1.26696777
1.26977539
1.27197265
1.27221679
1.27026367
1.28564453
1.27099609
1.26977539
1.28454589
1.27062988
1.27197265
1.26562500
1.28137207
1.26843261
1.26977539
1.26940917
1.27770996
1.26989746
1.26501464
1.28723144
1.28454589
1.26989746
1.24670410
1.26623535
1.28576660
1.26940917
1.26831054
1.26635742
1.27087402
1.27197265
1.28344726
1.28088378
1.27075195
