1.27612304
1.27429199
1.27465820
1.26953125
1.26818847
1.26647949
1.27624511
1.27551269
1.27209472
1.27416992
1.27551269
1.27563476
1.27429199
1.27551269
1.27563476
1.27539062
1.27490234
1.26953125
1.27551269
1.27465820
1.26940917
1.27221679
1.27478027
1.27563476
1.27502441
1.27575683
1.27172851
1.26611328
1.26660156
1.27233886
1.26745605
1.26379394
1.26538085
1.26525878
1.26965332
1.26574707
1.26916503
1.26489257
1.26928710
1.26416015
1.26440429
1.26611328
1.26611328
1.26660156
1.26733398
1.26330566
1.26794433
1.26855468
1.27148437
1.26428222
1.26525878
1.26501464
1.27050781
1.27050781
1.26660156
1.26574707
1.26452636
1.26794433
1.26513671
1.26354980
1.27050781
1.27087402
1.26379394
1.26416015
1.26586914
1.26086425
1.26464843
1.26599121
1.26538085
1.27087402
1.26513671
1.26403808
1.26892089
1.26586914
1.26489257
1.26416015
1.26452636
1.26586914
1.26550292
1.26428222
1.26538085
1.26538085
1.26574707
1.26525878
1.26416015
1.26367187
1.26696777
1.26538085
1.26574707
1.26806640
1.26672363
1.26367187
1.26000976
1.26159667
1.27246093
1.27087402
1.26916503
1.26599121
1.26354980
1.26794433
1.26416015
1.26464843
1.26513671
1.26586914
1.26782226
1.26538085
1.26672363
1.26538085
1.26367187
1.26818847
1.27551269
1.26599121
1.26440429
1.26354980
1.26379394
1.26660156
1.27221679
1.26708984
1.26550292
1.26464843
1.26428222
1.26660156
1.26232910
1.26428222
1.26647949
1.26660156
1.26953125
1.26916503
1.27160644
1.26965332
1.26647949
1.26538085
1.27136230
1.27001953
1.26550292
1.26489257
1.27026367
1.27282714
1.27258300
1.26281738
1.26672363
1.27001953
1.26977539
1.26977539
1.26049804
1.27185058
1.26696777
1.27099609
1.27185058
1.25585937
1.26855468
1.27368164
1.26647949
1.26611328
1.28234863
1.27050781
1.26965332
1.26965332
1.27148437
1.26940917
1.26721191
1.27160644
1.26953125
1.27600097
1.27062988
1.27062988
1.26147460
1.26940917
1.26953125
1.28234863
1.26940917
1.27099609
1.26940917
1.26074218
1.27062988
1.27160644
1.27075195
1.26977539
1.28442382
1.26025390
1.26489257
1.26818847
1.27062988
1.28125000
1.27075195
1.26281738
1.28234863
1.28454589
1.27099609
1.28601074
1.26428222
1.27111816
1.28405761
1.27062988
1.28283691
1.28210449
1.26940917
1.26794433
1.27062988
1.27001953
