1.27539062
1.27551269
1.27404785
1.27185058
1.26696777
1.27612304
1.26708984
1.27087402
1.26586914
1.27551269
1.27551269
1.27429199
1.27673339
1.27563476
1.26818847
1.26855468
1.27575683
1.27185058
1.27673339
1.27978515
1.27429199
1.27160644
1.27539062
1.27917480
1.26672363
1.26464843
1.26647949
1.26574707
1.27062988
1.26318359
1.26184082
1.27062988
1.26440429
1.26965332
1.26220703
1.26550292
1.26733398
1.26550292
1.26879882
1.26660156
1.26611328
1.26562500
1.26477050
1.26452636
1.26525878
1.26672363
1.26623535
1.26403808
1.26525878
1.26574707
1.26635742
1.26452636
1.26550292
1.26611328
1.26379394
1.27087402
1.26440429
1.26306152
1.26916503
1.26184082
1.26538085
1.26562500
1.26342773
1.26672363
1.26354980
1.26647949
1.26745605
1.26574707
1.26599121
1.26452636
1.26562500
1.26416015
1.26281738
1.26672363
1.27087402
1.26586914
1.26672363
1.26525878
1.26391601
1.26672363
1.26538085
1.27062988
1.26403808
1.26477050
1.26245117
1.26574707
1.26562500
1.26708984
1.26550292
1.26647949
1.27087402
1.26562500
1.26318359
1.27050781
1.26965332
1.26428222
1.26501464
1.26672363
1.26672363
1.26660156
1.26464843
1.26403808
1.26525878
1.26879882
1.26574707
1.26440429
1.26428222
1.26684570
1.26574707
1.26574707
1.26672363
1.27172851
1.26501464
1.26318359
1.26574707
1.26147460
1.26538085
1.26428222
1.26550292
1.26464843
1.26550292
1.26599121
1.26464843
1.27075195
1.26599121
1.26635742
1.27319335
1.27307128
1.26965332
1.26428222
1.26416015
1.26464843
1.26281738
1.26538085
1.26501464
1.26550292
1.26660156
1.26293945
1.26879882
1.26416015
1.26855468
1.26782226
1.27087402
1.26721191
1.26257324
1.26916503
1.26953125
1.27331542
1.29211425
1.26940917
1.28369140
1.27075195
1.26940917
1.28320312
1.25268554
1.26965332
1.27185058
1.26354980
1.27209472
1.25976562
1.15686035
1.08435058
1.08312988
1.08081054
1.08557128
1.08300781
1.08068847
1.08813476
1.08813476
1.08557128
1.08764648
1.10314941
1.08190917
1.08850097
1.08422851
1.07946777
1.08312988
1.08361816
1.08068847
1.08227539
1.08422851
1.19445800
1.26452636
1.25720214
1.27209472
1.28320312
1.27087402
1.27136230
1.28344726
1.26098632
1.27062988
1.28088378
1.25988769
1.27099609
1.27062988
1.25976562
1.27099609
1.28259277
1.26965332
1.26940917
