1.27551269
1.27673339
1.27600097
1.26953125
1.27648925
1.27551269
1.27734375
1.27014160
1.27673339
1.27612304
1.27587890
1.27551269
1.27539062
1.27246093
1.27551269
1.27429199
1.27551269
1.27307128
1.27563476
1.27600097
1.27172851
1.27416992
1.27551269
1.26708984
1.26452636
1.26879882
1.27038574
1.26708984
1.26525878
1.26647949
1.26477050
1.26281738
1.26672363
1.26574707
1.26562500
1.27160644
1.26354980
1.26330566
1.26464843
1.26342773
1.26733398
1.26477050
1.26574707
1.26477050
1.26599121
1.26574707
1.26818847
1.26416015
1.26403808
1.26452636
1.26159667
1.26428222
1.26989746
1.26513671
1.26647949
1.26538085
1.26586914
1.26403808
1.26538085
1.26562500
1.26354980
1.26757812
1.26611328
1.26489257
1.26452636
1.26586914
1.27075195
1.26538085
1.26428222
1.26684570
1.26501464
1.26965332
1.26513671
1.27050781
1.26574707
1.26892089
1.26574707
1.27197265
1.27050781
1.27014160
1.26574707
1.27148437
1.26708984
1.26696777
1.26696777
1.26586914
1.26562500
1.26513671
1.26330566
1.26696777
1.27075195
1.26782226
1.26293945
1.26696777
1.26599121
1.26379394
1.27075195
1.26733398
1.26696777
1.26635742
1.26574707
1.26586914
1.26452636
1.26574707
1.26464843
1.27026367
1.26586914
1.26550292
1.26428222
1.26428222
1.26904296
1.26916503
1.26562500
1.26586914
1.26550292
1.26293945
1.25988769
1.26452636
1.26782226
1.26892089
1.27075195
1.26464843
1.27075195
1.26416015
1.26989746
1.26293945
1.26586914
1.26574707
1.26684570
1.26818847
1.26965332
1.26733398
1.26940917
1.26965332
1.27233886
1.26171875
1.27026367
1.27014160
1.27062988
1.26562500
1.27966308
1.26953125
1.26098632
1.26696777
1.27185058
1.27099609
1.26831054
1.27185058
1.26599121
1.27062988
1.26501464
1.27099609
1.28454589
1.27026367
1.26586914
1.25573730
1.27062988
1.28442382
1.27062988
1.28662109
1.28417968
1.28076171
1.26611328
1.28454589
1.28454589
1.26953125
1.28369140
1.27185058
1.27099609
1.26586914
1.27185058
1.28564453
1.28466796
1.26623535
1.27001953
1.27185058
1.27185058
1.27062988
1.26940917
1.27185058
1.29565429
1.26611328
1.26928710
1.26025390
1.26977539
1.28576660
1.28002929
1.28088378
1.27221679
1.27795410
1.27050781
1.28088378
1.26562500
1.28479003
1.26574707
1.28601074
1.26940917
1.26098632
1.28601074
1.26953125
