1.27673339
1.27624511
1.27563476
1.26818847
1.27441406
1.27429199
1.27539062
1.27551269
1.26940917
1.27514648
1.27502441
1.27563476
1.27416992
1.27429199
1.27563476
1.27233886
1.27551269
1.27661132
1.27673339
1.26684570
1.27539062
1.27441406
1.26550292
1.27502441
1.26391601
1.26672363
1.26953125
1.26306152
1.26818847
1.26525878
1.26342773
1.26452636
1.26416015
1.26428222
1.26428222
1.26367187
1.26879882
1.26879882
1.26477050
1.26733398
1.26953125
1.26794433
1.26440429
1.26306152
1.26574707
1.27197265
1.27172851
1.26477050
1.26293945
1.26623535
1.26696777
1.26464843
1.26257324
1.26550292
1.26123046
1.26635742
1.26293945
1.26586914
1.26379394
1.26464843
1.26550292
1.27050781
1.26635742
1.27038574
1.26452636
1.26440429
1.26403808
1.26611328
1.26489257
1.26452636
1.26672363
1.26452636
1.26525878
1.26550292
1.26574707
1.26330566
1.26550292
1.26623535
1.26574707
1.26855468
1.27038574
1.26489257
1.26965332
1.26623535
1.26416015
1.26574707
1.27038574
1.26525878
1.26452636
1.26562500
1.27038574
1.26696777
1.26574707
1.26293945
1.26562500
1.27075195
1.27026367
1.26892089
1.26818847
1.26672363
1.26501464
1.26574707
1.26452636
1.27062988
1.26806640
1.26647949
1.27075195
1.26232910
1.26635742
1.26635742
1.26464843
1.26550292
1.26354980
1.26965332
1.26354980
1.26354980
1.27148437
1.26904296
1.26611328
1.26318359
1.26464843
1.26428222
1.26550292
1.26525878
1.26489257
1.26574707
1.26281738
1.26855468
1.26574707
1.27136230
1.26708984
1.27075195
1.26586914
1.26562500
1.26550292
1.26501464
1.26562500
1.26586914
1.27099609
1.27038574
1.27624511
1.27905273
1.26977539
1.28442382
1.26940917
1.29321289
1.27062988
1.26953125
1.29357910
1.27197265
1.26574707
1.27062988
1.27087402
1.26977539
1.27001953
1.27832031
1.27062988
1.26721191
1.26916503
1.27819824
1.27319335
1.28442382
1.25366210
1.27001953
1.28369140
1.27172851
1.27124023
1.27087402
1.27062988
1.26977539
1.27111816
1.28369140
1.27221679
1.26611328
1.27087402
1.28173828
1.27197265
1.28454589
1.27099609
1.27185058
1.27221679
1.28344726
1.27075195
1.28576660
1.26184082
1.27783203
1.28210449
1.27062988
1.28332519
1.26733398
1.27148437
1.27062988
1.27087402
1.28564453
1.27099609
1.26843261
1.27111816
1.26574707
1.26196289
1.27197265
