1.26977539
1.27563476
1.27307128
1.27111816
1.27539062
1.27551269
1.26696777
1.27661132
1.26953125
1.27282714
1.28576660
1.27636718
1.27551269
1.27624511
1.27514648
1.27441406
1.27551269
1.27319335
1.27539062
1.27185058
1.27490234
1.27551269
1.27551269
1.27465820
1.26574707
1.26428222
1.26647949
1.26660156
1.26831054
1.26928710
1.27172851
1.26306152
1.26647949
1.26660156
1.26660156
1.27270507
1.26440429
1.27038574
1.27160644
1.26916503
1.26672363
1.26818847
1.27612304
1.26525878
1.26672363
1.26611328
1.26757812
1.26342773
1.26550292
1.26306152
1.26660156
1.26440429
1.26818847
1.26586914
1.26733398
1.26647949
1.26611328
1.26538085
1.26928710
1.26550292
1.26550292
1.26586914
1.26623535
1.26672363
1.26379394
1.26647949
1.26550292
1.26416015
1.26916503
1.26440429
1.26538085
1.26599121
1.27050781
1.26428222
1.26538085
1.26538085
1.26428222
1.26538085
1.26562500
1.27172851
1.26550292
1.26037597
1.26416015
1.26647949
1.26306152
1.26647949
1.26550292
1.26403808
1.26684570
1.26416015
1.26916503
1.26733398
1.26440429
1.26574707
1.26440429
1.26428222
1.26440429
1.26818847
1.26330566
1.26538085
1.26538085
1.26672363
1.26647949
1.26367187
1.27038574
1.26318359
1.26892089
1.26647949
1.26428222
1.26403808
1.26586914
1.26306152
1.26428222
1.26440429
1.26416015
1.26171875
1.27172851
1.26550292
1.26550292
1.26599121
1.27026367
1.26403808
1.26403808
1.26916503
1.26318359
1.26538085
1.26428222
1.27624511
1.26672363
1.26794433
1.26672363
1.26550292
1.26879882
1.27905273
1.27148437
1.26196289
1.27099609
1.29467773
1.26855468
1.26611328
1.29125976
1.26977539
1.26611328
1.26623535
1.27038574
1.26770019
1.26989746
1.26977539
1.27673339
1.27111816
1.26855468
1.27685546
1.26647949
1.26904296
1.28100585
1.26123046
1.26977539
1.27014160
1.26708984
1.26818847
1.27136230
1.26623535
1.26745605
1.26977539
1.27099609
1.28112792
1.26977539
1.26831054
1.26928710
1.30419921
1.26940917
1.26733398
1.27587890
1.27099609
1.26367187
1.28564453
1.27062988
1.26818847
1.27087402
1.28466796
1.26953125
1.27062988
1.27185058
1.26916503
1.25622558
1.26940917
1.27221679
1.26977539
1.30334472
1.26892089
1.27197265
1.28564453
1.28686523
1.26562500
1.27209472
1.26953125
1.26196289
1.27087402
1.27172851
1.29394531
