1.21472167
1.21594238
1.21472167
1.21459960
1.21118164
1.21569824
1.21362304
1.21398925
1.21447753
1.21569824
1.21240234
1.21679687
1.21362304
1.21813964
1.21447753
1.21557617
1.21447753
1.21142578
1.19140625
1.19189453
1.19519042
1.19079589
1.19201660
1.19079589
1.19177246
1.18957519
1.18969726
1.19091796
1.18994140
1.18493652
1.18688964
1.18664550
1.18579101
1.18615722
1.19238281
1.18566894
1.18664550
1.18957519
1.18566894
1.18762207
1.18359375
1.18701171
1.18371582
1.18664550
1.18664550
1.18542480
1.18676757
1.18579101
1.18774414
1.18859863
1.18579101
1.18627929
1.18554687
1.18395996
1.18859863
1.18725585
1.18823242
1.18774414
1.18786621
1.18737792
1.18701171
1.18701171
1.18823242
1.17309570
1.16735839
1.16577148
1.16894531
1.16674804
1.16662597
1.16821289
1.16833496
1.17004394
1.16699218
1.16735839
1.16748046
1.16687011
1.16918945
1.16552734
1.16735839
1.16857910
1.16784667
1.17187500
1.16894531
1.16772460
1.16564941
1.16821289
1.16674804
1.16711425
1.16882324
1.17358398
1.16662597
1.16735839
1.16528320
1.16699218
1.17187500
1.16833496
1.16906738
1.17211914
1.16882324
1.16931152
1.16796875
1.16735839
1.14953613
1.14880371
1.14965820
1.15087890
1.14929199
1.14892578
1.15197753
1.14953613
1.15283203
1.14904785
1.14782714
1.14941406
1.15283203
1.15356445
1.14770507
1.14855957
1.14770507
1.14916992
1.14953613
1.15026855
1.14819335
1.14978027
1.14892578
1.15344238
1.14941406
1.14843750
1.14965820
1.14953613
1.14831542
1.14978027
1.14929199
1.14868164
1.15002441
1.15039062
1.14978027
1.14819335
1.15039062
1.14916992
1.15026855
1.15026855
1.13061523
1.12939453
1.12939453
1.13171386
1.12963867
1.13073730
1.13012695
1.13085937
1.13085937
1.13110351
1.13122558
1.12939453
1.12951660
1.12976074
1.12963867
1.13098144
1.12939453
1.13073730
1.13232421
1.13085937
1.13671875
1.13549804
1.13427734
1.13598632
1.13488769
1.12878417
1.12927246
1.12866210
1.12939453
1.13037109
1.13049316
1.12817382
1.12817382
1.12927246
1.12939453
1.12939453
1.12927246
1.13024902
1.12963867
1.12841796
1.12866210
1.12915039
1.12927246
1.13122558
1.13049316
1.13024902
1.13012695
1.13061523
1.12951660
1.12927246
1.12878417
1.13061523
1.13061523
1.13037109
1.13049316
1.12939453
1.12927246
1.12927246
