1.21362304
1.21557617
1.21569824
1.21569824
1.21643066
1.21618652
1.21398925
1.21447753
1.21496582
1.21435546
1.21569824
1.21691894
1.21447753
1.21203613
1.21447753
1.21447753
1.21203613
1.21496582
1.21069335
1.21484375
1.21447753
1.21447753
1.21533203
1.19201660
1.18835449
1.19079589
1.19201660
1.19140625
1.18737792
1.18652343
1.18457031
1.18627929
1.18737792
1.18823242
1.18579101
1.18762207
1.19030761
1.18676757
1.18688964
1.18652343
1.18688964
1.18579101
1.18811035
1.18701171
1.18762207
1.19079589
1.18701171
1.18701171
1.18701171
1.18640136
1.18664550
1.18811035
1.19079589
1.18603515
1.18457031
1.18847656
1.18615722
1.18713378
1.18652343
1.18334960
1.18701171
1.18811035
1.18591308
1.18579101
1.18579101
1.18273925
1.18688964
1.18688964
1.16760253
1.16833496
1.16809082
1.16821289
1.16796875
1.16821289
1.16955566
1.16833496
1.16662597
1.16943359
1.16674804
1.16577148
1.16821289
1.16564941
1.16687011
1.16943359
1.16699218
1.17126464
1.16687011
1.16809082
1.16528320
1.16809082
1.16821289
1.16918945
1.16760253
1.16821289
1.16699218
1.16821289
1.17089843
1.17065429
1.17004394
1.16821289
1.16809082
1.16809082
1.16955566
1.16687011
1.16589355
1.16699218
1.16699218
1.16564941
1.15051269
1.14941406
1.15063476
1.14929199
1.14819335
1.14929199
1.15063476
1.15051269
1.14807128
1.14941406
1.14953613
1.14941406
1.14697265
1.14807128
1.14941406
1.15063476
1.14892578
1.14916992
1.14929199
1.14843750
1.14904785
1.14965820
1.15014648
1.14843750
1.14709472
1.14733886
1.15148925
1.14819335
1.14929199
1.14941406
1.14819335
1.14807128
1.14819335
1.14941406
1.14941406
1.14929199
1.15002441
1.14819335
1.14868164
1.14807128
1.14697265
1.14819335
1.13061523
1.13122558
1.13049316
1.13049316
1.13061523
1.12963867
1.13000488
1.12915039
1.13122558
1.13000488
1.13073730
1.12927246
1.13049316
1.13122558
1.13171386
1.13024902
1.12915039
1.12939453
1.13049316
1.13171386
1.13171386
1.12927246
1.13061523
1.13549804
1.13574218
1.13061523
1.13549804
1.13427734
1.13012695
1.12927246
1.13549804
1.13525390
1.13049316
1.12939453
1.13452148
1.12927246
1.13427734
1.13549804
1.12927246
1.13562011
1.13317871
1.13049316
1.13049316
1.13549804
1.13549804
1.13061523
1.12939453
1.13549804
1.13513183
1.12829589
