1.21228027
1.21447753
1.21435546
1.21557617
1.21569824
1.21569824
1.20874023
1.21252441
1.21813964
1.21423339
1.21447753
1.21447753
1.21337890
1.21215820
1.21569824
1.21496582
1.21545410
1.21447753
1.21447753
1.20556640
1.19311523
1.19213867
1.19079589
1.19201660
1.19067382
1.19140625
1.19201660
1.18701171
1.18823242
1.18652343
1.18713378
1.18579101
1.18701171
1.18957519
1.18286132
1.18444824
1.18835449
1.19201660
1.18579101
1.18566894
1.18688964
1.18896484
1.18579101
1.18835449
1.18664550
1.19201660
1.18957519
1.18945312
1.18566894
1.18701171
1.18688964
1.18579101
1.18872070
1.18530273
1.18591308
1.18359375
1.19018554
1.18811035
1.18811035
1.18688964
1.18750000
1.18579101
1.17321777
1.17187500
1.17211914
1.16699218
1.16699218
1.16772460
1.16577148
1.16613769
1.16943359
1.16809082
1.16650390
1.16540527
1.16699218
1.16821289
1.17260742
1.16687011
1.17028808
1.16809082
1.16821289
1.16821289
1.16821289
1.16748046
1.16955566
1.16577148
1.16833496
1.16699218
1.16711425
1.16687011
1.17065429
1.16931152
1.17077636
1.16809082
1.16699218
1.16833496
1.16931152
1.16870117
1.16943359
1.16552734
1.16931152
1.16918945
1.15637207
1.14904785
1.15039062
1.14807128
1.14721679
1.14953613
1.14929199
1.14941406
1.14916992
1.14929199
1.14624023
1.14819335
1.14941406
1.14941406
1.14929199
1.14941406
1.15319824
1.15075683
1.14929199
1.15063476
1.14685058
1.15051269
1.14819335
1.14794921
1.14929199
1.14807128
1.15063476
1.14819335
1.14929199
1.14941406
1.14941406
1.14941406
1.14831542
1.14868164
1.14953613
1.14819335
1.14904785
1.14929199
1.14929199
1.14929199
1.13085937
1.12988281
1.13146972
1.13171386
1.13049316
1.13073730
1.12927246
1.13012695
1.12988281
1.12939453
1.13183593
1.13171386
1.13049316
1.13061523
1.13171386
1.13134765
1.13049316
1.12817382
1.12939453
1.13122558
1.13049316
1.13134765
1.13073730
1.12939453
1.13000488
1.13061523
1.13134765
1.13122558
1.13085937
1.12927246
1.13171386
1.13171386
1.13061523
1.12927246
1.13049316
1.13049316
1.12939453
1.13171386
1.13061523
1.12939453
1.13183593
1.13171386
1.13000488
1.13220214
1.13049316
1.12939453
1.13171386
1.12927246
1.13171386
1.12939453
1.13171386
1.12927246
1.13061523
1.13171386
1.12976074
1.12927246
1.12927246
1.13073730
