1.21325683
1.21691894
1.21118164
1.21813964
1.21325683
1.21325683
1.21374511
1.21325683
1.21447753
1.21447753
1.21447753
1.21447753
1.21203613
1.21276855
1.21093750
1.21337890
1.21447753
1.21337890
1.21447753
1.21337890
1.21252441
1.19201660
1.19201660
1.18969726
1.19067382
1.18957519
1.18566894
1.18737792
1.18554687
1.18737792
1.18859863
1.18615722
1.18591308
1.18615722
1.18640136
1.18676757
1.18188476
1.18603515
1.18505859
1.18615722
1.18627929
1.18579101
1.18884277
1.18737792
1.18872070
1.18579101
1.18652343
1.18737792
1.18872070
1.18872070
1.18933105
1.18615722
1.18664550
1.18481445
1.18420410
1.19067382
1.18688964
1.18566894
1.18652343
1.18945312
1.18566894
1.18615722
1.18688964
1.18615722
1.18811035
1.16918945
1.16796875
1.16528320
1.16723632
1.16772460
1.16955566
1.16906738
1.16979980
1.17187500
1.16894531
1.16894531
1.17199707
1.16784667
1.16650390
1.16931152
1.16821289
1.16857910
1.16650390
1.16699218
1.16662597
1.16809082
1.16943359
1.16821289
1.16784667
1.16894531
1.16577148
1.16821289
1.16662597
1.16687011
1.16931152
1.16772460
1.17187500
1.16748046
1.16735839
1.16491699
1.16699218
1.16918945
1.17175292
1.16735839
1.16943359
1.16662597
1.16796875
1.17321777
1.15124511
1.14941406
1.14978027
1.15026855
1.14916992
1.15319824
1.14782714
1.14819335
1.14709472
1.14904785
1.15051269
1.14807128
1.15063476
1.14941406
1.15429687
1.14990234
1.15087890
1.15466308
1.15393066
1.15075683
1.14929199
1.14941406
1.14648437
1.15002441
1.14758300
1.14904785
1.15002441
1.14660644
1.15051269
1.14916992
1.14880371
1.14904785
1.15112304
1.14990234
1.14953613
1.14941406
1.14965820
1.14929199
1.14941406
1.14941406
1.14929199
1.14819335
1.15039062
1.14941406
1.14941406
1.14990234
1.14892578
1.15063476
1.14904785
1.14807128
1.14831542
1.14904785
1.14929199
1.14941406
1.14843750
1.14819335
1.14819335
1.14941406
1.14892578
1.15063476
1.14929199
1.14843750
1.14941406
1.14819335
1.14819335
1.14855957
1.12939453
1.13305664
1.13171386
1.12805175
1.13061523
1.12939453
1.12927246
1.13159179
1.13073730
1.13122558
1.12988281
1.13061523
1.13146972
1.12939453
1.12915039
1.13171386
1.12963867
1.13549804
1.12927246
1.13159179
1.13098144
1.12890625
1.13110351
1.13061523
1.12927246
1.12976074
