1.21289062
1.21215820
1.21447753
1.21484375
1.21386718
1.21447753
1.21447753
1.21337890
1.21691894
1.21447753
1.21289062
1.21569824
1.21081542
1.21325683
1.21508789
1.21289062
1.21582031
1.21337890
1.18798828
1.19067382
1.19140625
1.19201660
1.19226074
1.19189453
1.19091796
1.18823242
1.18579101
1.18701171
1.19018554
1.18310546
1.18627929
1.18566894
1.18811035
1.18786621
1.18750000
1.18701171
1.19201660
1.18701171
1.18969726
1.18566894
1.18688964
1.18603515
1.18334960
1.18713378
1.18823242
1.18652343
1.18701171
1.18945312
1.18457031
1.18615722
1.18823242
1.18603515
1.18579101
1.18688964
1.18835449
1.18737792
1.18774414
1.18627929
1.18566894
1.18688964
1.18798828
1.18701171
1.18945312
1.17199707
1.16955566
1.16699218
1.16564941
1.16796875
1.16833496
1.16564941
1.16955566
1.16809082
1.16809082
1.16760253
1.16821289
1.16589355
1.16345214
1.16625976
1.17126464
1.16687011
1.16943359
1.16625976
1.17211914
1.16455078
1.16455078
1.16943359
1.16748046
1.17309570
1.16821289
1.16943359
1.16577148
1.16821289
1.16918945
1.16577148
1.16845703
1.17187500
1.16210937
1.16577148
1.16687011
1.16809082
1.16564941
1.16687011
1.16711425
1.16699218
1.16613769
1.16809082
1.16564941
1.16821289
1.16699218
1.16662597
1.16687011
1.17077636
1.16760253
1.16699218
1.16662597
1.16687011
1.16699218
1.17004394
1.16638183
1.16796875
1.16943359
1.15063476
1.14880371
1.14929199
1.14807128
1.14941406
1.14794921
1.14868164
1.14941406
1.14941406
1.14941406
1.14953613
1.14941406
1.14892578
1.14782714
1.14941406
1.15307617
1.14819335
1.15454101
1.14941406
1.15429687
1.14794921
1.14916992
1.14941406
1.14685058
1.14819335
1.15344238
1.15319824
1.14685058
1.14697265
1.15319824
1.15319824
1.15441894
1.14868164
1.14697265
1.15332031
1.15307617
1.15441894
1.14685058
1.15441894
1.14819335
1.14709472
1.14929199
1.14941406
1.14941406
1.14697265
1.14697265
1.14697265
1.14697265
1.14831542
1.14916992
1.14929199
1.14782714
1.14685058
1.14709472
1.14941406
1.14758300
1.14941406
1.14794921
1.14916992
1.14843750
1.14831542
1.14807128
1.14941406
1.14941406
1.14941406
1.14929199
1.14929199
1.14929199
1.14685058
1.14697265
1.14672851
1.14819335
1.14819335
1.14953613
1.14929199
1.14990234
1.14819335
1.14697265
1.14916992
