1.21325683
1.21545410
1.21520996
1.21447753
1.21447753
1.21447753
1.21447753
1.21557617
1.21447753
1.21374511
1.21472167
1.21447753
1.21447753
1.21398925
1.21520996
1.21325683
1.21447753
1.21093750
1.21569824
1.21215820
1.18920898
1.19079589
1.18994140
1.19079589
1.18823242
1.18444824
1.18566894
1.18713378
1.18334960
1.18945312
1.18701171
1.18701171
1.18395996
1.18737792
1.18579101
1.18579101
1.18566894
1.18566894
1.18713378
1.18603515
1.19018554
1.18688964
1.18566894
1.18664550
1.18908691
1.18591308
1.18701171
1.18713378
1.18420410
1.18579101
1.18688964
1.19079589
1.18579101
1.18347167
1.18652343
1.18774414
1.18823242
1.18566894
1.18688964
1.18579101
1.18579101
1.18408203
1.18701171
1.18713378
1.16979980
1.17089843
1.16809082
1.16809082
1.16809082
1.16833496
1.16821289
1.16564941
1.16699218
1.16821289
1.16821289
1.16809082
1.16687011
1.16687011
1.16687011
1.16882324
1.16723632
1.16943359
1.16821289
1.16809082
1.16809082
1.16772460
1.16748046
1.16687011
1.16711425
1.17089843
1.17004394
1.16772460
1.16821289
1.16906738
1.16870117
1.16870117
1.16882324
1.16821289
1.16809082
1.16821289
1.16809082
1.16943359
1.16821289
1.16687011
1.15051269
1.14831542
1.15063476
1.14575195
1.14941406
1.14929199
1.14819335
1.14941406
1.14807128
1.15319824
1.15075683
1.14941406
1.14807128
1.14819335
1.14941406
1.14807128
1.15063476
1.14941406
1.14941406
1.14770507
1.15051269
1.14929199
1.15124511
1.15039062
1.14819335
1.15014648
1.14807128
1.14819335
1.14819335
1.14941406
1.14807128
1.14880371
1.14807128
1.14819335
1.14794921
1.14868164
1.14978027
1.15063476
1.14929199
1.14892578
1.14978027
1.12939453
1.12927246
1.13110351
1.12927246
1.13171386
1.13061523
1.13049316
1.13159179
1.13049316
1.13171386
1.13049316
1.12927246
1.13049316
1.13464355
1.13549804
1.13562011
1.13073730
1.13574218
1.13562011
1.13061523
1.13549804
1.13562011
1.12878417
1.13049316
1.13562011
1.13427734
1.13061523
1.12829589
1.13464355
1.13378906
1.13049316
1.13049316
1.13562011
1.13427734
1.13049316
1.13061523
1.13549804
1.13317871
1.12866210
1.13049316
1.13562011
1.13537597
1.12939453
1.12927246
1.13439941
1.13549804
1.13061523
1.12939453
1.13623046
1.13439941
1.12939453
1.12805175
1.13439941
1.13427734
1.12915039
