1.21398925
1.21215820
1.21594238
1.21447753
1.21374511
1.21325683
1.21508789
1.21374511
1.21118164
1.21569824
1.21533203
1.21435546
1.21545410
1.21203613
1.21179199
1.21459960
1.21569824
1.21569824
1.21740722
1.19580078
1.19152832
1.19079589
1.19201660
1.19165039
1.19042968
1.18957519
1.19445800
1.19079589
1.19140625
1.18615722
1.18591308
1.18591308
1.18566894
1.18701171
1.18457031
1.18566894
1.18591308
1.18713378
1.18652343
1.18701171
1.18774414
1.18701171
1.18640136
1.18713378
1.18627929
1.18579101
1.18688964
1.18701171
1.18713378
1.18579101
1.18688964
1.18518066
1.18579101
1.18701171
1.18688964
1.18676757
1.18591308
1.18530273
1.18701171
1.18640136
1.18688964
1.18579101
1.18969726
1.18701171
1.18579101
1.16943359
1.16821289
1.16748046
1.16699218
1.16943359
1.16699218
1.16564941
1.16931152
1.16662597
1.16845703
1.16699218
1.16809082
1.16882324
1.16613769
1.16796875
1.16455078
1.16723632
1.16735839
1.16821289
1.16723632
1.16687011
1.16699218
1.16821289
1.16577148
1.16699218
1.16687011
1.16455078
1.17419433
1.16809082
1.16943359
1.16882324
1.16650390
1.16687011
1.16687011
1.16577148
1.16931152
1.17114257
1.16577148
1.16967773
1.16687011
1.16943359
1.16882324
1.16564941
1.16564941
1.16357421
1.17431640
1.16577148
1.16760253
1.16870117
1.16333007
1.16455078
1.17199707
1.16796875
1.16333007
1.16687011
1.16687011
1.17065429
1.16687011
1.16821289
1.16845703
1.16809082
1.16821289
1.16687011
1.16748046
1.17053222
1.16699218
1.16809082
1.16821289
1.16699218
1.16687011
1.16699218
1.16699218
1.16809082
1.16809082
1.16699218
1.15002441
1.14819335
1.14941406
1.14819335
1.14843750
1.14929199
1.15441894
1.14697265
1.15148925
1.15197753
1.14697265
1.14697265
1.14807128
1.14807128
1.14697265
1.14685058
1.14941406
1.14685058
1.14929199
1.14697265
1.14697265
1.14733886
1.14904785
1.14697265
1.14819335
1.14929199
1.14941406
1.14929199
1.14868164
1.14746093
1.14697265
1.14697265
1.14953613
1.14782714
1.14941406
1.14709472
1.14880371
1.14941406
1.14929199
1.14697265
1.14697265
1.14746093
1.14929199
1.14941406
1.14929199
1.14697265
1.14697265
1.14685058
1.14819335
1.14868164
1.14929199
1.14697265
1.15014648
1.14807128
1.14685058
1.14770507
1.14758300
1.14892578
1.14929199
1.14941406
