1.21813964
1.21423339
1.21826171
1.21582031
1.21411132
1.21447753
1.21337890
1.21459960
1.21447753
1.21362304
1.21337890
1.21325683
1.21325683
1.21447753
1.21447753
1.21435546
1.21472167
1.21337890
1.21289062
1.21447753
1.21447753
1.21325683
1.21386718
1.19189453
1.19140625
1.19445800
1.19067382
1.18957519
1.18701171
1.18725585
1.18701171
1.18811035
1.18334960
1.19055175
1.19079589
1.19201660
1.18579101
1.18713378
1.18701171
1.18969726
1.18701171
1.18566894
1.18701171
1.18701171
1.19079589
1.18701171
1.18713378
1.18688964
1.18701171
1.18579101
1.18957519
1.18701171
1.18701171
1.18737792
1.18627929
1.18811035
1.18701171
1.18334960
1.19006347
1.18444824
1.18652343
1.18969726
1.18688964
1.18811035
1.18566894
1.16699218
1.16809082
1.16821289
1.16699218
1.16711425
1.16699218
1.16723632
1.16821289
1.16894531
1.16882324
1.16821289
1.17077636
1.16931152
1.16699218
1.16687011
1.16821289
1.16955566
1.16711425
1.16943359
1.16894531
1.16809082
1.16955566
1.16809082
1.16687011
1.16699218
1.16955566
1.16821289
1.16931152
1.16821289
1.16833496
1.16918945
1.16943359
1.16699218
1.16577148
1.16821289
1.17065429
1.17199707
1.16699218
1.16638183
1.16894531
1.15197753
1.14929199
1.14709472
1.14868164
1.14807128
1.14978027
1.14941406
1.14880371
1.15136718
1.15185546
1.15173339
1.14929199
1.15051269
1.14685058
1.15026855
1.14904785
1.14941406
1.14770507
1.15270996
1.15051269
1.14855957
1.14953613
1.15063476
1.14941406
1.14929199
1.14941406
1.14953613
1.15063476
1.14978027
1.14929199
1.15063476
1.14978027
1.15051269
1.15051269
1.14953613
1.14904785
1.15039062
1.14819335
1.13012695
1.13049316
1.13049316
1.13061523
1.13000488
1.13098144
1.13183593
1.12963867
1.13049316
1.12939453
1.13012695
1.13000488
1.13061523
1.13049316
1.13061523
1.12963867
1.13037109
1.13061523
1.13061523
1.13049316
1.13049316
1.13085937
1.12939453
1.12939453
1.12939453
1.13171386
1.13061523
1.13549804
1.12817382
1.13439941
1.12951660
1.12915039
1.12939453
1.13061523
1.12927246
1.13049316
1.13049316
1.13012695
1.13049316
1.12939453
1.13061523
1.12951660
1.12878417
1.13061523
1.13061523
1.13061523
1.12915039
1.13049316
1.13439941
1.12939453
1.12976074
1.13037109
1.13000488
1.13366699
1.13537597
1.13635253
1.13513183
