1.21215820
1.21325683
1.21447753
1.21582031
1.21081542
1.20959472
1.21325683
1.21582031
1.21545410
1.21447753
1.21557617
1.21398925
1.21569824
1.21350097
1.21337890
1.21459960
1.21325683
1.21484375
1.21435546
1.21093750
1.21337890
1.21252441
1.21447753
1.21484375
1.21582031
1.19201660
1.18786621
1.18139648
1.18579101
1.18762207
1.18566894
1.18872070
1.18823242
1.18701171
1.18725585
1.18542480
1.18591308
1.18688964
1.18603515
1.18334960
1.18444824
1.18725585
1.18750000
1.18762207
1.18652343
1.18591308
1.18859863
1.18591308
1.18566894
1.18737792
1.18579101
1.18688964
1.18688964
1.18811035
1.18347167
1.18701171
1.19067382
1.18322753
1.18713378
1.18359375
1.19091796
1.19201660
1.18505859
1.18859863
1.19079589
1.18359375
1.18737792
1.16760253
1.16918945
1.16540527
1.16784667
1.16931152
1.16711425
1.16625976
1.16552734
1.16577148
1.16638183
1.16821289
1.16589355
1.16699218
1.16735839
1.16809082
1.16711425
1.16711425
1.16699218
1.16809082
1.16845703
1.16650390
1.16601562
1.16967773
1.16589355
1.16821289
1.16833496
1.16857910
1.16833496
1.16821289
1.16784667
1.16723632
1.16809082
1.16699218
1.17089843
1.16748046
1.17236328
1.16821289
1.16699218
1.16723632
1.16540527
1.16723632
1.14990234
1.14941406
1.14648437
1.14660644
1.15441894
1.15173339
1.14831542
1.14941406
1.14831542
1.14697265
1.15319824
1.14587402
1.14855957
1.14929199
1.15185546
1.14953613
1.14807128
1.14953613
1.14807128
1.14941406
1.14843750
1.15002441
1.14892578
1.14904785
1.15039062
1.14941406
1.14953613
1.14770507
1.14831542
1.14794921
1.14965820
1.14868164
1.15063476
1.14941406
1.15319824
1.15332031
1.15332031
1.14697265
1.15356445
1.15380859
1.14758300
1.15441894
1.15161132
1.14660644
1.14892578
1.15454101
1.15246582
1.14721679
1.14721679
1.15246582
1.15441894
1.14929199
1.14892578
1.15380859
1.15356445
1.15197753
1.14904785
1.15380859
1.15295410
1.14697265
1.14941406
1.15393066
1.15319824
1.14941406
1.14794921
1.15441894
1.15197753
1.14672851
1.15454101
1.14953613
1.14697265
1.14770507
1.15319824
1.13024902
1.13183593
1.13061523
1.12744140
1.13366699
1.13061523
1.13439941
1.13549804
1.13037109
1.13574218
1.12927246
1.12939453
1.12939453
1.13537597
1.13427734
1.12927246
1.13024902
1.13610839
1.13525390
