1.21569824
1.21459960
1.21459960
1.21411132
1.21447753
1.21289062
1.21569824
1.21325683
1.21569824
1.21569824
1.21398925
1.21447753
1.21081542
1.21569824
1.21252441
1.21545410
1.21362304
1.21643066
1.21447753
1.21374511
1.19128417
1.18627929
1.19201660
1.18957519
1.19177246
1.18835449
1.19201660
1.18835449
1.19067382
1.18762207
1.18701171
1.18725585
1.18798828
1.18713378
1.18676757
1.18395996
1.18542480
1.18701171
1.18457031
1.18579101
1.18457031
1.18627929
1.18627929
1.18725585
1.18701171
1.18603515
1.18542480
1.19079589
1.18579101
1.18603515
1.18688964
1.18823242
1.18701171
1.18933105
1.18933105
1.18725585
1.18701171
1.18713378
1.18701171
1.18566894
1.18701171
1.18457031
1.19067382
1.16821289
1.16564941
1.16699218
1.16699218
1.16979980
1.16821289
1.16821289
1.16687011
1.17077636
1.16772460
1.16699218
1.16699218
1.16699218
1.16687011
1.16699218
1.16467285
1.16809082
1.16943359
1.16748046
1.16687011
1.16821289
1.16564941
1.16821289
1.16735839
1.17150878
1.16821289
1.16821289
1.16564941
1.16699218
1.16687011
1.16687011
1.16687011
1.16809082
1.16906738
1.16870117
1.16821289
1.16625976
1.16735839
1.16674804
1.16821289
1.14819335
1.15051269
1.14965820
1.14880371
1.14721679
1.14685058
1.14941406
1.14819335
1.14807128
1.14941406
1.14929199
1.14941406
1.15270996
1.14819335
1.14697265
1.14819335
1.14880371
1.15783691
1.14697265
1.15051269
1.15295410
1.15051269
1.15319824
1.14880371
1.15319824
1.14782714
1.14807128
1.15319824
1.15063476
1.14929199
1.14807128
1.14929199
1.14880371
1.14929199
1.14819335
1.15051269
1.15051269
1.14807128
1.14819335
1.14904785
1.14941406
1.14978027
1.15051269
1.14929199
1.15051269
1.14819335
1.14819335
1.15307617
1.14941406
1.15063476
1.14929199
1.14819335
1.14941406
1.14904785
1.14819335
1.14819335
1.14941406
1.14807128
1.14941406
1.14916992
1.14929199
1.14941406
1.15039062
1.14807128
1.14941406
1.14807128
1.14685058
1.14941406
1.14819335
1.14929199
1.14843750
1.14929199
1.14941406
1.15124511
1.14953613
1.14819335
1.14929199
1.14929199
1.15063476
1.14941406
1.14782714
1.14819335
1.14843750
1.14843750
1.14953613
1.14892578
1.14916992
1.14941406
1.14916992
1.14965820
1.14941406
1.14697265
1.14941406
1.14953613
1.14880371
1.14819335
1.15039062
