.92053222
.71020507
1.04846191
1.15722656
1.15063476
1.12048339
1.11828613
1.16894531
1.11364746
1.15966796
1.11999511
1.15454101
1.11657714
1.11560058
1.11413574
1.11010742
1.12011718
1.11511230
1.10888671
1.11425781
1.12011718
1.12170410
1.11975097
1.11560058
1.12023925
1.11706542
1.12683105
1.10998535
1.11206054
1.11584472
1.12731933
1.10913085
1.11633300
1.12670898
1.11730957
1.12878417
1.11523437
1.11608886
1.13916015
1.13146972
1.13391113
1.13110351
1.13818359
1.13720703
1.13903808
1.11621093
1.11889648
1.11901855
1.11682128
1.11437988
1.16479492
1.11242675
1.10754394
1.11315917
1.11108398
1.11157226
1.15417480
1.11657714
1.12121582
1.11975097
1.12561035
1.11877441
1.11633300
1.10961914
1.11914062
1.11926269
1.11132812
1.11743164
1.12084960
1.10998535
1.11682128
1.10839843
1.11633300
1.12829589
1.13293457
1.13183593
1.12805175
1.12939453
1.13452148
1.14135742
1.13916015
1.13415527
1.12597656
1.11779785
1.12426757
1.12402343
1.12988281
1.12329101
1.12817382
1.11218261
1.10839843
1.12255859
1.11938476
1.11145019
1.15661621
1.12036132
1.11938476
1.11315917
1.11035156
1.11096191
1.12097167
1.12377929
1.11804199
1.12658691
1.11694335
1.12060546
1.12109375
1.11352539
1.11328125
1.13000488
1.11535644
1.13012695
1.13354492
1.13330078
1.12902832
1.12731933
1.12988281
1.13659667
1.13854980
1.13574218
1.13305664
1.16320800
1.11462402
1.16369628
1.12500000
1.11791992
1.11547851
1.10729980
1.12255859
1.10327148
1.12634277
1.12219238
1.12670898
1.11315917
1.11535644
1.11291503
1.10742187
1.11169433
1.11047363
1.11450195
1.11950683
1.12292480
1.11193847
1.11157226
1.12170410
1.11047363
1.11791992
1.10571289
1.14172363
1.12158203
1.11389160
1.12658691
1.12976074
1.14038085
1.12939453
1.13500976
1.12500000
1.11975097
1.11608886
1.11865234
1.12463378
1.16979980
1.12280273
1.11389160
1.12109375
1.11962890
1.11328125
1.11975097
1.11450195
1.10852050
1.12475585
1.11621093
1.10974121
1.12390136
1.11474609
1.10974121
1.10815429
1.11523437
1.12548828
1.10974121
1.12646484
1.11950683
1.12304687
1.10900878
1.11083984
1.11047363
1.12072753
1.11230468
1.11096191
1.10620117
1.11633300
1.11755371
1.11376953
1.11193847
1.11181640
1.13793945
1.11657714
1.11413574
1.11926269
1.16516113
