.79052734
.98559570
.82556152
.71716308
1.11718750
1.12097167
1.11645507
1.11328125
1.12402343
1.11315917
1.11376953
1.12243652
1.11828613
1.11059570
1.12561035
1.11718750
1.16027832
1.16235351
1.15905761
1.11779785
1.11462402
1.16064453
1.11242675
1.15930175
1.10791015
1.11267089
1.12109375
1.11584472
1.12170410
1.11999511
1.11547851
1.11694335
1.12963867
1.12048339
1.11975097
1.15319824
1.11779785
1.11535644
1.12341308
1.11828613
1.12536621
1.11401367
1.11462402
1.14282226
1.12341308
1.10949707
1.12194824
1.11181640
1.12036132
1.11962890
1.11804199
1.11389160
1.12341308
1.11682128
1.12341308
1.11267089
1.11474609
1.10693359
1.12060546
1.13757324
1.12463378
1.15393066
1.10852050
1.10681152
1.11389160
1.11169433
1.11962890
1.11413574
1.11596679
1.12670898
1.12048339
1.11999511
1.16540527
1.11694335
1.11523437
1.11987304
1.10949707
1.11560058
1.11230468
1.11999511
1.10766601
1.11865234
1.12329101
1.12182617
1.11083984
1.11950683
1.10864257
1.12500000
1.12988281
1.10937500
1.11291503
1.14123535
1.13708496
1.11669921
1.11608886
1.12121582
1.12609863
1.13159179
1.14147949
1.13195800
1.13378906
1.13269042
1.11193847
1.11315917
1.11791992
1.11901855
1.11743164
1.11376953
1.11254882
1.10913085
1.10534667
1.11669921
1.11889648
1.12329101
1.11669921
1.16503906
1.10913085
1.11328125
1.12622070
1.12524414
1.11401367
1.11962890
1.12609863
1.12573242
1.11840820
1.12353515
1.11755371
1.10913085
1.11743164
1.11596679
1.11242675
1.11962890
1.11901855
1.11877441
1.11596679
1.11059570
1.11230468
1.11938476
1.12268066
1.12597656
1.11682128
1.12280273
1.12536621
1.12634277
1.12402343
1.12268066
1.12377929
1.12744140
1.11999511
1.11755371
1.11645507
1.12060546
1.11816406
1.11877441
1.10693359
1.12182617
1.11987304
1.10803222
1.12097167
1.12182617
1.11755371
1.12548828
1.11889648
1.11804199
1.10388183
1.12219238
1.12121582
1.10803222
1.12182617
1.12512207
1.10864257
1.12658691
1.12219238
1.11511230
1.10852050
1.11633300
1.11279296
1.12048339
1.11499023
1.11328125
1.11389160
1.11816406
1.11804199
1.13391113
1.15856933
1.16296386
1.16333007
1.11804199
1.11572265
1.11706542
1.11938476
1.11083984
1.16076660
1.12194824
1.11291503
1.11621093
1.11425781
1.11816406
1.16442871
1.12365722
