1.11865234
1.10021972
1.11059570
1.12255859
1.11181640
1.12268066
1.11621093
1.11901855
1.11743164
1.10827636
1.12365722
1.11816406
1.11865234
1.11962890
1.11132812
1.11804199
1.10961914
1.12573242
1.10876464
1.11254882
1.11511230
1.11291503
1.11779785
1.11437988
1.12438964
1.11682128
1.15869140
1.11572265
1.11682128
1.11120605
1.11730957
1.11474609
1.12182617
1.11694335
1.11474609
1.12280273
1.11743164
1.12756347
1.02978515
1.15295410
1.11523437
1.03076171
1.11865234
1.11962890
1.11132812
1.11657714
1.11389160
1.10803222
1.10729980
1.11535644
1.11340332
1.11047363
1.12512207
1.11145019
1.11437988
1.11242675
1.14196777
1.11096191
1.13098144
1.11718750
1.13183593
1.13439941
1.13818359
1.13806152
1.13647460
1.16235351
1.12048339
1.15747070
1.12365722
1.16491699
1.12475585
1.11938476
1.11853027
1.10363769
1.11547851
1.12622070
1.12182617
1.11340332
1.10864257
1.12304687
1.11975097
1.11816406
1.11413574
1.11401367
1.11462402
1.11254882
1.11730957
1.11804199
1.11560058
1.12207031
1.10949707
1.12243652
1.11975097
1.11340332
1.11450195
1.12622070
1.10754394
1.11499023
1.11462402
1.12438964
1.11352539
1.12658691
1.11218261
1.11022949
1.11669921
1.11816406
1.14428710
1.11853027
1.11682128
1.11816406
1.12121582
1.11853027
1.11035156
1.10729980
1.10278320
1.10375976
1.11560058
1.10937500
1.12658691
1.12207031
1.11877441
1.11401367
1.10217285
1.12072753
1.11853027
1.12890625
1.10949707
1.12731933
1.10998535
1.11840820
1.11535644
1.12158203
1.11755371
1.10974121
1.12707519
1.12707519
1.12585449
1.12866210
1.13244628
1.12841796
1.13427734
1.12927246
1.13085937
1.13342285
1.13793945
1.13720703
1.12500000
1.12402343
1.11340332
1.15930175
1.15283203
1.11450195
1.11914062
1.12536621
1.11022949
1.11181640
1.10864257
1.11535644
1.12109375
1.11291503
1.11254882
1.11669921
1.10949707
1.12255859
1.11059570
1.11279296
1.13159179
1.11450195
1.11425781
1.14257812
1.14233398
1.11633300
1.11169433
1.11157226
1.14123535
1.13183593
1.11560058
1.13500976
1.13732910
1.10815429
1.12854003
1.13671875
1.13049316
1.12866210
1.12194824
1.11767578
1.11218261
1.11938476
1.11865234
1.11840820
1.11474609
1.11608886
1.12304687
1.11755371
1.11450195
1.12255859
1.11523437
1.10949707
1.11376953
1.11621093
