1.10986328
1.11914062
1.11938476
1.12280273
1.12622070
1.11755371
1.12622070
1.10754394
1.09814453
1.15649414
1.12683105
1.10937500
1.11889648
1.12060546
1.10888671
1.11462402
1.11462402
1.11511230
1.11938476
1.12695312
1.12939453
1.12951660
1.12951660
1.12463378
1.13854980
1.13708496
1.13049316
1.11730957
1.11962890
1.11499023
1.11315917
1.11157226
1.11987304
1.11560058
1.11962890
1.10498046
1.02685546
1.12683105
1.08813476
.74194335
.78869628
.75915527
.79907226
1.12414550
1.10253906
1.10632324
1.11413574
1.11462402
1.12390136
1.10986328
1.11315917
1.13208007
1.12329101
1.11840820
1.12145996
1.12548828
1.11669921
1.12622070
1.11474609
1.12866210
1.13549804
1.13708496
1.13427734
1.12744140
1.11865234
1.11340332
1.11437988
1.16821289
1.12500000
1.11376953
1.11950683
1.16015625
1.10986328
1.10559082
1.10473632
1.12011718
1.12414550
1.12145996
1.10815429
1.11560058
1.12158203
1.11584472
1.11999511
1.11022949
1.12145996
1.11108398
1.11584472
1.11474609
1.11193847
1.11767578
1.11035156
1.11230468
1.11889648
1.11987304
1.12707519
1.11865234
1.11181640
1.11230468
1.11730957
1.10998535
1.11291503
1.11767578
1.16174316
1.11669921
1.16772460
1.10913085
1.11437988
1.11926269
1.11938476
1.11926269
1.11047363
1.11132812
1.12182617
1.12121582
1.11291503
1.11645507
1.10485839
1.12683105
1.15649414
1.11828613
1.12170410
1.12133789
1.10888671
1.12133789
1.11010742
1.10827636
1.11425781
1.10766601
1.14709472
1.12011718
1.12622070
1.11596679
1.11877441
1.12683105
1.11694335
1.11755371
1.11413574
1.12048339
1.11181640
1.10925292
1.10852050
1.12133789
1.11828613
1.12866210
1.13891601
1.13488769
1.11694335
1.16198730
1.12304687
1.12402343
1.12695312
1.12377929
1.15820312
1.11816406
1.11633300
1.16027832
1.11608886
1.11987304
1.12036132
1.10913085
1.11218261
1.10961914
1.12084960
1.12805175
1.11450195
1.11975097
1.11022949
1.12597656
1.11962890
1.11730957
1.11730957
1.11071777
1.11059570
1.11523437
1.11511230
1.10742187
1.14062500
1.11950683
1.12268066
1.11376953
1.10888671
1.13781738
1.12963867
1.12890625
1.13879394
1.13830566
1.13159179
1.13317871
1.12634277
1.12292480
1.15844726
1.11291503
1.11901855
1.12182617
1.11340332
1.12023925
1.12170410
1.11645507
1.11169433
1.11718750
