.70458984
.84704589
1.03796386
.72265625
.77624511
1.10522460
1.12304687
1.11877441
1.11352539
1.12353515
1.12316894
1.16418457
1.12036132
1.16381835
1.16394042
1.11364746
1.11657714
1.10437011
1.12023925
1.11328125
1.12255859
1.11999511
1.11462402
1.11633300
1.12194824
1.12121582
1.12231445
1.11840820
1.10815429
1.12414550
1.11987304
1.11389160
1.11901855
1.11596679
1.13696289
1.11791992
1.11364746
1.11938476
1.12023925
1.11157226
1.13317871
1.13745117
1.12988281
1.12915039
1.13256835
1.13732910
1.13879394
1.13977050
1.13244628
1.13366699
1.13061523
1.11645507
1.12316894
1.12731933
1.12622070
1.16796875
1.12133789
1.11389160
1.11840820
1.10864257
1.12060546
1.11840820
1.11376953
1.11267089
1.10266113
1.12731933
1.12548828
1.12316894
1.12109375
1.11657714
1.12023925
1.11779785
1.11791992
1.13439941
1.11938476
1.13244628
1.13269042
1.13391113
1.12963867
1.12634277
1.13354492
1.13867187
1.13793945
1.13269042
1.13342285
1.12609863
1.12890625
1.12390136
1.12927246
1.12231445
1.16882324
1.12182617
1.11560058
1.12268066
1.12597656
1.10864257
1.12109375
1.12243652
1.12280273
1.12036132
1.12573242
1.10888671
1.11840820
1.11743164
1.11254882
1.11267089
1.10839843
1.11267089
1.11840820
1.11145019
1.10681152
1.12451171
1.11828613
1.13378906
1.12658691
1.13769531
1.13366699
1.13891601
1.13269042
1.16381835
1.11401367
1.11694335
1.11950683
1.11938476
1.16882324
1.11804199
1.12292480
1.12194824
1.15295410
1.16418457
1.11157226
1.11572265
1.12121582
1.11389160
1.11804199
1.10961914
1.11132812
1.11059570
1.11193847
1.11669921
1.11645507
1.11169433
1.11743164
1.11645507
1.11682128
1.13623046
1.11804199
1.12170410
1.10974121
1.10803222
1.12304687
1.11145019
1.11291503
1.11303710
1.12072753
1.13684082
1.11193847
1.11962890
1.11132812
1.11901855
1.11352539
1.11462402
1.12316894
1.11962890
1.15771484
1.11535644
1.10327148
1.11303710
1.11975097
1.12268066
1.11242675
1.12231445
1.11730957
1.11523437
1.12182617
1.11999511
1.11621093
1.12207031
1.11889648
1.11413574
1.11914062
1.11230468
1.11413574
1.10876464
1.12890625
1.11120605
1.11975097
1.12951660
1.13403320
1.13049316
1.12756347
1.13842773
1.13256835
1.13293457
1.14038085
1.11706542
1.11364746
1.11572265
1.11779785
1.11401367
