.74536132
.73706054
1.06713867
1.15039062
1.12145996
1.11450195
1.12658691
1.11193847
1.10998535
1.15673828
1.12084960
1.16015625
1.11364746
1.11486816
1.11791992
1.11926269
1.11669921
1.11437988
1.12219238
1.11706542
1.10961914
1.10778808
1.11291503
1.11950683
1.12548828
1.12255859
1.11096191
1.12133789
1.12219238
1.11889648
1.12414550
1.11791992
1.10656738
1.12585449
1.10852050
1.11315917
1.11364746
1.11315917
1.12365722
1.12744140
1.12133789
1.11657714
1.13012695
1.13012695
1.13806152
1.13049316
1.14062500
1.13891601
1.10937500
1.16796875
1.16833496
1.10620117
1.16235351
1.11499023
.85131835
.79980468
1.10424804
1.11340332
1.15466308
1.11096191
1.11328125
1.11535644
1.11206054
1.11584472
1.11889648
1.11401367
1.11352539
1.12243652
1.10693359
1.11279296
1.11657714
1.10766601
1.12292480
1.11840820
1.12548828
1.11840820
1.11059570
1.12390136
1.12756347
1.12194824
1.11877441
1.13623046
1.13269042
1.13427734
1.13806152
1.13769531
1.13659667
1.13818359
1.13415527
1.12634277
1.13354492
1.11462402
1.12255859
1.10888671
1.12036132
1.14892578
1.13964843
1.12182617
1.12182617
1.11315917
1.11486816
1.11242675
1.11791992
1.12194824
1.11547851
1.12084960
1.10900878
1.11621093
1.11376953
1.11853027
1.11083984
1.11010742
1.11621093
1.10778808
1.12634277
1.10949707
1.13317871
1.11926269
1.10998535
1.12133789
1.11706542
1.11999511
1.12573242
1.11877441
1.13745117
1.13562011
1.12976074
1.12133789
1.12939453
1.12805175
1.12426757
1.12402343
1.12438964
1.12463378
1.11828613
1.12011718
1.12365722
1.11804199
1.11633300
1.11389160
1.11914062
1.11718750
1.12463378
1.11120605
1.11059570
1.11938476
1.11047363
1.11511230
1.12487792
1.11230468
1.11865234
1.11303710
1.12573242
1.11962890
1.11083984
1.12268066
1.11975097
1.11462402
1.11621093
1.11364746
1.12573242
1.11157226
1.10998535
1.11474609
1.12292480
1.12353515
1.11706542
1.11730957
1.15930175
1.11303710
1.11767578
1.11230468
1.11950683
1.11999511
1.11669921
1.10986328
1.11560058
1.12011718
1.11682128
1.12133789
1.11303710
1.12597656
1.12255859
1.12292480
1.11315917
1.12133789
1.10705566
1.10827636
1.12011718
1.11828613
1.11376953
1.12548828
1.11157226
1.11767578
1.10607910
1.11547851
1.13195800
1.13159179
1.12805175
1.13195800
