.92956542
1.12329101
1.15844726
1.10290527
1.11950683
1.10290527
1.11584472
1.11010742
1.11364746
1.11938476
1.11425781
1.11621093
1.11816406
1.11486816
1.12023925
1.16296386
1.12243652
1.16186523
1.11889648
1.16833496
1.11022949
1.12329101
1.11804199
1.12231445
1.12133789
1.12500000
1.12585449
1.11865234
.78613281
1.11633300
1.11975097
1.12207031
1.11779785
1.12353515
1.10827636
1.12329101
1.10327148
1.12109375
1.11840820
1.11718750
1.12182617
1.11633300
1.12011718
1.11816406
1.10693359
1.11279296
1.11816406
1.13000488
1.13098144
1.12353515
1.13879394
1.13549804
1.16516113
1.11499023
1.11279296
1.12048339
1.12170410
1.11755371
1.11145019
1.10974121
1.12426757
1.11706542
1.11096191
1.11352539
1.11499023
1.11718750
1.12402343
1.10803222
1.12646484
1.11474609
1.11987304
1.12756347
1.11486816
1.12646484
1.11608886
1.12329101
1.11718750
1.11474609
1.11206054
1.13989257
1.11437988
1.11755371
1.11999511
1.11706542
1.11120605
1.11682128
1.11755371
1.11242675
1.10717773
1.13867187
1.11682128
1.10998535
1.11889648
1.11755371
1.10961914
1.11633300
1.11987304
1.12048339
1.11267089
1.16235351
1.16210937
1.15087890
1.10974121
1.12585449
1.11022949
1.12609863
1.11450195
1.11450195
1.10949707
1.12646484
1.12341308
1.12060546
1.12597656
1.11291503
1.11083984
1.11108398
1.11853027
1.11035156
1.11694335
1.11059570
1.12927246
1.13049316
1.13562011
1.13159179
1.14086914
1.13818359
1.12182617
1.13696289
1.11474609
1.10644531
1.11596679
1.10913085
1.10778808
1.11901855
1.11425781
1.12121582
1.11730957
1.11791992
1.16198730
1.12268066
1.12084960
1.11413574
1.10461425
1.12463378
1.10888671
1.11047363
1.10949707
1.11254882
1.12573242
1.12463378
1.11499023
1.12707519
1.11755371
1.11474609
1.12023925
1.12500000
1.10998535
1.14086914
1.11804199
1.11376953
1.11291503
1.12023925
1.13903808
1.11291503
1.10913085
1.12915039
1.13781738
1.12390136
1.12988281
1.12451171
1.11853027
1.11157226
1.16320800
1.11804199
1.11743164
1.16418457
1.10998535
1.11853027
1.11535644
1.12487792
1.12243652
1.12268066
1.10961914
1.12487792
1.10412597
1.12658691
1.12219238
1.10998535
1.11486816
1.10937500
1.12145996
1.11535644
1.11047363
1.11120605
1.11621093
1.11682128
1.11059570
1.11425781
1.14172363
1.10937500
