1.11682128
1.12133789
1.12695312
1.11511230
1.11938476
1.12744140
1.10961914
1.11669921
1.12097167
1.12341308
1.11267089
1.11291503
1.11145019
1.10876464
1.11791992
1.12402343
1.12316894
1.16333007
1.11401367
1.16357421
1.10778808
1.11437988
1.11645507
1.10913085
1.11694335
1.11694335
1.15527343
1.11584472
1.15759277
1.11657714
1.12231445
1.12695312
1.11474609
1.11401367
1.12426757
1.11120605
1.11083984
1.11389160
1.12072753
1.12341308
1.11071777
1.11877441
1.11853027
1.11779785
1.12646484
1.12524414
1.11474609
1.11962890
1.12316894
1.12365722
1.11950683
1.11596679
1.11474609
1.12207031
1.11328125
1.11791992
1.12329101
1.13867187
1.14367675
1.12158203
1.12426757
1.12292480
1.12438964
1.16894531
1.11999511
1.12500000
1.12133789
1.11560058
1.12426757
1.12109375
.97949218
1.12304687
1.11596679
1.11474609
1.12365722
1.11437988
1.12451171
1.10559082
1.12426757
1.11499023
1.11181640
1.10888671
1.11926269
1.12316894
1.11779785
1.11254882
1.12121582
1.14074707
1.11999511
1.12072753
1.11157226
1.11437988
1.13391113
1.11962890
1.11254882
1.12048339
1.11914062
1.11291503
1.13171386
1.11877441
1.12023925
1.16687011
1.11047363
1.11096191
1.11291503
1.11877441
1.11767578
1.15576171
1.12194824
1.11242675
1.10852050
1.12255859
1.10620117
1.11315917
1.11889648
1.11901855
1.12023925
1.11926269
1.11315917
1.11083984
1.12292480
1.11535644
1.11291503
1.11254882
1.12768554
1.11669921
1.11975097
1.11303710
1.11645507
1.11633300
1.11169433
1.10791015
1.10986328
1.11950683
1.14147949
1.11083984
1.11401367
1.11083984
1.10559082
1.13537597
1.13232421
1.14013671
1.12512207
1.15795898
1.12268066
1.11584472
1.12341308
1.11962890
1.12304687
1.12280273
1.16687011
1.11914062
1.15734863
1.10571289
1.12121582
1.11865234
1.12475585
1.11901855
1.11730957
1.12536621
1.11938476
1.12097167
1.12109375
1.11303710
1.12585449
1.11010742
1.11315917
1.11938476
1.11572265
1.10742187
1.11425781
1.11828613
1.11120605
1.11352539
1.13671875
1.12133789
1.11376953
1.12048339
1.11791992
1.13403320
1.13110351
1.13720703
1.13281250
1.12304687
1.11218261
1.10937500
1.15563964
1.15783691
1.14916992
1.14782714
1.11962890
1.12048339
1.11950683
1.11364746
1.12268066
1.11450195
1.11889648
1.11633300
1.12084960
1.12658691
