1.11315917
1.11279296
1.12219238
.97265625
1.12109375
1.11694335
1.11743164
1.11328125
1.12011718
1.11535644
1.11096191
1.15710449
1.11181640
1.11926269
1.12658691
1.11584472
1.10974121
1.11584472
1.10705566
1.11584472
1.13403320
1.12902832
1.13037109
1.12731933
1.13378906
1.12585449
1.13452148
1.13806152
1.13586425
1.13281250
1.16333007
1.11791992
1.11938476
1.11462402
1.11633300
1.12072753
1.12329101
1.11926269
1.10913085
1.10986328
1.11779785
1.12609863
1.12402343
1.12084960
1.11474609
1.10705566
1.11535644
1.12341308
1.12512207
1.11779785
1.10986328
1.11779785
1.11682128
1.11987304
1.12268066
1.12646484
1.11779785
1.12500000
1.12426757
1.11401367
1.12329101
1.11889648
1.11657714
1.11462402
1.12353515
1.12744140
1.11328125
1.12219238
1.12780761
1.11645507
1.12292480
1.11462402
1.11779785
1.11267089
1.11120605
1.15649414
1.14916992
1.14611816
1.10546875
1.11718750
1.12243652
1.12133789
1.12011718
1.12109375
1.11132812
1.11083984
1.11840820
1.11779785
1.10693359
1.12280273
1.12133789
1.12316894
1.11401367
1.10839843
1.12072753
1.11096191
1.13159179
1.10937500
1.11254882
1.11560058
1.11462402
1.10986328
1.11486816
1.11132812
1.12060546
1.12707519
1.10913085
1.11218261
1.12243652
1.12231445
1.11157226
1.11376953
1.12280273
1.16857910
1.15881347
1.11682128
1.10961914
1.12182617
1.11523437
1.15283203
1.11853027
1.12023925
1.12231445
1.11547851
1.12280273
1.12133789
1.12011718
1.11791992
1.11804199
1.11633300
1.10791015
1.11901855
1.12548828
1.12243652
1.11437988
1.11669921
1.11511230
1.11499023
1.12011718
1.11462402
1.11889648
1.11047363
1.13366699
1.12084960
1.11486816
1.11853027
1.13366699
1.13073730
1.14001464
1.13891601
1.16723632
1.13842773
1.13427734
1.13061523
1.16918945
1.11560058
1.16406250
1.12390136
1.12451171
1.12219238
1.11523437
.90917968
1.11645507
1.11376953
1.12011718
1.11865234
1.10803222
1.12072753
1.11682128
1.12060546
1.11694335
1.11706542
1.12133789
1.11865234
1.12231445
1.11999511
1.11755371
1.11621093
1.11523437
1.11169433
1.10791015
1.11193847
1.11437988
1.11633300
1.11364746
1.11914062
1.12011718
1.12231445
1.11816406
1.12341308
1.11682128
1.16442871
1.15637207
1.11132812
1.11999511
1.11804199
1.11877441
1.10900878
1.11718750
1.11853027
