.77758789
.73059082
.71276855
1.02880859
1.12219238
1.12634277
1.11315917
1.12048339
1.11621093
1.11572265
1.11267089
1.11108398
1.11437988
1.11914062
1.11279296
1.11303710
1.11376953
1.11755371
1.11462402
1.13061523
1.13793945
1.13916015
1.12280273
1.15795898
1.15551757
1.12390136
1.11926269
1.12280273
1.16931152
1.16357421
1.12280273
1.11645507
1.11608886
1.11865234
1.12316894
1.11157226
1.12121582
1.12072753
1.10961914
1.12670898
1.10400390
1.12072753
1.12646484
1.11132812
1.11853027
1.11254882
1.11975097
1.11865234
1.11889648
1.12145996
1.11669921
1.12207031
1.12145996
1.11157226
1.13256835
1.12890625
1.13122558
1.13208007
1.13647460
1.13854980
1.14208984
1.13732910
1.13391113
1.12353515
1.11914062
1.16845703
1.12243652
1.12463378
1.12341308
1.10974121
1.13964843
1.11584472
1.15209960
1.11816406
1.12145996
1.11315917
1.10974121
1.11071777
1.10607910
1.12121582
1.11633300
1.12109375
1.11315917
1.11816406
1.11682128
1.11828613
1.12561035
1.13024902
1.12658691
1.13012695
1.12744140
1.12841796
1.12854003
1.12792968
1.13708496
1.13403320
1.13903808
1.13793945
1.12890625
1.10620117
1.12084960
1.15783691
1.11621093
1.11511230
1.12194824
1.04040527
.96374511
1.11743164
1.11193847
1.11352539
1.11242675
1.10742187
1.11828613
1.11389160
1.11474609
1.12573242
1.12036132
1.10498046
1.11523437
1.11120605
1.12219238
1.12231445
1.10839843
1.12243652
1.11389160
1.11096191
1.11718750
1.12084960
1.11572265
1.11059570
1.12023925
1.12243652
1.11767578
1.11596679
1.11547851
1.11584472
1.11413574
1.13891601
1.13037109
1.11645507
1.11462402
1.10815429
1.11486816
1.10607910
1.15356445
1.11499023
1.11938476
1.16247558
1.12170410
1.10815429
1.12207031
1.11376953
1.11584472
1.11657714
1.11572265
1.15026855
1.12036132
1.12084960
1.11914062
1.12097167
1.10852050
1.12036132
1.11389160
1.10864257
1.12792968
1.13171386
1.12927246
1.13842773
1.13732910
1.13183593
1.11816406
1.11596679
1.11865234
1.12158203
1.11474609
1.11730957
1.11853027
1.15039062
1.12097167
1.11413574
1.11437988
1.12109375
1.11962890
1.11022949
1.11669921
1.11987304
1.10693359
1.11657714
1.11950683
1.11499023
1.11376953
1.11328125
1.12390136
1.10900878
1.11804199
1.11499023
1.11877441
1.14233398
1.11621093
1.12182617
