1.02124023
1.02111816
1.02136230
1.02111816
1.02111816
1.02124023
1.02124023
1.02172851
1.02172851
1.02172851
1.02111816
1.02136230
1.02099609
1.02160644
1.02111816
1.02136230
1.02111816
1.02075195
1.02136230
1.02050781
1.02062988
1.02136230
1.02148437
1.02124023
1.02136230
1.02172851
1.02136230
1.02111816
1.02136230
1.02136230
1.02136230
1.02172851
1.02124023
1.00170898
1.00231933
1.00183105
1.00219726
1.00158691
1.00207519
1.00280761
1.00512695
1.00341796
1.00183105
1.00329589
1.00341796
1.00354003
1.00292968
1.00122070
1.00329589
1.00317382
1.00256347
1.00292968
1.00329589
1.00390625
1.00415039
1.00341796
1.00305175
1.00415039
1.00390625
1.00280761
1.00415039
1.00415039
1.00427246
1.00354003
1.00415039
1.00427246
1.00268554
1.00390625
1.00427246
1.00390625
1.00378417
1.00488281
1.00366210
1.00439453
1.00329589
1.00390625
1.00402832
1.00329589
1.00439453
1.00317382
1.00402832
1.00476074
1.00341796
1.00415039
1.00524902
1.00512695
1.00378417
1.00512695
1.00439453
1.00488281
1.00415039
1.00476074
1.00439453
1.00378417
1.00646972
1.00512695
1.00549316
1.00646972
1.00463867
1.00561523
1.00488281
1.00451660
1.00488281
1.00549316
1.00451660
1.00537109
1.00500488
1.00439453
1.00598144
1.00537109
1.00561523
1.00476074
1.00524902
1.00451660
1.00561523
1.00549316
1.00463867
1.00537109
1.00000000
1.00488281
1.00585937
1.00439453
1.00524902
1.00463867
1.00561523
1.00500488
1.00573730
1.00512695
1.00573730
1.00512695
1.00561523
1.00463867
1.00463867
1.00549316
1.00585937
1.00598144
1.00561523
1.00598144
1.00561523
1.00122070
1.00610351
1.00537109
1.00585937
1.00598144
1.00561523
1.00488281
1.00598144
1.00585937
1.00488281
1.00634765
1.00610351
1.00573730
1.00500488
1.00585937
1.00573730
1.00524902
1.00549316
1.00610351
1.00659179
1.00585937
1.00085449
1.00097656
1.00158691
1.00146484
1.00341796
1.00146484
1.00280761
1.00158691
1.00268554
1.00573730
1.00695800
1.00573730
1.00158691
.99914550
1.00146484
1.00524902
1.00695800
1.00012207
1.00646972
1.00048828
1.00622558
1.00109863
1.00134277
1.00585937
1.00280761
1.00793457
1.00512695
1.00122070
1.00000000
1.00622558
1.00073242
1.00134277
1.00537109
1.00610351
1.00036621
1.00134277
1.00073242
1.00659179
1.00109863
1.00500488
