1.02111816
1.02111816
1.02111816
1.02099609
1.02087402
1.02099609
1.02087402
1.02111816
1.02111816
1.02050781
1.02111816
1.02111816
1.02062988
1.02099609
1.02111816
1.02111816
1.02111816
1.02111816
1.02087402
1.02099609
1.02087402
1.02124023
1.02148437
1.02111816
1.02124023
1.02136230
1.02160644
1.02136230
1.02087402
1.02160644
1.02111816
1.02160644
1.02111816
1.00170898
1.00231933
1.00219726
1.00231933
1.00219726
1.00134277
1.00158691
1.00170898
1.00280761
1.00317382
.99890136
1.00500488
1.00354003
1.00488281
1.00524902
1.00476074
1.00451660
1.00488281
1.00427246
1.00561523
1.00402832
1.00476074
1.00341796
1.00463867
1.00524902
1.00390625
1.00415039
1.00524902
1.00524902
1.00439453
1.00537109
1.00695800
1.00451660
1.00439453
1.00549316
1.00451660
1.00537109
1.00720214
1.00537109
1.00537109
1.00646972
1.00671386
1.00634765
1.00366210
1.00561523
1.00390625
1.00549316
1.00720214
1.00427246
1.00598144
1.00463867
1.00549316
1.00549316
1.00378417
1.00646972
1.00463867
1.00561523
1.00537109
1.00439453
1.00512695
1.00402832
1.00524902
1.00512695
1.00524902
1.00610351
1.00537109
1.00537109
1.00415039
1.00537109
1.00512695
1.00549316
1.00524902
1.00549316
1.00524902
1.00500488
1.00488281
1.00512695
1.00451660
1.00585937
1.00573730
1.00549316
1.00537109
1.00537109
1.00451660
1.00549316
1.00537109
1.00439453
1.00512695
1.00537109
1.00524902
1.00549316
1.00463867
1.00524902
1.00512695
1.00500488
1.00524902
1.00549316
1.00524902
1.00500488
1.00500488
1.00573730
1.00549316
1.00524902
1.00500488
1.00561523
1.00573730
1.00524902
1.00500488
1.00549316
1.00610351
1.00585937
1.00561523
1.00573730
1.00109863
1.00585937
1.00476074
1.00573730
1.00537109
1.00549316
1.00524902
1.00463867
1.00561523
1.00463867
1.00549316
1.00268554
1.00244140
.99755859
1.00134277
1.00305175
1.00244140
1.00744628
1.00659179
.99707031
.99768066
.99707031
1.00488281
1.00756835
1.00720214
1.00268554
1.00756835
1.00781250
1.00292968
1.00061035
1.00415039
.99768066
1.00549316
1.00231933
1.00769042
1.00805664
1.00231933
1.00524902
.99768066
1.00769042
1.00183105
1.00732421
1.00256347
1.00219726
1.00268554
1.00122070
.99975585
1.00109863
1.00048828
1.00109863
1.00146484
1.00048828
1.00244140
.99987792
