1.02087402
1.02087402
1.02111816
1.02124023
1.02087402
1.02111816
1.02099609
1.02111816
1.02111816
1.02087402
1.02111816
1.02099609
1.02087402
1.02111816
1.02099609
1.02087402
1.02099609
1.02062988
1.02111816
1.02099609
1.02062988
1.02099609
1.02172851
1.02124023
1.02124023
1.02111816
1.02124023
1.02148437
1.02111816
1.02111816
1.02172851
1.02160644
1.00146484
1.00219726
1.00122070
1.00231933
1.00134277
1.00231933
1.00122070
1.00170898
1.00244140
1.00256347
1.00170898
1.00256347
1.00170898
1.00231933
1.00244140
1.00219726
1.00231933
1.00207519
1.00170898
1.00170898
1.00207519
1.00170898
1.00170898
1.00085449
1.00170898
1.00134277
1.00207519
1.00134277
1.00146484
1.00219726
1.00195312
1.00256347
1.00195312
1.00231933
1.00183105
1.00109863
1.00256347
1.00305175
1.00280761
1.00219726
1.00317382
1.00378417
1.00280761
1.00537109
1.00329589
1.00439453
1.00415039
1.00354003
1.00512695
1.00415039
1.00378417
1.00439453
1.00439453
1.00488281
1.00390625
1.00524902
1.00463867
1.00317382
1.00366210
1.00512695
1.00463867
1.00390625
1.00463867
1.00463867
1.00341796
1.00463867
1.00390625
1.00500488
1.00500488
1.00073242
1.00390625
1.00634765
1.00512695
1.00598144
1.00610351
1.00573730
1.00097656
1.00512695
1.00610351
1.00610351
1.00585937
1.00073242
1.00537109
1.00659179
1.00561523
1.00097656
1.00109863
1.00146484
1.00122070
1.00622558
1.00573730
1.00622558
1.00610351
1.00036621
.99645996
.99731445
.99731445
.99707031
.99731445
.99743652
.99780273
.99792480
.99780273
.99768066
.99768066
.99768066
.99780273
.99792480
.99768066
.99743652
.99658203
.99804687
.99804687
.99755859
.99719238
.99707031
.99291992
.99804687
.99755859
.99743652
.99731445
.99743652
.99743652
.99743652
.99792480
.99792480
.99804687
.99755859
.99743652
.99743652
.99731445
.99804687
.99780273
.99804687
.99768066
.99755859
.99743652
.99743652
.99743652
.99731445
.99291992
.99743652
.99719238
.99731445
.99755859
.99218750
.99340820
.99731445
.99670410
.99731445
.99743652
.99707031
.99719238
.99731445
.99694824
.99755859
.99694824
.99707031
.99755859
.99719238
.99719238
.99743652
.99694824
.99743652
.99743652
.99987792
.99267578
.99145507
