1.12756347
1.12744140
1.12719726
1.13208007
1.12719726
1.12792968
1.13232421
1.13183593
1.13183593
1.13159179
1.13146972
1.13049316
1.13232421
1.13122558
1.13208007
1.13110351
1.13122558
1.13208007
1.13220214
1.13195800
1.13146972
1.13220214
1.13171386
1.13146972
1.13232421
1.13232421
1.13098144
1.13171386
1.13159179
1.13061523
1.12756347
1.12768554
1.12731933
1.12731933
1.12670898
1.12731933
1.12731933
1.12780761
1.12768554
1.12768554
1.12768554
1.12756347
1.12670898
1.13134765
1.13146972
1.13391113
1.13281250
1.12609863
1.13867187
1.12768554
1.13073730
1.12866210
1.12536621
1.12548828
1.12841796
1.12768554
1.13061523
1.15148925
1.12280273
1.12719726
1.13110351
1.11193847
1.11108398
1.11193847
1.11242675
1.10693359
1.11193847
1.11193847
1.11193847
1.11145019
1.11218261
1.11157226
1.10839843
1.11230468
1.10766601
1.10729980
1.11535644
1.11413574
1.15197753
1.11303710
1.11071777
1.11340332
1.11120605
1.11364746
1.11242675
1.11352539
1.10363769
1.11169433
1.11413574
1.11474609
1.11254882
1.10974121
1.11132812
1.11474609
1.11328125
1.11328125
1.10925292
1.11352539
1.11376953
1.11352539
1.11425781
1.11254882
1.11352539
1.11401367
1.10852050
1.11425781
1.11254882
1.11413574
1.10852050
1.10888671
1.10388183
1.11218261
1.11364746
1.11413574
1.10803222
1.11389160
1.11425781
1.10766601
1.10937500
1.10766601
1.10937500
1.11035156
1.10949707
1.10681152
1.10900878
1.11450195
1.10839843
1.11560058
1.10754394
1.11389160
1.10668945
1.11401367
1.11401367
1.10766601
1.11376953
1.11267089
1.10717773
1.10937500
1.11157226
1.11425781
1.10937500
1.11450195
1.11364746
1.11230468
1.11401367
1.10571289
1.11328125
1.10607910
1.10839843
1.10839843
1.11328125
1.10363769
1.10717773
1.14758300
1.10632324
1.10888671
1.11230468
1.10900878
1.10571289
1.11315917
1.10583496
1.10815429
1.11108398
1.11425781
1.11157226
1.10839843
1.10632324
1.10998535
1.10681152
1.10241699
1.11413574
1.10937500
1.10900878
1.11437988
1.11230468
1.11364746
1.10876464
1.11425781
1.11376953
1.10827636
1.10888671
1.11364746
1.10754394
1.12756347
1.12768554
1.12634277
1.12683105
1.12683105
1.14831542
1.12597656
1.11242675
1.11267089
1.11413574
1.11425781
1.10974121
1.10778808
1.10717773
1.10998535
1.10864257
1.11401367
