1.12731933
1.12756347
1.12768554
1.12597656
1.12756347
1.13122558
1.13146972
1.13171386
1.13049316
1.13146972
1.13134765
1.13000488
1.13208007
1.13122558
1.13183593
1.13195800
1.13232421
1.13208007
1.13232421
1.13073730
1.13183593
1.13098144
1.13110351
1.13012695
1.13134765
1.13220214
1.13000488
1.13232421
1.13232421
1.12731933
1.12792968
1.12731933
1.12756347
1.12756347
1.12731933
1.12817382
1.12695312
1.12841796
1.12683105
1.12670898
1.12707519
1.12841796
1.12707519
1.12731933
1.12792968
1.12817382
1.12731933
1.12829589
1.12841796
1.12670898
1.12719726
1.12670898
1.12731933
1.12841796
1.12817382
1.12744140
1.12780761
1.12756347
1.12744140
1.12731933
1.12841796
1.12731933
1.12768554
1.12841796
1.13342285
1.12731933
1.12731933
1.12829589
1.12829589
1.12817382
1.12841796
1.12829589
1.12841796
1.12792968
1.12719726
1.13220214
1.12573242
1.13293457
1.13330078
1.13159179
1.13439941
1.13293457
1.13085937
1.13232421
1.13366699
1.13208007
1.13305664
1.13098144
1.13305664
1.13415527
1.13439941
1.13403320
1.13269042
1.13464355
1.13134765
1.13464355
1.12658691
1.13452148
1.13366699
1.13000488
1.13366699
1.13293457
1.13525390
1.12988281
1.13452148
1.13134765
1.13403320
1.13098144
1.13574218
1.13537597
1.13098144
1.13024902
1.13037109
1.13024902
1.13281250
1.13024902
1.13049316
1.12731933
1.13000488
1.13110351
1.13415527
1.13049316
1.12951660
1.13000488
1.13146972
1.13171386
1.13171386
1.15063476
1.12353515
1.11804199
1.11169433
1.12548828
1.10815429
1.11340332
1.11828613
1.11083984
1.10400390
1.10925292
1.10888671
1.10913085
1.10754394
1.11364746
1.10632324
1.11389160
1.10400390
1.11206054
1.10827636
1.10595703
1.11389160
1.11413574
1.11401367
1.10876464
1.11425781
1.11291503
1.15332031
1.10925292
1.15197753
1.15393066
1.10852050
1.11340332
1.10620117
1.10400390
1.10668945
1.10852050
1.11340332
1.11206054
1.11376953
1.10607910
1.10913085
1.11376953
1.10717773
1.10852050
1.11010742
1.11401367
1.11254882
1.11364746
1.10852050
1.10925292
1.11267089
1.11364746
1.11059570
1.11462402
1.10461425
1.15478515
1.10314941
1.10644531
1.10925292
1.11108398
1.11401367
1.11352539
1.11389160
1.11303710
1.11462402
1.15307617
1.10510253
1.10937500
1.11218261
1.11120605
1.11303710
1.15295410
