1.12744140
1.12780761
1.12731933
1.12695312
1.13208007
1.13183593
1.13183593
1.13317871
1.13342285
1.13269042
1.13305664
1.13146972
1.13342285
1.13244628
1.13244628
1.13208007
1.13330078
1.13159179
1.13122558
1.13269042
1.13183593
1.13317871
1.13244628
1.13281250
1.13183593
1.13244628
1.13085937
1.13244628
1.13232421
1.13195800
1.13171386
1.13208007
1.13146972
1.13134765
1.13085937
1.13171386
1.13195800
1.13134765
1.13232421
1.13134765
1.13159179
1.13146972
1.13085937
1.13024902
1.12744140
1.13269042
1.12695312
1.12768554
1.12719726
1.12719726
1.12780761
1.12756347
1.13244628
1.13256835
1.12731933
1.12744140
1.12719726
1.12731933
1.12634277
1.13366699
1.13269042
1.13378906
1.13464355
1.13513183
1.13012695
1.13146972
1.13549804
1.13549804
1.13000488
1.13610839
1.13342285
1.13549804
1.12976074
1.13098144
1.13476562
1.13342285
1.13488769
1.12878417
1.12841796
1.13464355
1.13366699
1.12915039
1.13000488
1.13317871
1.12963867
1.13354492
1.12768554
1.13427734
1.12915039
1.13488769
1.13330078
1.13464355
1.12927246
1.13439941
1.13342285
1.12695312
1.13403320
1.13378906
1.13476562
1.13146972
1.13122558
1.13134765
1.13220214
1.13635253
1.13366699
1.12731933
1.12292480
1.13269042
1.12719726
1.12548828
1.12634277
1.13244628
1.12976074
1.13256835
1.12438964
1.12695312
1.13293457
1.12622070
1.12866210
1.12500000
1.13317871
1.12756347
1.11096191
1.11828613
1.14978027
1.10766601
1.11462402
1.11315917
1.11389160
1.11364746
1.11181640
1.10888671
1.11389160
1.15258789
1.10705566
1.14697265
1.15185546
1.15197753
1.10314941
1.11315917
1.15185546
1.15173339
1.14758300
1.15173339
1.15405273
1.11413574
1.10363769
1.11254882
1.10864257
1.11303710
1.11425781
1.11376953
1.11376953
1.11413574
1.11364746
1.11340332
1.11328125
1.11340332
1.10852050
1.11096191
1.10876464
1.11376953
1.15197753
1.14257812
1.10266113
1.15222167
1.11596679
1.15197753
1.15258789
1.14733886
1.11462402
1.15161132
1.11218261
1.10815429
1.11303710
1.10754394
1.10839843
1.10876464
1.11413574
1.11413574
1.10839843
1.10437011
1.11291503
1.10986328
1.10913085
1.10412597
1.10815429
1.11425781
1.10876464
1.10900878
1.10766601
1.11401367
1.10388183
1.10571289
1.11352539
1.11328125
1.11132812
1.11474609
1.10925292
1.10412597
