1.12756347
1.12756347
1.12731933
1.12719726
1.12817382
1.13159179
1.13061523
1.13061523
1.13195800
1.13110351
1.13281250
1.13342285
1.13330078
1.13269042
1.13146972
1.13073730
1.13342285
1.13159179
1.13232421
1.13281250
1.13134765
1.13146972
1.13256835
1.13159179
1.13208007
1.13232421
1.13317871
1.13183593
1.13330078
1.13342285
1.13281250
1.13073730
1.13037109
1.13269042
1.13281250
1.13220214
1.13244628
1.13110351
1.13330078
1.13293457
1.13342285
1.13317871
1.13317871
1.13317871
1.13195800
1.13232421
1.13293457
1.13183593
1.13256835
1.13342285
1.13171386
1.13220214
1.13183593
1.13220214
1.13220214
1.13220214
1.13220214
1.13195800
1.13098144
1.12756347
1.12719726
1.12731933
1.12731933
1.12731933
1.12731933
1.12768554
1.12768554
1.12731933
1.12792968
1.12780761
1.12719726
1.12731933
1.13208007
1.13159179
1.12182617
1.12780761
1.13293457
1.12805175
1.12695312
1.13305664
1.13220214
1.13330078
1.13220214
1.13293457
1.13330078
1.13220214
1.13330078
1.13354492
1.13256835
1.13293457
1.13317871
1.13183593
1.13317871
1.13317871
1.13208007
1.13366699
1.13293457
1.13122558
1.13293457
1.13525390
1.13208007
1.13403320
1.13574218
1.13244628
1.13562011
1.13452148
1.13305664
1.12976074
1.12817382
1.13110351
1.12963867
1.13037109
1.12939453
1.13085937
1.12976074
1.13073730
1.12683105
1.12915039
1.13159179
1.11071777
1.12670898
1.12634277
1.12707519
1.12683105
1.11096191
1.11169433
1.11230468
1.10937500
1.11157226
1.11083984
1.11450195
1.11169433
1.15576171
1.11181640
1.11169433
1.11254882
1.11169433
1.11145019
1.11425781
1.11169433
1.10705566
1.11230468
1.11169433
1.11535644
1.11230468
1.11328125
1.11169433
1.11193847
1.11132812
1.11193847
1.10705566
1.11242675
1.11193847
1.11120605
1.11181640
1.10754394
1.10729980
1.11218261
1.11193847
1.10766601
1.10681152
1.10717773
1.11242675
1.11206054
1.11181640
1.11242675
1.10693359
1.11193847
1.11193847
1.11206054
1.11218261
1.10693359
1.11242675
1.10693359
1.10705566
1.11242675
1.10693359
1.11450195
1.11230468
1.10729980
1.11230468
1.11328125
1.11401367
1.10180664
1.10876464
1.10668945
1.10852050
1.10632324
1.10913085
1.10925292
1.10791015
1.10839843
1.10681152
1.10400390
1.11633300
1.11364746
1.11303710
1.10437011
1.10876464
1.10632324
