1.12731933
1.12744140
1.12731933
1.12719726
1.12719726
1.13232421
1.13122558
1.13122558
1.13256835
1.13342285
1.13269042
1.13183593
1.13195800
1.13195800
1.13110351
1.13122558
1.13183593
1.13342285
1.13183593
1.13146972
1.13159179
1.13171386
1.13171386
1.13293457
1.13281250
1.13171386
1.13134765
1.13183593
1.13098144
1.13220214
1.13220214
1.13208007
1.13220214
1.13159179
1.13110351
1.13220214
1.13146972
1.13110351
1.13195800
1.13073730
1.13085937
1.13220214
1.13208007
1.12683105
1.12756347
1.12719726
1.12731933
1.12780761
1.12744140
1.12719726
1.12731933
1.12780761
1.12707519
1.12780761
1.12756347
1.12744140
1.12744140
1.12744140
1.13049316
1.13134765
1.13134765
1.13110351
1.12561035
1.16210937
1.12487792
1.13195800
1.13732910
1.13427734
1.13671875
1.13464355
1.13793945
1.12780761
1.13171386
1.13085937
1.12963867
1.13085937
1.12658691
1.13085937
1.13208007
1.12719726
1.13232421
1.13085937
1.13146972
1.13244628
1.13171386
1.13146972
1.13085937
1.13208007
1.11218261
1.11645507
1.11193847
1.11132812
1.11193847
1.11218261
1.11181640
1.11169433
1.11157226
1.11193847
1.11157226
1.11669921
1.11169433
1.11218261
1.11206054
1.11230468
1.11181640
1.11206054
1.11193847
1.11193847
1.12573242
1.12817382
1.13049316
1.11035156
1.11242675
1.11181640
1.11218261
1.11169433
1.11181640
1.11206054
1.11193847
1.11206054
1.11242675
1.11230468
1.11035156
1.11242675
1.11193847
1.11315917
1.10974121
1.11242675
1.10717773
1.11218261
1.11193847
1.11206054
1.11157226
1.11193847
1.11242675
1.11193847
1.11206054
1.11193847
1.11071777
1.11486816
1.11193847
1.11145019
1.10583496
1.10778808
1.11230468
1.10754394
1.11181640
1.10705566
1.11230468
1.11132812
1.11193847
1.11242675
1.11230468
1.11181640
1.11242675
1.11254882
1.11181640
1.11169433
1.11254882
1.11193847
1.11206054
1.11193847
1.11181640
1.11181640
1.11230468
1.10791015
1.11230468
1.11450195
1.10302734
1.11474609
1.11389160
1.11083984
1.11401367
1.11230468
1.11303710
1.10937500
1.10412597
1.11206054
1.10900878
1.11096191
1.11376953
1.11303710
1.10632324
1.10852050
1.14770507
1.11267089
1.11340332
1.10913085
1.11352539
1.10375976
1.11145019
1.10900878
1.11157226
1.10925292
1.10925292
1.11352539
1.11462402
1.10083007
1.11364746
1.10412597
