1.12768554
1.12731933
1.12707519
1.12670898
1.13146972
1.13220214
1.13085937
1.13208007
1.13232421
1.13037109
1.13183593
1.13220214
1.13183593
1.13256835
1.13281250
1.13061523
1.13146972
1.13232421
1.13122558
1.13171386
1.13281250
1.13232421
1.13098144
1.13293457
1.13159179
1.13256835
1.13232421
1.13098144
1.13098144
1.13146972
1.13110351
1.13171386
1.13232421
1.13195800
1.13342285
1.13232421
1.13171386
1.13330078
1.13220214
1.13183593
1.13232421
1.13146972
1.13281250
1.13183593
1.13171386
1.13208007
1.13146972
1.13171386
1.13134765
1.13171386
1.13220214
1.13220214
1.13146972
1.13208007
1.13232421
1.13281250
1.13024902
1.13220214
1.13171386
1.13305664
1.13171386
1.13110351
1.13220214
1.13122558
1.13232421
1.12988281
1.13122558
1.13183593
1.12780761
1.12756347
1.12670898
1.12744140
1.12731933
1.12744140
1.12756347
1.12780761
1.12695312
1.12768554
1.12670898
1.12719726
1.12768554
1.13085937
1.13146972
1.13049316
1.13012695
1.13159179
1.12622070
1.13378906
1.12414550
1.12841796
1.13500976
1.13085937
1.13427734
1.12646484
1.12915039
1.12414550
1.13354492
1.13256835
1.13378906
1.13354492
1.13256835
1.12927246
1.13415527
1.12768554
1.13378906
1.12963867
1.13317871
1.12866210
1.12902832
1.13281250
1.12805175
1.13391113
1.13281250
1.13391113
1.13378906
1.13293457
1.13366699
1.12915039
1.13317871
1.13073730
1.13525390
1.13366699
1.13488769
1.13183593
1.13549804
1.13525390
1.13293457
1.12475585
1.13220214
1.13574218
1.13330078
1.13281250
1.13439941
1.13232421
1.13513183
1.13195800
1.13574218
1.12878417
1.13000488
1.13720703
1.13403320
1.13000488
1.13342285
1.12829589
1.12927246
1.12988281
1.12927246
1.13024902
1.13598632
1.13085937
1.13427734
1.13354492
1.13525390
1.12976074
1.13500976
1.13012695
1.13024902
1.13085937
1.13012695
1.12976074
1.13476562
1.11682128
1.11730957
1.13037109
1.13195800
1.12561035
1.13195800
1.11633300
1.11242675
1.11169433
1.11694335
1.11193847
1.11437988
1.11242675
1.11193847
1.11254882
1.11169433
1.11315917
1.11083984
1.11193847
1.11193847
1.11181640
1.11242675
1.11230468
1.11206054
1.11169433
1.11193847
1.11059570
1.11437988
1.11242675
1.10351562
1.11254882
1.11437988
1.11242675
1.11352539
1.10571289
1.11450195
1.11230468
1.11401367
1.10266113
