1.12756347
1.12768554
1.12719726
1.12707519
1.12731933
1.12707519
1.13134765
1.13146972
1.13171386
1.13085937
1.13256835
1.13085937
1.13281250
1.13146972
1.13171386
1.13293457
1.13049316
1.13183593
1.13256835
1.13183593
1.13183593
1.13110351
1.13183593
1.13183593
1.13146972
1.13232421
1.13098144
1.13000488
1.13098144
1.13049316
1.13098144
1.13122558
1.13195800
1.13134765
1.13122558
1.13134765
1.13134765
1.13085937
1.13305664
1.13110351
1.13183593
1.13073730
1.13256835
1.13293457
1.13183593
1.13134765
1.13146972
1.13330078
1.13342285
1.13256835
1.13220214
1.13159179
1.13330078
1.13305664
1.13269042
1.13073730
1.13220214
1.13342285
1.13159179
1.13134765
1.13244628
1.13134765
1.13012695
1.13171386
1.13171386
1.13220214
1.13146972
1.13342285
1.13208007
1.13122558
1.13061523
1.13098144
1.13208007
1.13232421
1.13195800
1.13159179
1.12719726
1.12719726
1.12731933
1.12707519
1.12841796
1.12622070
1.12695312
1.12829589
1.12768554
1.12731933
1.12731933
1.12707519
1.12780761
1.12792968
1.12829589
1.12707519
1.12768554
1.12731933
1.12829589
1.12792968
1.12829589
1.12731933
1.12731933
1.12731933
1.12731933
1.12695312
1.12719726
1.12731933
1.12731933
1.12731933
1.12719726
1.12731933
1.12805175
1.12731933
1.12731933
1.12731933
1.12719726
1.12609863
1.12731933
1.12731933
1.12731933
1.12719726
1.12744140
1.12744140
1.12731933
1.12731933
1.12719726
1.12829589
1.12731933
1.12792968
1.12854003
1.12731933
1.12817382
1.12731933
1.12768554
1.12719726
1.12731933
1.12731933
1.12731933
1.12756347
1.12780761
1.12841796
1.12731933
1.12731933
1.12683105
1.12756347
1.12792968
1.12719726
1.12731933
1.12731933
1.12731933
1.12829589
1.12817382
1.12719726
1.12731933
1.12841796
1.12756347
1.12744140
1.12829589
1.12841796
1.12780761
1.12768554
1.12670898
1.12646484
1.13122558
1.13122558
1.13122558
1.13024902
1.13171386
1.13256835
1.13085937
1.13317871
1.13439941
1.13317871
1.13366699
1.13427734
1.13330078
1.13464355
1.13000488
1.13293457
1.13415527
1.13391113
1.13366699
1.12988281
1.13403320
1.13500976
1.13378906
1.13513183
1.13000488
1.13562011
1.13500976
1.13525390
1.13037109
1.13000488
1.13049316
1.12951660
1.13122558
1.13012695
1.12988281
1.12988281
1.13098144
1.13586425
1.12976074
1.13452148
