1.12768554
1.12756347
1.12756347
1.12719726
1.12756347
1.12731933
1.13342285
1.13256835
1.13256835
1.13281250
1.13195800
1.13305664
1.13256835
1.13256835
1.13342285
1.13232421
1.13183593
1.13171386
1.13232421
1.13085937
1.13317871
1.13134765
1.13146972
1.13281250
1.13134765
1.13342285
1.13122558
1.13171386
1.13073730
1.13281250
1.13122558
1.13159179
1.13208007
1.13305664
1.13256835
1.13171386
1.13195800
1.13159179
1.13220214
1.13269042
1.13244628
1.13195800
1.13220214
1.13085937
1.13049316
1.13342285
1.13110351
1.13134765
1.13269042
1.13085937
1.13146972
1.13232421
1.13134765
1.13049316
1.13232421
1.13110351
1.13110351
1.13146972
1.13146972
1.13171386
1.12731933
1.12768554
1.12731933
1.12695312
1.12756347
1.12731933
1.12756347
1.12780761
1.12768554
1.12719726
1.12768554
1.12756347
1.12756347
1.12768554
1.12658691
1.12695312
1.13171386
1.12731933
1.13037109
1.13244628
1.13220214
1.13159179
1.13256835
1.13208007
1.13232421
1.13244628
1.13110351
1.13244628
1.13269042
1.13159179
1.13256835
1.13256835
1.13122558
1.13244628
1.13232421
1.13208007
1.13281250
1.13183593
1.13134765
1.13305664
1.12927246
1.13269042
1.13488769
1.13366699
1.13354492
1.13159179
1.13391113
1.13452148
1.13330078
1.12976074
1.13342285
1.12890625
1.13098144
1.13012695
1.13085937
1.12939453
1.13098144
1.13012695
1.13061523
1.13000488
1.13000488
1.13000488
1.13049316
1.12963867
1.13073730
1.13037109
1.13134765
1.12951660
1.12597656
1.13244628
1.12768554
1.12292480
1.12438964
1.12683105
1.12683105
1.13647460
1.13244628
1.13256835
1.13134765
1.12756347
1.12561035
1.12731933
1.12731933
1.12951660
1.12744140
1.12670898
1.12792968
1.12792968
1.12719726
1.12194824
1.12451171
1.13244628
1.12170410
1.12573242
1.12744140
1.12634277
1.12670898
1.12622070
1.11242675
1.11181640
1.11230468
1.11230468
1.11157226
1.11230468
1.11206054
1.11193847
1.11230468
1.11206054
1.11206054
1.11206054
1.11132812
1.11242675
1.11230468
1.11218261
1.11242675
1.11291503
1.11230468
1.11193847
1.11145019
1.11230468
1.10717773
1.10632324
1.10632324
1.11206054
1.11242675
1.11413574
1.11437988
1.15295410
1.10974121
1.14294433
1.10791015
1.11059570
1.15295410
1.10937500
1.15258789
1.14978027
1.14404296
1.11071777
1.11157226
1.11425781
