1.12744140
1.12707519
1.12695312
1.12719726
1.12695312
1.13098144
1.13183593
1.13244628
1.13208007
1.13085937
1.13061523
1.13232421
1.13220214
1.13134765
1.13208007
1.13232421
1.13220214
1.13208007
1.13269042
1.13208007
1.13220214
1.13220214
1.13159179
1.13061523
1.13195800
1.13183593
1.13232421
1.13232421
1.13208007
1.12670898
1.12780761
1.12707519
1.13171386
1.12780761
1.12731933
1.12707519
1.12707519
1.12841796
1.12829589
1.12817382
1.12817382
1.12854003
1.12854003
1.12878417
1.12780761
1.12841796
1.12707519
1.12756347
1.12841796
1.12707519
1.12731933
1.12731933
1.12731933
1.12841796
1.12707519
1.12756347
1.12707519
1.12768554
1.12792968
1.12854003
1.12841796
1.12707519
1.12731933
1.12792968
1.12731933
1.12829589
1.12731933
1.12744140
1.12719726
1.12817382
1.12841796
1.12695312
1.12670898
1.12707519
1.12780761
1.12731933
1.12927246
1.13293457
1.13354492
1.13061523
1.13537597
1.13403320
1.13366699
1.13305664
1.13635253
1.13391113
1.12841796
1.13403320
1.13513183
1.12512207
1.13366699
1.12963867
1.13232421
1.13085937
1.12719726
1.12963867
1.13134765
1.12963867
1.13134765
1.12988281
1.13049316
1.12951660
1.13061523
1.13488769
1.12951660
1.12963867
1.13110351
1.12963867
1.13769531
1.13476562
1.13244628
1.13256835
1.12731933
1.13146972
1.12500000
1.12744140
1.12451171
1.13159179
1.13281250
1.12707519
1.13293457
1.13195800
1.13146972
1.12573242
1.12646484
1.12561035
1.12695312
1.13098144
1.12744140
1.13110351
1.11730957
1.11059570
1.11462402
1.11218261
1.11218261
1.11267089
1.11206054
1.12622070
1.15197753
1.11193847
1.11230468
1.11401367
1.15344238
1.11096191
1.11389160
1.11279296
1.10839843
1.11340332
1.11645507
1.10913085
1.10864257
1.11108398
1.11389160
1.11120605
1.11389160
1.10192871
1.10986328
1.10852050
1.10766601
1.11401367
1.11340332
1.10925292
1.10803222
1.11401367
1.11352539
1.11279296
1.10827636
1.10351562
1.11425781
1.10351562
1.11108398
1.11401367
1.11340332
1.10778808
1.10388183
1.11169433
1.10925292
1.10754394
1.10961914
1.15307617
1.10107421
1.10876464
1.10913085
1.11401367
1.11108398
1.11193847
1.15368652
1.15319824
1.11669921
1.15051269
1.10937500
1.11279296
1.11389160
1.10437011
1.11071777
1.11340332
1.15405273
1.11047363
1.10876464
1.10937500
