1.20825195
1.21191406
1.22290039
1.22277832
1.21105957
1.20971679
1.21484375
1.21643066
1.21496582
1.21423339
1.21569824
1.21447753
1.21008300
1.20910644
1.21179199
1.22351074
1.20910644
1.20581054
1.21826171
1.22534179
1.20825195
1.22192382
1.22033691
1.22424316
1.21057128
1.22448730
1.20666503
1.20080566
1.22290039
1.19958496
1.20434570
1.21435546
1.22534179
1.21325683
1.21447753
1.21166992
1.20959472
1.20483398
1.20141601
1.21716308
1.21569824
1.20654296
1.21704101
1.22143554
1.21545410
1.21325683
1.21679687
1.20922851
1.22473144
1.21325683
1.21936035
1.21228027
1.21362304
1.22180175
1.22546386
1.21215820
1.21154785
1.20959472
1.21032714
1.20971679
1.20532226
1.20703125
1.21057128
1.18212890
1.18872070
1.18835449
1.20166015
1.20471191
1.18615722
1.18835449
1.19445800
1.20019531
1.19323730
1.19116210
1.17468261
1.18212890
1.19067382
1.19213867
1.20422363
1.18835449
1.18835449
1.18676757
1.19824218
1.19152832
1.18969726
1.20068359
1.18969726
1.18957519
1.18579101
1.20312500
1.18310546
1.18713378
1.18811035
1.18835449
1.19042968
1.18518066
1.18957519
1.20654296
1.18652343
1.18554687
1.19506835
1.19262695
1.20129394
1.19421386
1.18859863
1.17883300
1.18713378
1.18383789
1.19201660
1.18981933
1.18835449
1.18591308
1.19201660
1.18713378
1.19165039
1.20043945
1.18103027
1.18981933
1.19445800
1.18225097
1.18872070
1.19531250
1.19934082
1.20043945
1.18859863
1.18457031
1.19128417
1.17919921
1.18725585
1.18615722
1.18347167
1.18957519
1.19677734
1.19030761
1.19812011
1.19873046
1.19445800
1.18566894
1.18298339
1.18725585
1.18676757
1.18579101
1.19372558
1.19030761
1.18469238
1.18103027
1.20019531
1.19152832
1.19995117
1.17700195
1.18530273
1.18579101
1.19421386
1.18457031
1.18823242
1.19201660
1.18835449
1.18835449
1.19946289
1.20214843
1.19567871
1.20361328
1.19079589
1.17968750
1.19042968
1.18225097
1.18249511
1.19970703
1.19567871
1.18603515
1.19274902
1.18371582
1.18591308
1.18835449
1.18750000
1.18676757
1.19323730
1.18676757
1.20043945
1.18701171
1.18688964
1.19836425
1.19055175
1.19189453
1.18713378
1.19482421
1.18725585
1.19958496
1.19091796
1.18859863
1.18225097
1.18725585
1.20422363
1.18713378
1.19091796
1.18835449
1.18750000
1.20275878
1.18579101
1.18334960
