1.21142578
1.21496582
1.20959472
1.21166992
1.20959472
1.20690917
1.22058105
1.21691894
1.22204589
1.20812988
1.21215820
1.21191406
1.21118164
1.21093750
1.21130371
1.21203613
1.21411132
1.21813964
1.22351074
1.20312500
1.20666503
1.21936035
1.21166992
1.20324707
1.21203613
1.21228027
1.21325683
1.21411132
1.20678710
1.21936035
1.22192382
1.20788574
1.21240234
1.20581054
1.21215820
1.20336914
1.21191406
1.20190429
1.21044921
1.21398925
1.20886230
1.20825195
1.20935058
1.21398925
1.21081542
1.22045898
1.21325683
1.21801757
1.20922851
1.22290039
1.21325683
1.21032714
1.22387695
1.20812988
1.20556640
1.21875000
1.21057128
1.21984863
1.20922851
1.22204589
1.20739746
1.21899414
1.21264648
1.21447753
1.21606445
1.21533203
1.21813964
1.20800781
1.21838378
1.22656250
1.20959472
1.22412109
1.18200683
1.20629882
1.19372558
1.20043945
1.19042968
1.20288085
1.19030761
1.19262695
1.20544433
1.19213867
1.19812011
1.19079589
1.18920898
1.18334960
1.19250488
1.19042968
1.18957519
1.19165039
1.20886230
1.18261718
1.18786621
1.18774414
1.19079589
1.20654296
1.19824218
1.19201660
1.18774414
1.20544433
1.18969726
1.18615722
1.19189453
1.19042968
1.18591308
1.19665527
1.18725585
1.19189453
1.19372558
1.18688964
1.18737792
1.18835449
1.18493652
1.20410156
1.18640136
1.19165039
1.18920898
1.18591308
1.19812011
1.18591308
1.19543457
1.18701171
1.18261718
1.19030761
1.18676757
1.18981933
1.17907714
1.18798828
1.18212890
1.19665527
1.18493652
1.19165039
1.18334960
1.18115234
1.19152832
1.18334960
1.18518066
1.18249511
1.18347167
1.20227050
1.17944335
1.18444824
1.18688964
1.17773437
1.17700195
1.18530273
1.18237304
1.18945312
1.20190429
1.18200683
1.19970703
1.19921875
1.17858886
1.17956542
1.19250488
1.18847656
1.18579101
1.18286132
1.18383789
1.18347167
1.18383789
1.19165039
1.19567871
1.18225097
1.19055175
1.18554687
1.20056152
1.19140625
1.19042968
1.19079589
1.18469238
1.18603515
1.18798828
1.19921875
1.19177246
1.19018554
1.18872070
1.18847656
1.19335937
1.19396972
1.18457031
1.18395996
1.19555664
1.19079589
1.19665527
1.19104003
1.18725585
1.19152832
1.18835449
1.18676757
1.18701171
1.19055175
1.18811035
1.18859863
1.19409179
1.18212890
1.18945312
1.18713378
1.18701171
1.19323730
