1.20690917
1.22546386
1.22656250
1.20703125
1.21020507
1.20776367
1.20080566
1.20935058
1.21533203
1.21325683
1.21533203
1.21166992
1.21520996
1.20568847
1.21362304
1.20922851
1.22412109
1.21337890
1.20764160
1.21203613
1.22448730
1.22167968
1.21166992
1.22631835
1.20996093
1.21374511
1.21447753
1.22290039
1.20837402
1.21203613
1.20849609
1.21166992
1.21386718
1.21203613
1.22082519
1.22534179
1.22094726
1.21276855
1.20959472
1.21789550
1.21789550
1.21203613
1.21398925
1.21118164
1.22265625
1.20678710
1.21289062
1.21789550
1.20959472
1.20935058
1.20739746
1.21936035
1.20935058
1.20678710
1.20471191
1.21215820
1.19714355
1.20458984
1.20947265
1.20874023
1.22106933
1.20458984
1.22045898
1.22180175
1.23608398
1.21081542
1.20568847
1.18835449
1.19592285
1.19177246
1.19677734
1.19335937
1.19201660
1.18774414
1.19128417
1.19494628
1.18347167
1.19128417
1.19665527
1.20202636
1.19030761
1.19226074
1.19287109
1.19726562
1.18884277
1.18432617
1.18603515
1.19360351
1.19433593
1.17822265
1.20410156
1.20422363
1.20776367
1.20251464
1.20507812
1.19165039
1.20373535
1.20043945
1.18994140
1.18322753
1.18408203
1.18579101
1.18737792
1.19543457
1.19238281
1.19018554
1.19042968
1.20507812
1.19421386
1.18933105
1.18847656
1.18872070
1.18469238
1.20166015
1.17993164
1.18676757
1.19030761
1.18420410
1.19079589
1.19677734
1.18713378
1.19079589
1.20544433
1.18823242
1.19445800
1.18701171
1.18066406
1.17956542
1.18688964
1.17797851
1.18713378
1.19091796
1.18737792
1.18713378
1.17993164
1.18762207
1.19287109
1.19165039
1.19104003
1.19250488
1.17700195
1.18994140
1.19030761
1.18591308
1.18566894
1.19323730
1.18322753
1.19055175
1.19665527
1.19152832
1.18786621
1.18432617
1.18920898
1.18212890
1.19165039
1.19165039
1.19665527
1.19067382
1.19201660
1.18688964
1.19152832
1.18457031
1.19165039
1.19030761
1.19226074
1.18676757
1.18884277
1.19580078
1.18408203
1.18444824
1.17944335
1.17785644
1.18713378
1.18713378
1.18237304
1.18469238
1.18457031
1.19091796
1.17724609
1.18725585
1.18432617
1.18554687
1.18933105
1.18603515
1.19177246
1.19006347
1.17773437
1.20617675
1.18615722
1.19921875
1.19653320
1.18579101
1.18103027
1.18920898
1.19433593
1.18115234
1.18493652
1.18786621
1.18457031
1.18273925
