1.21582031
1.21057128
1.21643066
1.21228027
1.21215820
1.19433593
1.20727539
1.21008300
1.21472167
1.22412109
1.22412109
1.21508789
1.21655273
1.20849609
1.20910644
1.22167968
1.22412109
1.21569824
1.21545410
1.20825195
1.20922851
1.21679687
1.21643066
1.21191406
1.20800781
1.20825195
1.21069335
1.20727539
1.21289062
1.20324707
1.21301269
1.21386718
1.21484375
1.21008300
1.21105957
1.21105957
1.22570800
1.22167968
1.22058105
1.22412109
1.20593261
1.20849609
1.22180175
1.20593261
1.21862792
1.22290039
1.21447753
1.21191406
1.20690917
1.22094726
1.21081542
1.21289062
1.21020507
1.22229003
1.21166992
1.21191406
1.20544433
1.20166015
1.18701171
1.17980957
1.19201660
1.19030761
1.19567871
1.18725585
1.19360351
1.20520019
1.19311523
1.19226074
1.19323730
1.19445800
1.18835449
1.18969726
1.19323730
1.19177246
1.20520019
1.19030761
1.18676757
1.20129394
1.20385742
1.20483398
1.20043945
1.19323730
1.19213867
1.19201660
1.19042968
1.19116210
1.18615722
1.20458984
1.18579101
1.18835449
1.19030761
1.18713378
1.18847656
1.19165039
1.18334960
1.19079589
1.19055175
1.18603515
1.18872070
1.18945312
1.18469238
1.18579101
1.18334960
1.18457031
1.18176269
1.18835449
1.18200683
1.18518066
1.18774414
1.18786621
1.18444824
1.19628906
1.18066406
1.18481445
1.19738769
1.18701171
1.18395996
1.19812011
1.18713378
1.19201660
1.19018554
1.20117187
1.19494628
1.18090820
1.19543457
1.18969726
1.18334960
1.19812011
1.18676757
1.17980957
1.18798828
1.18725585
1.18835449
1.19189453
1.20410156
1.18603515
1.18640136
1.19201660
1.19165039
1.18957519
1.19042968
1.19042968
1.19213867
1.19396972
1.18835449
1.20532226
1.19335937
1.18603515
1.19323730
1.18713378
1.19555664
1.20166015
1.19238281
1.19274902
1.19323730
1.18896484
1.18957519
1.19079589
1.18481445
1.18322753
1.18591308
1.18774414
1.18835449
1.20031738
1.18847656
1.19165039
1.19543457
1.18737792
1.18334960
1.19067382
1.20166015
1.20300292
1.18432617
1.18859863
1.18566894
1.20288085
1.20434570
1.18713378
1.19335937
1.20288085
1.19287109
1.19079589
1.19592285
1.19067382
1.19433593
1.18835449
1.18554687
1.18188476
1.19067382
1.20043945
1.19445800
1.18713378
1.19299316
1.19921875
1.18725585
1.18664550
1.19287109
1.19531250
1.18518066
1.19006347
