1.21203613
1.21948242
1.22424316
1.21081542
1.21069335
1.21203613
1.22509765
1.22509765
1.21362304
1.21887207
1.21337890
1.20971679
1.21093750
1.22302246
1.21215820
1.20922851
1.21411132
1.22180175
1.20666503
1.21166992
1.22277832
1.21313476
1.22155761
1.21325683
1.20874023
1.21545410
1.20959472
1.20959472
1.21411132
1.21044921
1.21081542
1.21105957
1.20825195
1.20727539
1.22412109
1.21716308
1.20715332
1.21423339
1.20971679
1.21093750
1.22497558
1.20751953
1.20825195
1.20947265
1.21276855
1.22375488
1.20312500
1.20532226
1.21069335
1.22094726
1.21044921
1.21520996
1.22436523
1.21093750
1.22180175
1.21337890
1.21032714
1.21228027
1.22241210
1.20874023
1.20947265
1.21203613
1.22424316
1.20690917
1.21228027
1.20703125
1.21850585
1.21191406
1.19226074
1.19165039
1.20544433
1.18725585
1.19799804
1.19287109
1.20349121
1.20446777
1.20324707
1.20422363
1.20654296
1.19799804
1.19006347
1.20654296
1.19445800
1.20361328
1.19445800
1.18273925
1.18969726
1.20104980
1.19946289
1.18823242
1.18444824
1.18457031
1.20166015
1.19702148
1.18310546
1.18054199
1.18835449
1.19592285
1.18835449
1.18481445
1.18395996
1.18591308
1.19201660
1.18957519
1.18725585
1.18542480
1.18835449
1.18835449
1.19421386
1.18334960
1.18444824
1.18347167
1.19433593
1.20153808
1.20239257
1.18835449
1.18310546
1.18457031
1.19079589
1.18725585
1.18859863
1.18713378
1.19531250
1.18286132
1.18334960
1.18310546
1.18322753
1.18469238
1.18591308
1.18334960
1.18334960
1.18286132
1.19982910
1.19885253
1.18261718
1.19335937
1.18725585
1.19140625
1.18212890
1.18945312
1.20166015
1.18762207
1.20166015
1.18676757
1.20397949
1.19299316
1.19458007
1.19323730
1.19116210
1.18420410
1.19042968
1.18884277
1.19372558
1.18103027
1.19287109
1.19165039
1.18945312
1.19763183
1.19921875
1.18713378
1.19299316
1.18811035
1.18566894
1.18872070
1.18212890
1.18627929
1.18859863
1.18530273
1.20043945
1.19067382
1.18859863
1.19641113
1.19104003
1.19323730
1.18713378
1.18823242
1.19274902
1.18957519
1.18579101
1.19653320
1.17871093
1.18457031
1.18945312
1.18737792
1.20056152
1.18908691
1.19079589
1.19177246
1.19299316
1.19140625
1.18469238
1.18701171
1.18920898
1.18859863
1.18835449
1.19189453
1.18798828
1.18847656
1.19238281
1.18676757
