1.20898437
1.20788574
1.20739746
1.20751953
1.21533203
1.21386718
1.21020507
1.20190429
1.21325683
1.21203613
1.22290039
1.21374511
1.21813964
1.21862792
1.21691894
1.22302246
1.21215820
1.22204589
1.20349121
1.21252441
1.20971679
1.21423339
1.20886230
1.21276855
1.22290039
1.21533203
1.21325683
1.21423339
1.21093750
1.21093750
1.22277832
1.20825195
1.20739746
1.21533203
1.22302246
1.20959472
1.22412109
1.20788574
1.21899414
1.21057128
1.21911621
1.21533203
1.22399902
1.21398925
1.20434570
1.20703125
1.20959472
1.21203613
1.21472167
1.21203613
1.21228027
1.21496582
1.20922851
1.21301269
1.20593261
1.20593261
1.21411132
1.20312500
1.21337890
1.22033691
1.20361328
1.21813964
1.21508789
1.22534179
1.21240234
1.21789550
1.22058105
1.21130371
1.21289062
1.20959472
1.20507812
1.21789550
1.20776367
1.21923828
1.20959472
1.21032714
1.21520996
1.19152832
1.20532226
1.20654296
1.19445800
1.20019531
1.19299316
1.18322753
1.20202636
1.18847656
1.20300292
1.20629882
1.17834472
1.18957519
1.20520019
1.20300292
1.18200683
1.19079589
1.19470214
1.17565917
1.20166015
1.19458007
1.18310546
1.19689941
1.20336914
1.19458007
1.18579101
1.19165039
1.19079589
1.20166015
1.18225097
1.18591308
1.19494628
1.18176269
1.18420410
1.19848632
1.20166015
1.18432617
1.19775390
1.19055175
1.18298339
1.18212890
1.19079589
1.18725585
1.19335937
1.19616699
1.19384765
1.18652343
1.18457031
1.18481445
1.20043945
1.19982910
1.19934082
1.20117187
1.18603515
1.19152832
1.19433593
1.19006347
1.20031738
1.18957519
1.18542480
1.19580078
1.19262695
1.19201660
1.18212890
1.17956542
1.19274902
1.19567871
1.18835449
1.18322753
1.18212890
1.19372558
1.18713378
1.18859863
1.20898437
1.18200683
1.20007324
1.18273925
1.19116210
1.19299316
1.19055175
1.20043945
1.19067382
1.20349121
1.19152832
1.19555664
1.20410156
1.20410156
1.18188476
1.18725585
1.18261718
1.18835449
1.19702148
1.18823242
1.17517089
1.18969726
1.18884277
1.18505859
1.19421386
1.19433593
1.18798828
1.18371582
1.18811035
1.18896484
1.18225097
1.19421386
1.18432617
1.18786621
1.18566894
1.18701171
1.18212890
1.19067382
1.18078613
1.18566894
1.18347167
1.18334960
1.19348144
1.18334960
1.19934082
1.18664550
1.19641113
1.19531250
1.18383789
1.19409179
