1.22326660
1.22058105
1.22167968
1.20678710
1.20336914
1.21240234
1.21301269
1.20434570
1.20556640
1.21765136
1.21667480
1.21728515
1.20849609
1.22167968
1.21057128
1.22326660
1.21630859
1.21325683
1.21118164
1.20324707
1.21337890
1.20690917
1.22399902
1.21423339
1.20837402
1.20800781
1.20446777
1.20776367
1.21264648
1.21411132
1.21044921
1.21154785
1.22387695
1.22045898
1.20788574
1.21667480
1.20690917
1.21533203
1.21032714
1.22192382
1.22009277
1.21228027
1.20971679
1.19567871
1.19555664
1.19445800
1.19946289
1.18835449
1.19787597
1.18957519
1.19042968
1.19165039
1.20031738
1.19238281
1.19445800
1.18750000
1.19152832
1.18920898
1.18676757
1.19470214
1.18981933
1.20410156
1.19262695
1.18994140
1.18298339
1.19311523
1.19592285
1.18566894
1.19165039
1.18957519
1.18750000
1.18310546
1.19262695
1.19287109
1.19165039
1.18859863
1.19567871
1.19580078
1.19226074
1.18835449
1.18151855
1.19921875
1.18713378
1.19396972
1.18481445
1.19921875
1.19177246
1.18286132
1.19165039
1.18872070
1.19165039
1.19165039
1.18554687
1.18542480
1.19128417
1.18725585
1.18713378
1.19226074
1.18652343
1.19042968
1.19067382
1.19042968
1.19287109
1.20043945
1.19165039
1.19238281
1.18957519
1.19201660
1.19165039
1.18811035
1.20056152
1.17846679
1.18981933
1.18310546
1.18432617
1.17700195
1.18908691
1.18835449
1.20190429
1.20043945
1.18444824
1.19543457
1.18908691
1.19189453
1.19140625
1.19274902
1.17968750
1.19226074
1.20178222
1.19921875
1.20019531
1.19934082
1.18786621
1.19213867
1.18322753
1.17993164
1.18591308
1.18627929
1.18872070
1.19165039
1.18957519
1.18408203
1.19104003
1.19934082
1.19946289
1.18798828
1.18798828
1.18676757
1.18579101
1.19921875
1.20166015
1.18505859
1.19152832
1.19165039
1.19799804
1.19213867
1.19140625
1.19299316
1.18664550
1.18920898
1.19067382
1.19152832
1.19055175
1.19287109
1.18872070
1.19152832
1.19091796
1.18457031
1.18457031
1.18920898
1.18542480
1.19921875
1.19177246
1.19323730
1.19396972
1.18957519
1.19421386
1.18957519
1.18591308
1.18823242
1.19274902
1.19055175
1.19042968
1.18420410
1.19006347
1.17993164
1.20056152
1.19165039
1.19787597
1.18676757
1.18737792
1.19287109
1.20019531
1.17932128
1.19067382
1.20068359
1.19226074
1.18261718
1.19323730
1.19152832
