1.21203613
1.21533203
1.21423339
1.21411132
1.20446777
1.21240234
1.22290039
1.20947265
1.21081542
1.21130371
1.20715332
1.21142578
1.21545410
1.20935058
1.21044921
1.21215820
1.21569824
1.21215820
1.21655273
1.22534179
1.21374511
1.21447753
1.21447753
1.22070312
1.20703125
1.21826171
1.21179199
1.20361328
1.21691894
1.22033691
1.21069335
1.21081542
1.22045898
1.21667480
1.21545410
1.20910644
1.20935058
1.21301269
1.21203613
1.21008300
1.20336914
1.22534179
1.19653320
1.22424316
1.19592285
1.21032714
1.21191406
1.21032714
1.21093750
1.21655273
1.21447753
1.20654296
1.20800781
1.21057128
1.21350097
1.21020507
1.21411132
1.22399902
1.20764160
1.20849609
1.20654296
1.21289062
1.21337890
1.21130371
1.21423339
1.21447753
1.20373535
1.19531250
1.18481445
1.20617675
1.20275878
1.18957519
1.18457031
1.18750000
1.20007324
1.19323730
1.20288085
1.19201660
1.18322753
1.19433593
1.20288085
1.20654296
1.19445800
1.19189453
1.18322753
1.19201660
1.19042968
1.19287109
1.19140625
1.19274902
1.18957519
1.19433593
1.19470214
1.19714355
1.20104980
1.18212890
1.19226074
1.19494628
1.18725585
1.19055175
1.18823242
1.19165039
1.20214843
1.18713378
1.18774414
1.20166015
1.20043945
1.19934082
1.19055175
1.19934082
1.18457031
1.18225097
1.19067382
1.18566894
1.18725585
1.19738769
1.18713378
1.18957519
1.18566894
1.19909667
1.18103027
1.20568847
1.18823242
1.18835449
1.19213867
1.18554687
1.18957519
1.18579101
1.18347167
1.18457031
1.18676757
1.17675781
1.18457031
1.18640136
1.18347167
1.18579101
1.18432617
1.19787597
1.18115234
1.17724609
1.18579101
1.18896484
1.18469238
1.19921875
1.18676757
1.18225097
1.18322753
1.19592285
1.18774414
1.18469238
1.19653320
1.18457031
1.19238281
1.18457031
1.19201660
1.18383789
1.18457031
1.18408203
1.18957519
1.18908691
1.19396972
1.18969726
1.18957519
1.18859863
1.19860839
1.18713378
1.18725585
1.18701171
1.19506835
1.17968750
1.18957519
1.19042968
1.19824218
1.18835449
1.20275878
1.18225097
1.19177246
1.18713378
1.19396972
1.18835449
1.18481445
1.20007324
1.18383789
1.18615722
1.18347167
1.18432617
1.18713378
1.18969726
1.19250488
1.19421386
1.18811035
1.20166015
1.19580078
1.18872070
1.18579101
1.19616699
1.18627929
1.19396972
1.18469238
1.19006347
