1.20092773
1.21545410
1.20349121
1.20727539
1.21740722
1.20922851
1.20373535
1.20910644
1.20312500
1.20800781
1.20422363
1.21252441
1.20190429
1.21472167
1.20361328
1.20983886
1.21203613
1.21350097
1.21325683
1.21215820
1.20812988
1.21301269
1.20434570
1.21044921
1.20422363
1.21398925
1.20959472
1.21765136
1.22058105
1.22290039
1.22485351
1.21057128
1.20214843
1.21569824
1.20690917
1.21655273
1.21020507
1.20910644
1.20959472
1.20202636
1.20800781
1.21533203
1.20947265
1.20812988
1.20800781
1.20495605
1.20971679
1.22424316
1.19128417
1.20092773
1.19567871
1.19946289
1.19140625
1.18957519
1.20288085
1.17993164
1.18994140
1.20507812
1.18957519
1.20764160
1.19201660
1.18212890
1.19580078
1.18310546
1.20166015
1.19445800
1.18457031
1.19201660
1.19287109
1.19067382
1.19079589
1.19201660
1.18212890
1.18798828
1.19433593
1.19323730
1.20166015
1.18994140
1.19287109
1.20031738
1.18713378
1.19018554
1.19201660
1.19079589
1.19250488
1.18823242
1.18579101
1.18542480
1.20056152
1.18957519
1.18652343
1.18493652
1.19995117
1.19091796
1.19165039
1.18835449
1.19287109
1.18444824
1.19091796
1.18566894
1.19360351
1.19396972
1.18835449
1.19165039
1.19665527
1.19152832
1.18212890
1.20410156
1.19665527
1.19909667
1.19189453
1.18005371
1.20043945
1.18432617
1.20495605
1.18310546
1.18725585
1.18310546
1.18920898
1.19262695
1.17956542
1.19128417
1.19689941
1.19238281
1.20068359
1.18298339
1.19287109
1.20166015
1.18591308
1.19555664
1.19421386
1.20166015
1.19030761
1.18725585
1.17443847
1.18579101
1.18212890
1.18627929
1.18640136
1.19189453
1.20031738
1.18981933
1.19348144
1.18640136
1.18273925
1.18322753
1.19384765
1.20141601
1.18823242
1.20288085
1.18786621
1.19555664
1.19921875
1.20043945
1.18920898
1.19067382
1.19287109
1.19177246
1.19140625
1.19055175
1.18688964
1.19165039
1.18066406
1.18432617
1.18334960
1.18298339
1.18688964
1.19152832
1.18652343
1.18469238
1.18249511
1.18713378
1.18408203
1.18212890
1.18457031
1.18920898
1.19165039
1.19165039
1.18908691
1.18835449
1.18310546
1.19274902
1.18457031
1.20471191
1.18579101
1.20288085
1.20397949
1.19128417
1.20263671
1.19165039
1.20117187
1.19226074
1.19201660
1.18811035
1.18798828
1.19165039
1.19091796
1.18334960
1.18591308
1.18737792
