1.21313476
1.20678710
1.20825195
1.20190429
1.20971679
1.21020507
1.21643066
1.21301269
1.21289062
1.21093750
1.20581054
1.21313476
1.21154785
1.20800781
1.22326660
1.21081542
1.20617675
1.21142578
1.21643066
1.21093750
1.21643066
1.20629882
1.20910644
1.21020507
1.20874023
1.21191406
1.21093750
1.20495605
1.21289062
1.22534179
1.20312500
1.21520996
1.20849609
1.22290039
1.20971679
1.21325683
1.21093750
1.20593261
1.21093750
1.20703125
1.21362304
1.21069335
1.21813964
1.22290039
1.22424316
1.22644042
1.21936035
1.19958496
1.20690917
1.21325683
1.21228027
1.21813964
1.22399902
1.21325683
1.21057128
1.21447753
1.20935058
1.21411132
1.21289062
1.21557617
1.22167968
1.21618652
1.21215820
1.22106933
1.21789550
1.20800781
1.21032714
1.22167968
1.21533203
1.20568847
1.20971679
1.21044921
1.19030761
1.19689941
1.18591308
1.20983886
1.18725585
1.19079589
1.19567871
1.19165039
1.20385742
1.20568847
1.20410156
1.19055175
1.18200683
1.19555664
1.18835449
1.18798828
1.20385742
1.19311523
1.20263671
1.20190429
1.18957519
1.19042968
1.19201660
1.17724609
1.19177246
1.19750976
1.18176269
1.18579101
1.18566894
1.18579101
1.17602539
1.19445800
1.19396972
1.20043945
1.18957519
1.18420410
1.18530273
1.18066406
1.18701171
1.18566894
1.18200683
1.18212890
1.18957519
1.19665527
1.18957519
1.18811035
1.20300292
1.17834472
1.19726562
1.19042968
1.19165039
1.18334960
1.18383789
1.18237304
1.18994140
1.18981933
1.18090820
1.18713378
1.19030761
1.17968750
1.18676757
1.19580078
1.18725585
1.19860839
1.19067382
1.19030761
1.18786621
1.20068359
1.18725585
1.19152832
1.18920898
1.18908691
1.19128417
1.19616699
1.18920898
1.18054199
1.19482421
1.19287109
1.18591308
1.17980957
1.19287109
1.18847656
1.19531250
1.19799804
1.19201660
1.19238281
1.18920898
1.18835449
1.18713378
1.19067382
1.18615722
1.18713378
1.17834472
1.18469238
1.19702148
1.18420410
1.19970703
1.19042968
1.19445800
1.19152832
1.19030761
1.19116210
1.19482421
1.18310546
1.20043945
1.18322753
1.18469238
1.18566894
1.18920898
1.18957519
1.19201660
1.19042968
1.18469238
1.18151855
1.17578125
1.18969726
1.18188476
1.18664550
1.18835449
1.20178222
1.19531250
1.19079589
1.19018554
1.20043945
1.18640136
1.19018554
1.18286132
1.18212890
