1.01708984
1.01599121
1.01684570
1.02136230
1.02233886
1.02270507
1.02197265
1.02307128
1.02185058
1.02270507
1.02246093
1.02270507
1.02307128
1.02307128
1.02294921
1.02307128
1.02197265
1.02307128
1.02270507
1.02197265
1.02258300
1.02307128
1.02221679
1.02160644
1.02136230
1.02307128
1.02233886
1.02185058
1.02307128
1.02221679
1.02294921
1.02221679
1.02185058
1.02197265
1.02233886
1.02246093
1.02197265
1.02233886
1.02148437
1.02282714
1.02185058
1.02221679
1.02258300
1.02197265
1.02258300
1.02258300
1.02172851
1.02087402
1.02197265
1.02221679
1.02246093
1.02258300
1.02197265
1.02270507
1.02172851
1.02172851
1.02233886
1.02307128
1.02258300
1.02233886
1.02258300
1.02246093
1.02233886
1.02258300
1.02172851
1.02258300
1.02148437
1.02160644
1.01806640
1.01770019
1.01757812
1.01757812
1.01806640
.99792480
.99804687
.99816894
.99755859
.99804687
.99865722
.99829101
.99829101
.99829101
.99829101
.99865722
.99865722
.99804687
.99865722
.99804687
.99768066
.99743652
.99804687
.99804687
1.00268554
.99804687
1.00366210
.99768066
.99792480
.99841308
.99804687
1.00390625
.99780273
.99804687
.99804687
.99804687
.99694824
.99804687
.99853515
.99804687
.99804687
.99792480
.99841308
.99768066
.99804687
.99755859
.99804687
.99804687
.99743652
.99804687
.99804687
.99804687
.99804687
1.00305175
.99853515
.99743652
.99755859
.99755859
.99755859
.99768066
.99768066
.99816894
.99804687
.99768066
.99755859
.99743652
.99743652
.99755859
.99755859
1.00305175
.99755859
.99780273
.99743652
.99768066
.99743652
.99780273
.99768066
.99780273
.99804687
.99780273
.99743652
.99768066
.99768066
.99743652
.99768066
.99743652
.99768066
.99743652
.99731445
.99780273
.99755859
.99780273
.99743652
.99816894
.99731445
.99804687
.99768066
.99755859
.99792480
.99719238
.99768066
.99780273
.99743652
.99768066
.99304199
.99841308
.99243164
.99304199
.99865722
.99768066
.99731445
.99267578
.99841308
.99353027
.99804687
.99743652
.99853515
.99291992
.99865722
.99865722
.99755859
.99792480
.99865722
.99926757
.99365234
.99865722
.99877929
.99804687
.99816894
.99328613
.99328613
.99340820
