1.01733398
1.01770019
1.01623535
1.01794433
1.02258300
1.02233886
1.02270507
1.02148437
1.02209472
1.02258300
1.02172851
1.02185058
1.02246093
1.02246093
1.02258300
1.02246093
1.02233886
1.02246093
1.02087402
1.02124023
1.02124023
1.02172851
1.02209472
1.02221679
1.02221679
1.02185058
1.02282714
1.02197265
1.02233886
1.02185058
1.02136230
1.02246093
1.01806640
1.01794433
1.01782226
.99816894
.99792480
.99804687
.99853515
.99829101
.99926757
.99804687
.99853515
.99890136
.99926757
.99829101
.99792480
.99792480
.99841308
.99902343
.99865722
.99670410
.99768066
.99755859
.99865722
.99743652
.99853515
.99365234
.99816894
.99804687
.99829101
.99841308
.99829101
.99804687
.99829101
.99792480
.99731445
.99804687
.99804687
.99816894
.99780273
.99853515
.99829101
.99816894
.99304199
.99731445
.99792480
.99792480
.99267578
.99743652
.99816894
.99780273
.99877929
.99804687
.99792480
.99841308
.99804687
.99829101
.99768066
.99804687
.99804687
.99902343
.99877929
.99865722
.99865722
.99841308
.99804687
.99768066
.99865722
.99792480
.99841308
.99780273
.99780273
.99780273
.99780273
.99792480
.99804687
.99792480
.99816894
.99890136
.99426269
.99426269
.99462890
.99438476
.99462890
.99340820
.99853515
.99829101
.99926757
.99389648
.99328613
.99377441
.98925781
.98962402
.98974609
.98974609
.98950195
.98986816
.98962402
.98986816
.98962402
.98974609
.99267578
.99279785
.99194335
.99267578
1.00195312
.99768066
1.00158691
1.00219726
1.00183105
.99768066
1.00183105
1.00268554
1.00170898
1.00402832
1.00476074
1.00170898
1.00463867
.99694824
1.00292968
1.00476074
.99707031
.99938964
1.00170898
1.00390625
1.00427246
1.00109863
1.00463867
1.00122070
1.00402832
.99597167
1.00439453
1.00341796
1.00195312
1.00415039
1.00134277
1.00292968
1.00524902
1.00219726
1.00341796
1.00219726
.99804687
1.00427246
1.00170898
.99792480
.99841308
1.00354003
.99938964
1.00195312
1.00305175
1.00439453
1.00207519
.99841308
.99707031
.99865722
.99902343
.99951171
.99609375
1.00366210
1.00305175
1.00476074
.99865722
.99963378
.99816894
.99926757
.99890136
.99938964
.99890136
.99938964
