1.01770019
1.01794433
1.01733398
1.01745605
1.01696777
1.02136230
1.02197265
1.02270507
1.02307128
1.02197265
1.02209472
1.02294921
1.02185058
1.02209472
1.02197265
1.02172851
1.02209472
1.02124023
1.02136230
1.02246093
1.02185058
1.02209472
1.02197265
1.02172851
1.02172851
1.02221679
1.02221679
1.02233886
1.02197265
1.02197265
1.02148437
1.02185058
1.02209472
1.02197265
1.02233886
1.02246093
1.02197265
1.02197265
1.02197265
1.02197265
1.02185058
1.02160644
1.02233886
1.02172851
1.02246093
1.02160644
1.02172851
1.02148437
1.02062988
1.02209472
1.02246093
1.02087402
1.02185058
1.02197265
1.02221679
1.02160644
1.02246093
1.02197265
1.02197265
1.02160644
1.02258300
1.02172851
1.02197265
1.02197265
1.02209472
1.02197265
1.02197265
1.02185058
1.02197265
1.02197265
1.02209472
1.02209472
1.02246093
1.02197265
1.02221679
1.02258300
1.02185058
1.02258300
1.02172851
1.02197265
1.02221679
1.02209472
1.02160644
1.02172851
1.02197265
1.02233886
1.02246093
1.02197265
1.02209472
1.02185058
1.02209472
1.02233886
1.02233886
1.02233886
1.02185058
1.02160644
1.02307128
1.02197265
1.02209472
1.02197265
1.02197265
1.02270507
1.02197265
1.02209472
1.02246093
1.02294921
1.02294921
1.02172851
1.02246093
1.02172851
1.02136230
1.02172851
1.02197265
1.02111816
1.02197265
1.02197265
1.02111816
1.02148437
1.02172851
1.02172851
1.02197265
1.02197265
1.02172851
1.02148437
1.02160644
1.02197265
1.02233886
1.02197265
1.02087402
1.02233886
1.02209472
1.02270507
1.02185058
1.02221679
1.02197265
1.02124023
1.02172851
1.02136230
1.02233886
1.02185058
1.02148437
1.02160644
1.02148437
1.02209472
1.02197265
1.02185058
1.02209472
1.02136230
1.02258300
1.02209472
1.02209472
1.02148437
1.02172851
1.02197265
1.02197265
1.02160644
1.02209472
1.02197265
1.02197265
1.02172851
1.02221679
1.02197265
1.02209472
1.02136230
1.02185058
1.02197265
1.02221679
1.02246093
1.02136230
1.02246093
1.02185058
1.02148437
1.02197265
1.02197265
1.02148437
1.02197265
1.02233886
1.02111816
1.02233886
1.02246093
1.02136230
1.02209472
1.02233886
1.02197265
1.01757812
1.01696777
1.01708984
1.01708984
1.01708984
1.02160644
1.01696777
1.01806640
1.01770019
1.01708984
1.01684570
1.01708984
1.01733398
1.01708984
1.01708984
1.01708984
