1.01745605
1.01635742
1.01721191
1.01660156
1.02233886
1.02209472
1.02233886
1.02246093
1.02185058
1.02111816
1.02185058
1.02087402
1.02233886
1.02258300
1.02246093
1.02148437
1.02233886
1.02343750
1.02282714
1.02368164
1.02221679
1.02172851
1.02160644
1.02209472
1.02246093
1.02221679
1.02160644
1.02185058
1.02246093
1.02246093
1.02233886
1.02343750
1.01757812
1.01757812
1.01806640
1.01745605
.99804687
.99853515
.99804687
.99829101
.99804687
.99841308
.99792480
.99841308
.99804687
.99804687
.99841308
.99804687
.99865722
.99792480
.99719238
.99768066
.99865722
.99780273
.99780273
.99768066
.99841308
.99780273
.99816894
.99792480
.99865722
.99792480
.99694824
.99743652
.99829101
.99768066
.99865722
.99755859
.99768066
.99841308
.99768066
.99841308
.99743652
.99804687
.99780273
.99865722
.99865722
.99829101
.99731445
.99865722
.99804687
.99816894
.99853515
.99890136
.99902343
.99768066
.99792480
.99291992
.99719238
.99780273
.99804687
.99841308
.99279785
.99829101
.99768066
.99279785
.99707031
.99804687
.99853515
.99792480
.99768066
.99792480
.99865722
.99707031
.99768066
.99804687
.99768066
.99780273
.99707031
.99829101
.99816894
.99731445
.99804687
.99804687
.99853515
.99279785
.99719238
.99792480
.99829101
.99780273
.99304199
.99816894
.99316406
.99316406
.98925781
.98999023
.98950195
.98925781
.98974609
.98974609
.98986816
.98950195
.98925781
.98962402
.98974609
.98999023
.98925781
.99316406
.98962402
.99353027
.98901367
.99243164
.99389648
.99279785
.99365234
.99182128
.99328613
.99133300
1.00219726
1.00244140
1.00231933
1.00378417
1.00085449
1.00292968
1.00280761
1.00219726
1.00366210
1.00231933
1.00329589
1.00207519
1.00305175
.99743652
.99853515
1.00024414
1.00354003
1.00354003
1.00256347
.99877929
.99804687
1.00341796
.99926757
1.00024414
.99780273
1.00329589
1.00244140
1.00366210
.99792480
.99865722
1.00268554
1.00390625
1.00268554
1.00378417
1.00354003
1.00329589
1.00634765
1.00158691
1.00512695
.99536132
.98986816
1.00427246
1.00183105
.99462890
.99865722
.99914550
.99841308
.99865722
.99853515
.99951171
.99877929
.99975585
