1.01745605
1.01806640
1.01806640
1.02197265
1.02197265
1.02221679
1.02209472
1.02233886
1.02197265
1.02246093
1.02209472
1.02087402
1.02185058
1.02209472
1.02136230
1.02246093
1.02160644
1.02246093
1.02221679
1.02233886
1.02258300
1.02209472
1.02282714
1.02197265
1.02197265
1.02258300
1.02185058
1.02197265
1.02197265
1.02197265
1.02246093
1.01806640
1.01806640
1.01782226
1.01806640
1.01770019
1.01806640
.99780273
.99804687
.99841308
.99865722
.99865722
.99853515
.99865722
.99841308
.99829101
.99829101
.99792480
.99865722
.99865722
.99755859
.99743652
.99792480
.99780273
.99768066
.99902343
.99890136
.99890136
.99877929
.99768066
.99743652
.99780273
.99792480
.99829101
.99804687
.99768066
.99719238
.99780273
.99865722
.99853515
.99829101
.99853515
.99865722
.99841308
.99792480
.99829101
.99865722
.99890136
.99877929
.99914550
.99755859
.99865722
.99841308
.99963378
.99951171
.99792480
.99792480
.99865722
.99792480
.99877929
.99877929
.99890136
.99853515
.99755859
.99255371
.99865722
.99902343
.99975585
.99816894
.99780273
.99780273
.99719238
.99804687
.99804687
.99804687
.99816894
.99743652
.99792480
.99829101
.99865722
.99902343
.99865722
.99865722
.99865722
.99353027
.99768066
.99816894
.99865722
.99816894
.99768066
.99768066
.99768066
.99853515
.99804687
.99816894
.99926757
.99890136
.99353027
.99426269
.98889160
.98876953
.98901367
.98852539
.99316406
.98852539
.99340820
.99328613
.99304199
.99365234
.99365234
.99389648
.99328613
.99255371
.99316406
.99780273
1.00341796
.99707031
.98779296
.99890136
1.00183105
.99902343
1.00085449
1.00402832
1.00256347
1.00219726
1.00268554
1.00122070
1.00280761
1.00207519
1.00305175
1.00231933
1.00305175
1.00292968
1.00268554
1.00317382
1.00231933
1.00317382
1.00256347
1.00329589
1.00244140
1.00415039
1.00170898
1.00427246
1.00000000
.99475097
.99682617
1.03710937
.99633789
.99707031
.99011230
1.00024414
.98547363
.99365234
.99597167
1.00097656
.98937988
1.03527832
.98815917
.99084472
.98669433
.98559570
.98999023
.98999023
.99035644
.99121093
.99133300
.98852539
.98681640
.98620605
.99096679
