1.01721191
1.01733398
1.01745605
1.01806640
1.01599121
1.02246093
1.02209472
1.02197265
1.02221679
1.02197265
1.02099609
1.02233886
1.02270507
1.02209472
1.02258300
1.02221679
1.02221679
1.02270507
1.02160644
1.02258300
1.02246093
1.02233886
1.02246093
1.02246093
1.02246093
1.02307128
1.02258300
1.02246093
1.02209472
1.02270507
1.02233886
1.02124023
1.02185058
1.01806640
1.01782226
1.01794433
.99780273
.99829101
.99829101
.99829101
.99804687
.99829101
.99816894
.99816894
.99853515
.99829101
.99804687
1.00292968
.99804687
.99755859
.99865722
.99743652
.99328613
.99865722
.99853515
.99890136
.99829101
.99865722
.99743652
.99841308
.99829101
.99804687
1.00280761
.99804687
.99780273
.99792480
.99865722
.99804687
.99792480
.99865722
.99755859
.99829101
.99792480
.99768066
.99804687
.99853515
.99804687
.99865722
.99780273
.99780273
.99865722
.99291992
.99768066
.99841308
.99768066
.99743652
.99865722
.99768066
.99804687
.99743652
.99804687
.99841308
.99792480
.99816894
.99792480
.99755859
.99804687
.99755859
.99768066
.99291992
.99755859
.99780273
.99780273
.99804687
.99865722
.99768066
.99780273
.99841308
.99792480
.99780273
.99743652
.99829101
.99768066
.99768066
.99841308
.99743652
.99792480
.99768066
.99731445
.99694824
.99768066
.99755859
.99804687
.99755859
.99780273
.99804687
.99633789
.99755859
.99731445
.99755859
.99670410
.99609375
.99755859
.99743652
.99780273
.99633789
.99658203
.99743652
.99743652
.99743652
.99731445
.99780273
.99621582
.99633789
.99731445
.99743652
.99804687
.99719238
.99645996
.99633789
1.00244140
.99792480
1.00268554
1.00292968
1.00134277
.99768066
1.00317382
1.00122070
1.00280761
1.00341796
1.00170898
1.00366210
1.00378417
1.00219726
1.00317382
1.00317382
.99816894
1.00170898
1.00341796
1.00195312
1.00354003
1.00268554
1.00366210
1.00244140
1.00366210
1.00256347
1.00292968
1.00170898
1.00463867
1.00256347
1.00366210
1.00280761
1.00329589
1.00439453
1.00476074
1.00268554
1.00476074
1.00268554
1.00354003
1.00244140
1.00305175
1.00244140
1.00305175
1.00280761
1.00512695
1.00341796
1.00341796
1.00549316
1.00280761
1.00378417
