1.01733398
1.01708984
1.01770019
1.01745605
1.01806640
1.02197265
1.02270507
1.02258300
1.02233886
1.02185058
1.02258300
1.02197265
1.02246093
1.02246093
1.02209472
1.02221679
1.02160644
1.02172851
1.02233886
1.02246093
1.02258300
1.02233886
1.02185058
1.02197265
1.02221679
1.02233886
1.02087402
1.02233886
1.02197265
1.02221679
1.02172851
1.02160644
1.01721191
1.01806640
1.01806640
1.01757812
.99804687
.99926757
.99865722
.99877929
.99804687
.99865722
.99926757
.99829101
.99841308
1.00305175
.99792480
.99804687
.99829101
.99804687
.99768066
.99841308
.99816894
.99755859
.99804687
.99865722
.99804687
.99804687
.99780273
.99707031
.99755859
.99780273
.99780273
.99804687
.99792480
.99816894
.99768066
.99340820
.99304199
.99804687
.99841308
.99768066
.99768066
.99804687
.99890136
.99902343
.99792480
.99829101
.99780273
.99841308
.99768066
.99340820
.99780273
.99792480
.99829101
.99707031
.99792480
.99780273
.99743652
.99707031
.99804687
.99267578
.99731445
.99743652
.99768066
.99792480
.99829101
.99743652
.99755859
.99816894
.99707031
.99804687
.99780273
.99780273
.99707031
.99780273
.99816894
.99743652
.99755859
.99816894
.99267578
.99841308
.99804687
.99768066
.99768066
.99291992
.99780273
.99694824
.99853515
.99755859
.99255371
.99731445
.99792480
.99768066
.99865722
.99804687
.99731445
.99804687
.99804687
.99694824
.99780273
.99780273
.99633789
.99658203
.99914550
.99694824
.99780273
.99731445
.99780273
.99633789
.99694824
.99804687
.99780273
.99719238
1.00134277
.99780273
1.00207519
.99804687
.99768066
.99731445
.99743652
.99731445
.99694824
.99743652
.99682617
.99694824
.99755859
.99731445
.99792480
.99743652
.99792480
.99780273
1.00085449
1.00244140
1.00280761
1.00085449
1.00231933
.99792480
.99890136
1.00109863
1.00305175
1.00183105
1.00390625
1.00280761
1.00268554
1.00207519
1.00268554
1.00390625
1.00207519
1.00390625
1.00244140
1.00329589
.99792480
1.00366210
1.00427246
1.00219726
1.00366210
1.00207519
1.00329589
1.00341796
1.00341796
1.00488281
1.00097656
.99951171
.99975585
.99890136
1.00427246
.99816894
.99926757
.99584960
