1.01745605
1.01721191
1.01733398
1.01843261
1.02197265
1.02172851
1.02246093
1.02172851
1.02172851
1.02368164
1.02331542
1.02307128
1.02221679
1.02221679
1.02172851
1.02148437
1.02124023
1.02099609
1.02111816
1.02136230
1.02160644
1.02307128
1.02270507
1.02209472
1.02282714
1.02197265
1.02185058
1.02307128
1.02197265
1.02282714
1.02270507
1.02136230
1.02172851
1.02172851
1.02185058
1.02270507
1.02233886
1.02185058
1.02221679
1.02270507
1.02319335
1.02185058
1.02209472
1.02294921
1.02124023
1.02209472
1.02172851
1.02294921
1.02282714
1.02282714
1.02221679
1.02270507
1.02282714
1.02282714
1.02368164
1.02099609
1.02246093
1.02221679
1.02197265
1.02246093
1.02246093
1.02221679
1.02258300
1.02136230
1.02221679
1.02258300
1.01721191
1.01745605
1.01794433
1.01806640
1.01770019
1.01806640
1.01806640
.99719238
.99853515
.99829101
.99694824
.99841308
.99731445
.99792480
.99743652
1.00268554
.99853515
1.00366210
.99768066
.99853515
.99938964
.99865722
.99841308
.99963378
.99853515
.99780273
.99877929
.99865722
.99902343
.99865722
.99841308
.99780273
.99743652
.99780273
.99829101
.99865722
.99853515
.99865722
.99743652
.99865722
.99768066
.99780273
.99865722
.99816894
.99865722
.99621582
.99938964
.99804687
.99743652
.99902343
.99865722
.99865722
.99841308
1.00366210
.99719238
.99719238
.99829101
.99816894
.99804687
.99865722
.99829101
.99841308
1.00268554
.99829101
.99731445
.99804687
.99768066
.99743652
.99743652
.99743652
.99816894
.99731445
.99780273
.99865722
.99865722
.99890136
.99804687
.99829101
.99804687
.99829101
.99780273
.99975585
.99877929
.99890136
.99865722
.99804687
.99804687
.99902343
.99926757
.99902343
.99926757
.99279785
.99804687
.99829101
.99926757
.99951171
.99926757
.99389648
.99829101
.99804687
.99792480
.99890136
.99377441
.99914550
.99816894
.99841308
.99816894
.99890136
.99890136
.99926757
.99877929
.99829101
.99804687
.99816894
.99914550
.99816894
.99865722
.99816894
.99743652
.99731445
.99780273
.99902343
.99926757
.99975585
.99841308
.99780273
.99829101
.99768066
.99768066
.99768066
.99780273
.99755859
.99792480
1.00366210
