1.01745605
1.01733398
1.01696777
1.02209472
1.02160644
1.02160644
1.02172851
1.02270507
1.02172851
1.02209472
1.02233886
1.02221679
1.02270507
1.02197265
1.02197265
1.02136230
1.02062988
1.02148437
1.02148437
1.02197265
1.02136230
1.02124023
1.02258300
1.02160644
1.02197265
1.02197265
1.02246093
1.02185058
1.02282714
1.02197265
1.02270507
1.02197265
1.02258300
1.02172851
1.02282714
1.02270507
1.02197265
1.02221679
1.02307128
1.02258300
1.02172851
1.02221679
1.02185058
1.02209472
1.02233886
1.02124023
1.02246093
1.02270507
1.02270507
1.02282714
1.02185058
1.02282714
1.02246093
1.02197265
1.02368164
1.02368164
1.02136230
1.02124023
1.02307128
1.02209472
1.02172851
1.02197265
1.02075195
1.02307128
1.02246093
1.02270507
1.02197265
1.02282714
1.02197265
1.02172851
1.02136230
1.02197265
1.02246093
1.01806640
1.01782226
1.01806640
1.01806640
1.01867675
1.01708984
1.01806640
1.01708984
1.01806640
1.01806640
1.01831054
1.01745605
1.01745605
1.01806640
1.01745605
1.01733398
1.01806640
1.01733398
1.01770019
1.01806640
1.01806640
1.01806640
1.00366210
.99877929
.99804687
.99804687
.99853515
.99804687
.99841308
.99804687
.99804687
.99707031
.99829101
.99865722
.99853515
.99865722
.99853515
.99865722
.99841308
.99743652
.99755859
.99768066
.99829101
.99609375
.99853515
.99865722
.99829101
.99865722
.99865722
.99963378
.99755859
.99792480
1.00012207
1.00195312
.99780273
.99768066
.99694824
.99841308
.99890136
.99853515
.99780273
.99780273
.99707031
.99743652
.99877929
.99877929
.99792480
.99731445
.99780273
.99768066
.99780273
.99841308
.99853515
.99841308
.99743652
.99792480
.99707031
.99829101
.99877929
.99865722
.99890136
.99792480
.99768066
.99743652
.99792480
.99768066
.99780273
.99816894
.99780273
.99780273
.99755859
.99768066
.99768066
.99780273
.99792480
.99780273
.99792480
.99792480
.99780273
.99780273
.99804687
.99768066
.99340820
.99340820
.99853515
.99865722
.99865722
.99853515
.99829101
.99340820
.99841308
.99829101
.99841308
.99853515
.99841308
.99963378
.99450683
.99926757
.99841308
.99841308
.99841308
.99487304
.99987792
.99963378
.99902343
.99829101
.99291992
