1.01757812
1.01745605
1.02307128
1.01660156
1.01721191
1.02258300
1.02209472
1.02209472
1.02221679
1.02246093
1.02221679
1.02221679
1.02246093
1.02197265
1.02209472
1.02233886
1.02209472
1.02209472
1.02246093
1.02148437
1.02221679
1.02270507
1.02185058
1.02172851
1.02270507
1.02233886
1.02136230
1.02185058
1.02209472
1.02148437
1.02124023
1.02258300
1.02209472
1.01806640
1.01806640
.99829101
.99853515
.99841308
1.00305175
.99829101
.99804687
.99804687
.99804687
.99804687
.99804687
.99804687
1.00317382
.99743652
.99804687
.99707031
.99853515
.99719238
.99804687
.99243164
.99804687
.99804687
.99804687
.99768066
.99291992
.99792480
.99780273
.99780273
.99865722
.99792480
.99755859
.99816894
.99829101
.99780273
.99841308
.99914550
.99804687
.99877929
.99902343
.99829101
.99755859
.99340820
.99926757
.99865722
.99926757
.99780273
.99804687
.99804687
.99890136
.99865722
.99853515
.99829101
.99768066
.99694824
.99816894
.99951171
.99853515
.99877929
.99914550
.99768066
.99780273
.99743652
.99768066
.99804687
.99743652
.99768066
.99792480
.99719238
.99792480
.99865722
.99865722
.99865722
.99755859
.99792480
.99255371
.99865722
.99804687
.99755859
.99731445
.99804687
.99768066
.99780273
.99743652
.99804687
.99792480
.99780273
.99707031
.99780273
.99780273
.99279785
.99792480
.99841308
.99829101
.99792480
.99804687
1.00195312
.99829101
.99768066
.99829101
.99365234
.99804687
.99853515
.99768066
.99768066
.99707031
.99792480
.99804687
.99804687
.99768066
.99780273
.99780273
.99804687
.99804687
.99792480
1.00219726
.99743652
.99768066
1.00170898
1.00183105
.99743652
.99780273
1.00231933
1.00292968
.99841308
.99890136
.99804687
.99780273
.99816894
.99902343
.99377441
.99377441
1.00427246
1.00268554
1.00231933
1.00366210
.99865722
.99707031
1.00256347
1.00341796
1.00354003
1.00390625
1.00280761
1.00256347
1.00305175
1.00317382
1.00207519
1.00329589
1.00341796
1.00231933
1.00366210
1.00354003
1.00109863
1.00207519
1.00292968
1.00158691
1.00354003
.99829101
1.00183105
1.00231933
1.00366210
1.00231933
1.00305175
1.00280761
1.00268554
1.00341796
1.00280761
