1.12573242
1.12341308
1.12597656
1.12121582
1.12512207
1.12536621
1.12292480
1.12365722
1.12512207
1.12292480
1.12438964
1.12426757
1.12683105
1.12377929
1.12683105
1.12194824
1.12744140
1.12585449
1.12194824
1.12219238
1.12170410
1.12219238
1.12219238
1.12255859
1.12792968
1.12304687
1.12145996
1.12243652
1.12609863
1.12341308
1.12597656
1.12475585
1.12805175
1.12268066
1.12707519
1.12255859
1.12316894
1.12158203
1.12158203
1.12145996
1.12194824
1.12841796
1.12536621
1.12756347
1.12255859
1.12854003
1.12219238
1.12329101
1.12268066
1.12304687
1.12683105
1.12231445
1.12426757
1.12182617
1.12048339
1.12011718
1.12500000
1.12268066
1.11804199
1.12329101
1.12414550
1.11804199
1.11889648
1.11938476
1.11999511
1.12329101
1.12280273
1.11694335
1.12243652
1.12084960
1.12390136
1.12500000
1.12158203
1.12524414
1.12292480
1.12292480
1.12145996
1.12219238
1.12255859
1.12268066
1.12390136
1.12231445
1.12402343
1.12243652
1.12097167
1.12182617
1.12414550
1.12365722
1.12231445
1.12255859
1.12377929
1.12280273
1.12292480
1.11718750
1.11804199
1.12316894
1.12377929
1.11791992
1.12292480
1.12365722
1.11621093
1.11730957
1.12023925
1.11767578
1.12268066
1.12304687
1.12121582
1.12023925
1.12097167
1.12512207
1.12548828
1.12255859
1.12475585
1.12524414
1.12573242
1.12316894
1.11718750
1.12353515
1.12353515
1.12414550
1.12353515
1.12341308
1.12219238
1.11975097
1.12500000
1.12292480
1.12341308
1.12463378
1.12170410
1.12280273
1.12158203
1.12231445
1.11914062
1.12329101
1.12280273
1.12512207
1.12377929
1.12377929
1.12353515
1.12292480
1.12365722
1.12573242
1.12341308
1.12304687
1.12487792
1.12255859
1.12341308
1.12268066
1.12463378
1.12487792
1.12414550
1.11743164
1.12182617
1.12292480
1.11816406
1.12377929
1.12194824
1.12158203
1.12133789
1.12145996
1.11706542
1.11633300
1.12182617
1.11901855
1.12316894
1.11853027
1.11560058
1.12231445
1.12170410
1.12316894
1.12072753
1.12231445
1.12182617
1.12231445
1.12304687
1.12231445
1.12194824
1.12377929
1.12426757
1.12280273
1.12329101
1.12463378
1.12475585
1.12500000
1.12524414
1.12304687
1.12402343
1.12353515
1.12438964
1.12133789
1.12438964
1.12438964
1.12438964
1.12414550
1.12207031
1.12145996
1.12060546
1.12377929
1.12536621
1.12329101
