1.12353515
1.12487792
1.12390136
1.12072753
1.12377929
1.12353515
1.12219238
1.12268066
1.12500000
1.12438964
1.12377929
1.12927246
1.12524414
1.12353515
1.12658691
1.12475585
1.12768554
1.12377929
1.12316894
1.12207031
1.12597656
1.12426757
1.12438964
1.12512207
1.12048339
1.12304687
1.12292480
1.12475585
1.12365722
1.12329101
1.12561035
1.12170410
1.12194824
1.12316894
1.12500000
1.12158203
1.12658691
1.12158203
1.12487792
1.12316894
1.12622070
1.12390136
1.12280273
1.12365722
1.12390136
1.12268066
1.12500000
1.12341308
1.12341308
1.12158203
1.12524414
1.12377929
1.12280273
1.12219238
1.12536621
1.12316894
1.12268066
1.12280273
1.12426757
1.12255859
1.12158203
1.12438964
1.12072753
1.12341308
1.11889648
1.12487792
1.12634277
1.12316894
1.12500000
1.12365722
1.11999511
1.12292480
1.12182617
1.12341308
1.12500000
1.12255859
1.12304687
1.12194824
1.12524414
1.12243652
1.12158203
1.12512207
1.12304687
1.12438964
1.12438964
1.12329101
1.12304687
1.12365722
1.12243652
1.12414550
1.12231445
1.12194824
1.12414550
1.12292480
1.12316894
1.12463378
1.12292480
1.12084960
1.12365722
1.12121582
1.12182617
1.12255859
1.12072753
1.12316894
1.12072753
1.12036132
1.12011718
1.12231445
1.12341308
1.12268066
1.12097167
1.12207031
1.12292480
1.11816406
1.12292480
1.12145996
1.12133789
1.12207031
1.11926269
1.12060546
1.12109375
1.12414550
1.12158203
1.12145996
1.12487792
1.12829589
1.13024902
1.12292480
1.12646484
1.12976074
1.13232421
1.12841796
1.13012695
1.12707519
1.12719726
1.13183593
1.12731933
1.13269042
1.13208007
1.13293457
1.12792968
1.12988281
1.13012695
1.13439941
1.13330078
1.12963867
1.13476562
1.13061523
1.12890625
1.12768554
1.13049316
1.12927246
1.12878417
1.12475585
1.12878417
1.12939453
1.12792968
1.12915039
1.13098144
1.12976074
1.13061523
1.12976074
1.13085937
1.12646484
1.13024902
1.12939453
1.12536621
1.12512207
1.12622070
1.13171386
1.13037109
1.12585449
1.13000488
1.15405273
1.12866210
1.11865234
1.12609863
1.15502929
1.11694335
1.11657714
1.16137695
1.11303710
1.15515136
1.11047363
1.11035156
1.11047363
1.15502929
1.15991210
1.16125488
1.15515136
1.15612792
1.15563964
1.11083984
1.11718750
1.15551757
1.10534667
1.11218261
1.15515136
1.15551757
1.11157226
