1.12951660
1.12585449
1.12255859
1.12463378
1.12255859
1.12512207
1.12634277
1.12597656
1.12548828
1.12451171
1.12365722
1.12402343
1.12426757
1.12145996
1.12561035
1.12463378
1.12231445
1.12902832
1.12219238
1.12414550
1.12438964
1.12121582
1.12402343
1.12487792
1.12426757
1.12353515
1.11767578
1.11755371
1.12377929
1.12365722
1.12365722
1.12194824
1.12231445
1.12500000
1.12219238
1.12268066
1.12329101
1.12243652
1.11840820
1.11694335
1.12780761
1.12390136
1.11865234
1.12268066
1.12329101
1.12011718
1.11767578
1.11816406
1.12292480
1.12402343
1.12377929
1.12304687
1.12109375
1.12390136
1.12219238
1.12548828
1.12585449
1.12597656
1.12280273
1.12097167
1.12316894
1.12145996
1.12280273
1.12219238
1.12255859
1.12207031
1.12475585
1.11950683
1.12414550
1.12402343
1.12304687
1.12573242
1.12536621
1.12548828
1.12255859
1.11975097
1.12292480
1.12231445
1.12292480
1.12097167
1.12475585
1.12231445
1.12487792
1.12597656
1.12231445
1.12243652
1.12316894
1.12304687
1.12390136
1.12390136
1.11535644
1.12304687
1.12353515
1.12377929
1.12414550
1.12280273
1.11791992
1.12231445
1.12268066
1.11669921
1.11596679
1.12182617
1.12072753
1.12353515
1.12316894
1.12353515
1.12451171
1.12438964
1.12316894
1.12219238
1.12280273
1.12194824
1.12023925
1.11669921
1.11791992
1.12255859
1.11767578
1.11621093
1.12268066
1.11779785
1.12121582
1.12402343
1.12475585
1.12365722
1.12023925
1.12255859
1.12194824
1.12487792
1.12341308
1.12268066
1.12145996
1.12207031
1.11779785
1.12133789
1.12255859
1.12145996
1.12121582
1.12072753
1.12036132
1.12097167
1.12353515
1.12194824
1.12243652
1.12414550
1.12316894
1.12414550
1.12341308
1.12390136
1.12353515
1.12145996
1.12304687
1.12341308
1.12158203
1.12170410
1.12207031
1.12231445
1.12145996
1.12292480
1.12646484
1.12524414
1.12182617
1.12133789
1.11877441
1.12512207
1.12170410
1.12060546
1.12316894
1.12231445
1.12255859
1.12463378
1.12426757
1.12219238
1.12109375
1.12292480
1.12341308
1.12133789
1.12048339
1.12182617
1.12121582
1.12231445
1.12231445
1.12182617
1.12158203
1.12292480
1.12255859
1.12048339
1.12194824
1.12170410
1.12426757
1.12194824
1.12377929
1.12390136
1.12280273
1.12243652
1.12255859
1.12207031
1.11767578
1.12170410
1.12036132
1.12158203
