1.12426757
1.12390136
1.12402343
1.12512207
1.12402343
1.12219238
1.12280273
1.12475585
1.12365722
1.12561035
1.12329101
1.12365722
1.12316894
1.12622070
1.12194824
1.12377929
1.12255859
1.12780761
1.12524414
1.12207031
1.12524414
1.12475585
1.12182617
1.12414550
1.12268066
1.12243652
1.12036132
1.12561035
1.12426757
1.12304687
1.12487792
1.12438964
1.11767578
1.11767578
1.12268066
1.12158203
1.12353515
1.12353515
1.12451171
1.11840820
1.12329101
1.11853027
1.11816406
1.12304687
1.11791992
1.11572265
1.11669921
1.11706542
1.12133789
1.12292480
1.12268066
1.11877441
1.12158203
1.12182617
1.11730957
1.12304687
1.11767578
1.12072753
1.11889648
1.12255859
1.11816406
1.12280273
1.12170410
1.12341308
1.11694335
1.11694335
1.12536621
1.12341308
1.12353515
1.12438964
1.12292480
1.11730957
1.12402343
1.11791992
1.12231445
1.12341308
1.11730957
1.12084960
1.11853027
1.11828613
1.12377929
1.11901855
1.12353515
1.12365722
1.11840820
1.12377929
1.12109375
1.12463378
1.12243652
1.12121582
1.11962890
1.11669921
1.12377929
1.11694335
1.11791992
1.12341308
1.11828613
1.11669921
1.12243652
1.12145996
1.12231445
1.12292480
1.12072753
1.12268066
1.12182617
1.12231445
1.12036132
1.12316894
1.12292480
1.12341308
1.11804199
1.11901855
1.12207031
1.12292480
1.12255859
1.12231445
1.12243652
1.12268066
1.12243652
1.12243652
1.12097167
1.12255859
1.12182617
1.12402343
1.12512207
1.11828613
1.12402343
1.12524414
1.12365722
1.12426757
1.11877441
1.12304687
1.12561035
1.12207031
1.12036132
1.12353515
1.12512207
1.12524414
1.12280273
1.11950683
1.12280273
1.12280273
1.12182617
1.11730957
1.12426757
1.12426757
1.11767578
1.11694335
1.12341308
1.12255859
1.11730957
1.11718750
1.12292480
1.11779785
1.12145996
1.11584472
1.11767578
1.12268066
1.12121582
1.12207031
1.11572265
1.12036132
1.11596679
1.11767578
1.12561035
1.12133789
1.11950683
1.11914062
1.12292480
1.11718750
1.11889648
1.11840820
1.12353515
1.12475585
1.11865234
1.12292480
1.11938476
1.11828613
1.11682128
1.11840820
1.11901855
1.11975097
1.12536621
1.12475585
1.11572265
1.11657714
1.12426757
1.12219238
1.12451171
1.12939453
1.12072753
1.12377929
1.12219238
1.11755371
1.12011718
1.11877441
1.12304687
1.11682128
1.12316894
1.12597656
