1.12414550
1.12548828
1.12377929
1.12390136
1.12487792
1.12292480
1.12365722
1.12255859
1.12573242
1.12182617
1.12634277
1.12316894
1.12426757
1.12524414
1.12329101
1.12316894
1.12426757
1.12280273
1.12341308
1.12268066
1.12597656
1.12438964
1.12475585
1.12231445
1.12329101
1.12268066
1.12341308
1.12182617
1.12402343
1.12683105
1.12463378
1.12329101
1.12402343
1.12292480
1.12438964
1.12683105
1.12463378
1.12268066
1.11816406
1.12353515
1.12512207
1.12475585
1.12231445
1.12316894
1.12255859
1.12536621
1.12182617
1.12451171
1.12353515
1.12463378
1.12512207
1.12353515
1.12231445
1.12280273
1.12182617
1.12402343
1.12304687
1.12365722
1.12316894
1.11828613
1.12402343
1.12158203
1.12487792
1.12072753
1.12182617
1.11499023
1.12243652
1.12292480
1.12243652
1.12121582
1.12097167
1.12133789
1.12121582
1.12194824
1.12170410
1.12292480
1.11767578
1.12207031
1.12231445
1.11584472
1.12158203
1.12207031
1.12158203
1.12292480
1.12329101
1.12219238
1.12341308
1.12377929
1.11914062
1.12280273
1.12182617
1.12268066
1.12719726
1.12524414
1.12402343
1.12219238
1.12609863
1.12255859
1.12182617
1.12365722
1.12536621
1.11938476
1.12365722
1.12377929
1.12316894
1.12292480
1.11975097
1.12316894
1.12463378
1.12194824
1.12438964
1.12255859
1.12353515
1.12121582
1.11828613
1.11926269
1.12316894
1.12207031
1.12219238
1.12268066
1.12243652
1.11645507
1.12109375
1.12170410
1.11828613
1.12182617
1.12207031
1.12268066
1.12145996
1.12353515
1.12329101
1.12231445
1.12109375
1.12377929
1.12438964
1.12390136
1.12487792
1.12268066
1.12316894
1.12329101
1.12243652
1.12219238
1.12194824
1.12243652
1.12500000
1.12536621
1.12255859
1.12365722
1.12231445
1.12402343
1.12207031
1.12207031
1.12036132
1.12158203
1.12207031
1.12304687
1.12121582
1.12231445
1.12194824
1.12414550
1.12243652
1.12377929
1.12402343
1.12304687
1.12390136
1.12316894
1.12438964
1.12414550
1.12622070
1.13269042
1.12744140
1.12780761
1.12744140
1.12731933
1.13500976
1.13024902
1.13488769
1.12976074
1.13378906
1.12988281
1.12976074
1.13037109
1.12915039
1.13073730
1.13012695
1.12963867
1.12854003
1.13000488
1.13024902
1.12670898
1.12817382
1.12939453
1.12976074
1.12500000
1.12512207
1.13098144
1.12414550
1.12438964
1.12939453
1.12609863
