1.20593261
1.20178222
1.20129394
1.20922851
1.20471191
1.21826171
1.19970703
1.20251464
1.20104980
1.22082519
1.21166992
1.20886230
1.19970703
1.20495605
1.20251464
1.20849609
1.19714355
1.20605468
1.20104980
1.21740722
1.20227050
1.21240234
1.20104980
1.21862792
1.19824218
1.20385742
1.20825195
1.20117187
1.20349121
1.19982910
1.20141601
1.20446777
1.19970703
1.21081542
1.22009277
1.20031738
1.20605468
1.20117187
1.20849609
1.21704101
1.20727539
1.18615722
1.18920898
1.17773437
1.18212890
1.18481445
1.18298339
1.18713378
1.17736816
1.18676757
1.18737792
1.18688964
1.18725585
1.18676757
1.19628906
1.18176269
1.20239257
1.17736816
1.19799804
1.17858886
1.19934082
1.18225097
1.18969726
1.17858886
1.18176269
1.17834472
1.18432617
1.19165039
1.17736816
1.18798828
1.19824218
1.18261718
1.17504882
1.18225097
1.20166015
1.18090820
1.18713378
1.18750000
1.18676757
1.18237304
1.18347167
1.18603515
1.20922851
1.18188476
1.19702148
1.18713378
1.20043945
1.19201660
1.20202636
1.18603515
1.17321777
1.18493652
1.18444824
1.16992187
1.17773437
1.18359375
1.17736816
1.18701171
1.19812011
1.17968750
1.19580078
1.17736816
1.17822265
1.19702148
1.18249511
1.20056152
1.20166015
1.18676757
1.18823242
1.18798828
1.19372558
1.17858886
1.18237304
1.18261718
1.18688964
1.17846679
1.18933105
1.18701171
1.20410156
1.18127441
1.18945312
1.19567871
1.17822265
1.18395996
1.18200683
1.18408203
1.17810058
1.19396972
1.18188476
1.17846679
1.18127441
1.18237304
1.18090820
1.18225097
1.17602539
1.17578125
1.18615722
1.17736816
1.18835449
1.18115234
1.18127441
1.19677734
1.18029785
1.17822265
1.17919921
1.18261718
1.18249511
1.19836425
1.17858886
1.18676757
1.17846679
1.19409179
1.17846679
1.18127441
1.17846679
1.20056152
1.17724609
1.18420410
1.17712402
1.17871093
1.18273925
1.20178222
1.18798828
1.17834472
1.18286132
1.19287109
1.18249511
1.17724609
1.18225097
1.18090820
1.17736816
1.17736816
1.18408203
1.17968750
1.17736816
1.17993164
1.18945312
1.17773437
1.17883300
1.18383789
1.17822265
1.19189453
1.18103027
1.18225097
1.18505859
1.17944335
1.18151855
1.17871093
1.18933105
1.19616699
1.17736816
1.17749023
1.18286132
1.17822265
1.18151855
1.18115234
1.17968750
1.17700195
1.17724609
1.19421386
