1.20349121
1.20593261
1.21044921
1.19116210
1.20922851
1.19921875
1.20483398
1.20373535
1.20935058
1.21948242
1.19982910
1.20104980
1.21923828
1.20227050
1.19909667
1.20300292
1.22277832
1.20361328
1.21569824
1.22033691
1.22180175
1.21276855
1.21166992
1.20605468
1.20349121
1.20495605
1.20422363
1.21044921
1.21740722
1.20092773
1.20068359
1.21923828
1.21936035
1.21679687
1.20092773
1.21411132
1.21691894
1.20178222
1.17858886
1.18579101
1.18579101
1.18798828
1.20056152
1.18444824
1.18249511
1.18151855
1.18603515
1.17822265
1.17736816
1.20166015
1.18176269
1.18017578
1.17846679
1.18566894
1.18676757
1.18713378
1.17602539
1.19018554
1.17761230
1.18469238
1.17944335
1.19030761
1.17687988
1.18383789
1.17590332
1.18676757
1.20056152
1.18786621
1.18041992
1.18103027
1.20080566
1.18322753
1.18725585
1.17761230
1.18750000
1.18920898
1.18188476
1.19812011
1.17749023
1.18701171
1.18078613
1.18737792
1.20324707
1.18139648
1.17956542
1.18676757
1.18811035
1.19335937
1.18603515
1.17626953
1.18713378
1.18603515
1.18603515
1.18603515
1.18713378
1.17810058
1.17614746
1.19567871
1.18481445
1.18627929
1.18237304
1.18225097
1.18310546
1.18225097
1.17980957
1.18017578
1.17102050
1.18872070
1.18432617
1.18176269
1.19689941
1.18347167
1.18542480
1.17980957
1.18237304
1.18103027
1.17687988
1.18090820
1.18090820
1.17736816
1.18798828
1.18127441
1.17834472
1.19445800
1.18554687
1.18444824
1.17736816
1.17736816
1.18225097
1.18359375
1.18383789
1.17834472
1.18408203
1.18542480
1.19702148
1.19677734
1.19628906
1.18469238
1.19555664
1.18310546
1.18603515
1.18676757
1.17858886
1.18225097
1.17871093
1.17749023
1.18261718
1.19177246
1.19738769
1.17944335
1.17749023
1.19689941
1.17761230
1.18359375
1.19702148
1.18798828
1.17724609
1.18615722
1.18237304
1.17736816
1.17736816
1.18237304
1.18078613
1.18359375
1.17980957
1.17736816
1.17846679
1.17980957
1.18237304
1.18005371
1.18310546
1.19641113
1.19592285
1.19799804
1.19567871
1.17858886
1.17687988
1.18225097
1.17736816
1.17944335
1.17858886
1.18188476
1.17810058
1.17724609
1.19299316
1.17736816
1.18273925
1.18188476
1.18591308
1.18750000
1.17956542
1.18676757
1.18627929
1.18225097
1.18359375
1.18676757
1.17736816
1.19628906
1.15783691
1.16088867
