1.21520996
1.20922851
1.19970703
1.20141601
1.19970703
1.20556640
1.21350097
1.21801757
1.21520996
1.21203613
1.20471191
1.21704101
1.20458984
1.22302246
1.20983886
1.21008300
1.21447753
1.21936035
1.20910644
1.20483398
1.19982910
1.19860839
1.20166015
1.20483398
1.21777343
1.20092773
1.21972656
1.19982910
1.20178222
1.21166992
1.21459960
1.20495605
1.22058105
1.20935058
1.20654296
1.19970703
1.19982910
1.19433593
1.21057128
1.19970703
1.19970703
1.19921875
1.20312500
1.20031738
1.21179199
1.19982910
1.18554687
1.18798828
1.18566894
1.17639160
1.18798828
1.18017578
1.17687988
1.17651367
1.17675781
1.19677734
1.17858886
1.18676757
1.18713378
1.18237304
1.18225097
1.18652343
1.18188476
1.18688964
1.18542480
1.18676757
1.19799804
1.18847656
1.19653320
1.18066406
1.18579101
1.17248535
1.17736816
1.19677734
1.18054199
1.18249511
1.17736816
1.18786621
1.18859863
1.18908691
1.17858886
1.18237304
1.17736816
1.18823242
1.18237304
1.18615722
1.19775390
1.20324707
1.19079589
1.17968750
1.18310546
1.20178222
1.18493652
1.17883300
1.17785644
1.19860839
1.18322753
1.18664550
1.18237304
1.18273925
1.18615722
1.18103027
1.17736816
1.18835449
1.19677734
1.18298339
1.18908691
1.18286132
1.18237304
1.18762207
1.17871093
1.18847656
1.18835449
1.18798828
1.17944335
1.17749023
1.19677734
1.18115234
1.17858886
1.17687988
1.18237304
1.17846679
1.17871093
1.18286132
1.18457031
1.17749023
1.19396972
1.18115234
1.17724609
1.17846679
1.19567871
1.19555664
1.18676757
1.19592285
1.19323730
1.18054199
1.17773437
1.18798828
1.18554687
1.17614746
1.18005371
1.18225097
1.19702148
1.18066406
1.17736816
1.18640136
1.19348144
1.20898437
1.18908691
1.18652343
1.18688964
1.18273925
1.19689941
1.18249511
1.19653320
1.18237304
1.18786621
1.19580078
1.18469238
1.18115234
1.17858886
1.17736816
1.17858886
1.17858886
1.18298339
1.18945312
1.18237304
1.19555664
1.18762207
1.18701171
1.18798828
1.17761230
1.18933105
1.18615722
1.18603515
1.18798828
1.17858886
1.17980957
1.17736816
1.18920898
1.19787597
1.18225097
1.17749023
1.18566894
1.17858886
1.18371582
1.18371582
1.18640136
1.18200683
1.18176269
1.18566894
1.18713378
1.18676757
1.18591308
1.19494628
1.19677734
1.20043945
1.18371582
1.18774414
1.17724609
