1.20715332
1.19689941
1.20227050
1.20849609
1.21936035
1.20092773
1.19995117
1.20251464
1.20129394
1.20324707
1.20629882
1.19982910
1.20043945
1.19970703
1.20117187
1.20080566
1.22058105
1.21936035
1.20104980
1.20422363
1.20532226
1.20104980
1.20104980
1.20788574
1.19982910
1.19995117
1.20922851
1.20117187
1.19970703
1.19958496
1.21142578
1.19970703
1.20568847
1.20520019
1.21398925
1.20104980
1.20068359
1.20239257
1.20104980
1.20446777
1.21044921
1.20605468
1.20117187
1.18591308
1.17736816
1.18261718
1.18310546
1.18615722
1.17822265
1.18640136
1.18737792
1.17932128
1.18041992
1.17993164
1.17736816
1.18237304
1.17736816
1.17724609
1.20532226
1.19104003
1.17358398
1.17578125
1.17858886
1.18603515
1.17687988
1.18127441
1.18798828
1.17053222
1.18115234
1.17749023
1.19116210
1.20190429
1.17712402
1.18872070
1.19519042
1.20373535
1.18127441
1.18713378
1.18750000
1.17956542
1.18737792
1.18554687
1.20117187
1.17810058
1.18115234
1.17736816
1.18798828
1.17846679
1.19201660
1.18847656
1.17944335
1.20043945
1.18920898
1.20007324
1.17822265
1.18078613
1.17773437
1.17724609
1.17749023
1.18725585
1.19396972
1.17846679
1.20166015
1.18334960
1.17858886
1.19055175
1.18359375
1.17773437
1.18786621
1.18261718
1.18359375
1.17724609
1.18750000
1.19616699
1.17687988
1.17785644
1.17687988
1.18237304
1.17810058
1.17858886
1.17724609
1.18786621
1.18225097
1.17736816
1.18713378
1.18127441
1.18237304
1.18237304
1.18591308
1.17541503
1.17700195
1.17980957
1.18688964
1.18359375
1.18237304
1.18688964
1.18103027
1.19189453
1.17968750
1.18103027
1.18347167
1.18664550
1.17834472
1.18859863
1.17736816
1.19165039
1.18664550
1.17980957
1.18249511
1.18786621
1.18359375
1.17883300
1.18188476
1.17700195
1.18676757
1.18725585
1.19238281
1.20251464
1.18383789
1.18188476
1.19567871
1.17919921
1.18798828
1.18713378
1.19689941
1.18481445
1.18273925
1.19689941
1.18286132
1.18103027
1.18359375
1.17736816
1.19689941
1.19409179
1.17846679
1.18298339
1.18249511
1.17968750
1.17700195
1.18920898
1.18920898
1.18811035
1.18237304
1.17834472
1.17858886
1.17736816
1.18664550
1.17858886
1.17980957
1.18237304
1.19006347
1.17736816
1.18310546
1.18249511
1.18237304
1.18640136
1.18664550
1.17858886
1.17993164
1.18103027
