1.20410156
1.20629882
1.21899414
1.19567871
1.21386718
1.20043945
1.19921875
1.20349121
1.20385742
1.19921875
1.19982910
1.20642089
1.20153808
1.19982910
1.19982910
1.20166015
1.20959472
1.19860839
1.20593261
1.21350097
1.20483398
1.20251464
1.20361328
1.22790527
1.20007324
1.19897460
1.20312500
1.20080566
1.20495605
1.20397949
1.19995117
1.20935058
1.19970703
1.19592285
1.20556640
1.20080566
1.21435546
1.22155761
1.21813964
1.20642089
1.21569824
1.23144531
1.21704101
1.20104980
1.20092773
1.21228027
1.21435546
1.20764160
1.20031738
1.20593261
1.21655273
1.20715332
1.18261718
1.18640136
1.20166015
1.18615722
1.18835449
1.19445800
1.17590332
1.18566894
1.17736816
1.18066406
1.18664550
1.18115234
1.18347167
1.17858886
1.19799804
1.18994140
1.18103027
1.17736816
1.18676757
1.17736816
1.18237304
1.18847656
1.18103027
1.17736816
1.18603515
1.17736816
1.18872070
1.18225097
1.18725585
1.19079589
1.19201660
1.18481445
1.20166015
1.19079589
1.18811035
1.17797851
1.19555664
1.18566894
1.17578125
1.19934082
1.20166015
1.19567871
1.18640136
1.18310546
1.18237304
1.18676757
1.19445800
1.19689941
1.18188476
1.18359375
1.20141601
1.17736816
1.17187500
1.17724609
1.18457031
1.17895507
1.17846679
1.18676757
1.17858886
1.19335937
1.19555664
1.18798828
1.19555664
1.19689941
1.19616699
1.18164062
1.18725585
1.18310546
1.18640136
1.18249511
1.18676757
1.18566894
1.17858886
1.17736816
1.17749023
1.17736816
1.18920898
1.19702148
1.19335937
1.18298339
1.19799804
1.18237304
1.19665527
1.17858886
1.18005371
1.17736816
1.17871093
1.17761230
1.17846679
1.18066406
1.18676757
1.17724609
1.18310546
1.18554687
1.18457031
1.18945312
1.17663574
1.18103027
1.17895507
1.17736816
1.19812011
1.18359375
1.19836425
1.18359375
1.18298339
1.17797851
1.19042968
1.18835449
1.17919921
1.18469238
1.19799804
1.19812011
1.17687988
1.18237304
1.17846679
1.19226074
1.17858886
1.18676757
1.17858886
1.18066406
1.19543457
1.20202636
1.18933105
1.19152832
1.17724609
1.17846679
1.18115234
1.18530273
1.18200683
1.19372558
1.18322753
1.17639160
1.18054199
1.18518066
1.18688964
1.18688964
1.17443847
1.17736816
1.17724609
1.17858886
1.18176269
1.17846679
1.17626953
1.17724609
1.18151855
1.17980957
1.17797851
1.18212890
