1.19995117
1.20996093
1.20104980
1.19934082
1.21423339
1.20251464
1.20483398
1.20605468
1.19982910
1.20764160
1.20678710
1.22058105
1.19982910
1.20800781
1.20227050
1.20458984
1.20703125
1.20605468
1.20056152
1.19995117
1.20727539
1.20483398
1.20874023
1.20605468
1.22375488
1.21472167
1.20605468
1.20849609
1.20727539
1.20617675
1.21301269
1.21105957
1.22058105
1.21166992
1.20153808
1.21667480
1.20324707
1.20104980
1.20349121
1.20043945
1.20434570
1.21166992
1.20605468
1.20092773
1.18591308
1.19433593
1.18115234
1.20166015
1.17724609
1.18737792
1.17480468
1.17736816
1.17822265
1.19677734
1.18542480
1.18200683
1.18847656
1.18090820
1.19726562
1.18432617
1.18359375
1.17846679
1.17858886
1.18347167
1.18920898
1.17724609
1.18566894
1.18688964
1.18615722
1.18481445
1.18676757
1.18273925
1.19946289
1.18151855
1.19323730
1.17749023
1.18994140
1.17480468
1.18737792
1.18310546
1.17968750
1.18566894
1.18603515
1.18713378
1.18884277
1.18212890
1.19079589
1.19677734
1.18896484
1.18200683
1.18737792
1.18322753
1.18774414
1.18969726
1.18774414
1.19165039
1.17761230
1.17797851
1.17736816
1.18103027
1.17822265
1.18310546
1.17724609
1.18212890
1.18701171
1.19934082
1.18188476
1.18688964
1.18725585
1.17651367
1.17846679
1.17724609
1.17724609
1.18237304
1.18188476
1.18615722
1.18713378
1.18688964
1.18237304
1.19177246
1.18469238
1.20166015
1.17736816
1.19677734
1.17907714
1.19494628
1.17761230
1.18310546
1.18811035
1.18457031
1.19189453
1.18579101
1.17602539
1.17724609
1.17846679
1.18469238
1.19616699
1.19677734
1.18347167
1.18347167
1.18603515
1.18457031
1.18115234
1.17749023
1.17687988
1.18273925
1.17858886
1.17980957
1.17810058
1.17736816
1.18676757
1.18774414
1.18713378
1.18676757
1.17810058
1.18078613
1.18798828
1.18286132
1.17749023
1.19445800
1.18896484
1.19067382
1.18408203
1.19641113
1.17687988
1.19812011
1.18579101
1.18676757
1.18603515
1.17736816
1.17797851
1.17773437
1.17614746
1.17858886
1.19335937
1.17858886
1.17956542
1.18737792
1.18786621
1.17956542
1.20007324
1.19934082
1.18334960
1.17724609
1.18225097
1.17944335
1.17968750
1.18896484
1.19689941
1.18957519
1.19323730
1.19653320
1.19580078
1.18676757
1.18115234
1.18676757
1.17846679
1.18566894
1.16906738
1.17102050
