1.20349121
1.19885253
1.20251464
1.20812988
1.20397949
1.20727539
1.20727539
1.19750976
1.20483398
1.20495605
1.21630859
1.19982910
1.20800781
1.20642089
1.19873046
1.20593261
1.20922851
1.20593261
1.20703125
1.21777343
1.20983886
1.20922851
1.22058105
1.20483398
1.20727539
1.19970703
1.22058105
1.19982910
1.20715332
1.19970703
1.20153808
1.20080566
1.21691894
1.20214843
1.20031738
1.20141601
1.19885253
1.20812988
1.20092773
1.20812988
1.18811035
1.17993164
1.18225097
1.17724609
1.19213867
1.17749023
1.19702148
1.17736816
1.18603515
1.18847656
1.18969726
1.19213867
1.18554687
1.18981933
1.18603515
1.18200683
1.17749023
1.17749023
1.18676757
1.18798828
1.19006347
1.18591308
1.17736816
1.18249511
1.18615722
1.20080566
1.18310546
1.18737792
1.19689941
1.19396972
1.17858886
1.18054199
1.17724609
1.18127441
1.17724609
1.18603515
1.17468261
1.17761230
1.18798828
1.18444824
1.18945312
1.18066406
1.19091796
1.18725585
1.18811035
1.17736816
1.18713378
1.18701171
1.17993164
1.18591308
1.18957519
1.18359375
1.18249511
1.17846679
1.17749023
1.18261718
1.17736816
1.18920898
1.17736816
1.18811035
1.19067382
1.18457031
1.18261718
1.18164062
1.18054199
1.19030761
1.19812011
1.20104980
1.19677734
1.18627929
1.18115234
1.18859863
1.18237304
1.18115234
1.17871093
1.17797851
1.17968750
1.18225097
1.18469238
1.18627929
1.17858886
1.18188476
1.17822265
1.19677734
1.18603515
1.17724609
1.18249511
1.18688964
1.17822265
1.18237304
1.17736816
1.17858886
1.17907714
1.17736816
1.19274902
1.19677734
1.17736816
1.17736816
1.18237304
1.18261718
1.19763183
1.18249511
1.17749023
1.18127441
1.17602539
1.17651367
1.19567871
1.18566894
1.17749023
1.17846679
1.18798828
1.18798828
1.17858886
1.18676757
1.17761230
1.17858886
1.18212890
1.17846679
1.17858886
1.18676757
1.18798828
1.18310546
1.18615722
1.18127441
1.18933105
1.17993164
1.18798828
1.18981933
1.18298339
1.17736816
1.17858886
1.19567871
1.18066406
1.17736816
1.18872070
1.19592285
1.18359375
1.18334960
1.19030761
1.18481445
1.18200683
1.18017578
1.18933105
1.17846679
1.17944335
1.18017578
1.18811035
1.17797851
1.17822265
1.18945312
1.17773437
1.17834472
1.16967773
1.16906738
1.16540527
1.16467285
1.16088867
1.17919921
1.16467285
1.16394042
