1.20837402
1.20605468
1.20092773
1.20092773
1.19946289
1.20605468
1.19970703
1.20666503
1.21179199
1.19824218
1.20104980
1.20324707
1.21203613
1.19970703
1.20153808
1.20568847
1.22131347
1.20104980
1.19958496
1.20605468
1.21813964
1.21166992
1.20544433
1.19860839
1.20361328
1.20056152
1.19982910
1.21447753
1.20800781
1.21203613
1.19982910
1.20251464
1.20349121
1.20739746
1.22021484
1.20068359
1.20812988
1.18200683
1.18225097
1.18847656
1.18139648
1.19104003
1.18957519
1.18908691
1.19860839
1.17675781
1.18652343
1.18066406
1.18188476
1.19934082
1.19689941
1.18713378
1.18603515
1.18176269
1.17749023
1.18603515
1.20178222
1.17980957
1.18676757
1.19555664
1.18664550
1.17968750
1.18017578
1.18969726
1.18603515
1.18310546
1.19982910
1.19982910
1.18481445
1.18615722
1.18798828
1.18273925
1.17846679
1.18359375
1.18432617
1.18591308
1.18139648
1.19042968
1.17736816
1.18859863
1.19567871
1.18237304
1.17736816
1.17858886
1.18676757
1.17443847
1.17736816
1.18566894
1.17736816
1.19360351
1.18713378
1.18554687
1.18273925
1.17919921
1.17736816
1.18554687
1.19689941
1.18664550
1.18273925
1.20874023
1.19714355
1.18261718
1.18457031
1.18664550
1.17773437
1.17834472
1.17358398
1.19677734
1.18261718
1.17785644
1.17724609
1.18188476
1.17858886
1.18066406
1.18188476
1.19689941
1.17858886
1.18237304
1.17858886
1.18115234
1.18481445
1.17626953
1.18359375
1.17810058
1.17736816
1.18090820
1.17736816
1.18591308
1.17614746
1.18249511
1.18200683
1.18811035
1.18188476
1.19812011
1.18676757
1.18420410
1.18957519
1.17736816
1.17846679
1.19555664
1.18249511
1.18469238
1.17968750
1.17749023
1.18469238
1.17700195
1.18359375
1.17626953
1.17871093
1.17712402
1.19689941
1.18237304
1.18237304
1.18273925
1.19543457
1.18310546
1.19567871
1.20288085
1.17980957
1.17956542
1.17846679
1.17724609
1.17858886
1.18225097
1.18737792
1.18225097
1.17773437
1.17761230
1.17736816
1.18811035
1.17602539
1.17858886
1.17749023
1.18725585
1.18469238
1.19726562
1.18334960
1.18676757
1.18298339
1.17443847
1.17797851
1.17858886
1.17858886
1.18090820
1.17712402
1.18835449
1.18798828
1.19824218
1.18676757
1.19677734
1.18823242
1.18200683
1.17736816
1.19592285
1.16674804
1.16320800
1.16528320
1.16479492
1.16479492
1.16906738
