1.21215820
1.19824218
1.21044921
1.21716308
1.20935058
1.19995117
1.20104980
1.20922851
1.20422363
1.20605468
1.22045898
1.19995117
1.19946289
1.20373535
1.20129394
1.20007324
1.20715332
1.19970703
1.21313476
1.20861816
1.21093750
1.20971679
1.20434570
1.19958496
1.19750976
1.20385742
1.20935058
1.20092773
1.20471191
1.20190429
1.22399902
1.19995117
1.20373535
1.19982910
1.20483398
1.19909667
1.20678710
1.19982910
1.21569824
1.20922851
1.19982910
1.20495605
1.20129394
1.19738769
1.18212890
1.20153808
1.18591308
1.18847656
1.18603515
1.18237304
1.18835449
1.18603515
1.18701171
1.20288085
1.17736816
1.17858886
1.17858886
1.17736816
1.18334960
1.18798828
1.18188476
1.19470214
1.18981933
1.18103027
1.17846679
1.18786621
1.17858886
1.18481445
1.18798828
1.18371582
1.17761230
1.18627929
1.17761230
1.17553710
1.18261718
1.18115234
1.17858886
1.18554687
1.18103027
1.18713378
1.18835449
1.20056152
1.18823242
1.18383789
1.18737792
1.18627929
1.18139648
1.18798828
1.19812011
1.18347167
1.18603515
1.18725585
1.17846679
1.18969726
1.19323730
1.18676757
1.18127441
1.17834472
1.17626953
1.17810058
1.19201660
1.17858886
1.18676757
1.17858886
1.18566894
1.17663574
1.18688964
1.17749023
1.18359375
1.17724609
1.17858886
1.17871093
1.18701171
1.18884277
1.18225097
1.18359375
1.17980957
1.17773437
1.18798828
1.17773437
1.20666503
1.18640136
1.18469238
1.18371582
1.17736816
1.19409179
1.17822265
1.18103027
1.18957519
1.17749023
1.18676757
1.19421386
1.18359375
1.17858886
1.18676757
1.18896484
1.17944335
1.17846679
1.18322753
1.18298339
1.18835449
1.17736816
1.18078613
1.17724609
1.18798828
1.18237304
1.18347167
1.18469238
1.17993164
1.18762207
1.19689941
1.17834472
1.17810058
1.18725585
1.17736816
1.18652343
1.18310546
1.17858886
1.17407226
1.18920898
1.19311523
1.17858886
1.18310546
1.18212890
1.17614746
1.17797851
1.18334960
1.18237304
1.17797851
1.18395996
1.18933105
1.18237304
1.18029785
1.20532226
1.18676757
1.19592285
1.18298339
1.18847656
1.18737792
1.18029785
1.17810058
1.18469238
1.18286132
1.17700195
1.18225097
1.18212890
1.18432617
1.17907714
1.18237304
1.18347167
1.18237304
1.17736816
1.17810058
1.18530273
1.18188476
1.17846679
1.17321777
1.17907714
1.17846679
1.18920898
