1.21301269
1.21337890
1.21142578
1.20397949
1.20422363
1.21276855
1.20068359
1.21166992
1.20642089
1.21813964
1.20129394
1.21752929
1.20031738
1.19934082
1.20642089
1.20776367
1.21936035
1.19982910
1.20043945
1.20385742
1.20959472
1.20544433
1.20458984
1.19750976
1.20507812
1.20031738
1.21557617
1.21691894
1.20605468
1.20446777
1.20019531
1.20178222
1.20068359
1.21911621
1.20849609
1.22863769
1.21679687
1.17675781
1.17773437
1.18762207
1.19140625
1.17810058
1.18676757
1.17590332
1.20166015
1.18249511
1.18676757
1.18481445
1.19555664
1.19494628
1.17663574
1.21862792
1.17736816
1.18701171
1.18847656
1.18676757
1.17724609
1.18615722
1.18969726
1.18530273
1.18847656
1.19799804
1.19396972
1.18408203
1.18859863
1.20056152
1.18676757
1.19934082
1.20019531
1.18676757
1.18603515
1.18139648
1.17834472
1.18298339
1.18542480
1.19995117
1.19177246
1.18688964
1.18249511
1.18591308
1.19641113
1.17736816
1.19970703
1.19555664
1.20153808
1.18750000
1.18566894
1.18200683
1.19384765
1.18188476
1.20288085
1.18115234
1.18334960
1.18322753
1.18286132
1.19726562
1.19311523
1.17871093
1.18847656
1.19653320
1.18310546
1.18725585
1.18200683
1.18933105
1.17736816
1.18688964
1.17993164
1.19213867
1.18334960
1.19738769
1.17980957
1.18188476
1.17822265
1.19592285
1.17761230
1.17968750
1.17736816
1.18530273
1.17578125
1.18261718
1.18701171
1.17675781
1.18310546
1.18261718
1.19299316
1.19067382
1.19604492
1.19702148
1.19567871
1.17858886
1.17858886
1.18359375
1.19921875
1.17968750
1.17761230
1.18359375
1.17858886
1.18237304
1.17749023
1.17846679
1.18359375
1.18762207
1.17810058
1.19616699
1.19970703
1.17785644
1.17822265
1.18212890
1.17321777
1.17736816
1.17504882
1.18237304
1.17749023
1.17700195
1.17736816
1.18103027
1.18676757
1.17871093
1.17858886
1.18359375
1.18603515
1.18298339
1.17834472
1.18920898
1.18164062
1.18261718
1.18249511
1.17932128
1.17980957
1.18090820
1.17724609
1.18127441
1.18469238
1.17736816
1.17724609
1.17810058
1.19580078
1.19677734
1.17846679
1.17724609
1.17236328
1.18237304
1.19787597
1.17614746
1.17736816
1.18273925
1.17675781
1.18237304
1.18786621
1.18847656
1.15905761
1.16601562
1.16992187
1.16503906
1.16198730
1.16479492
1.16467285
1.15917968
1.17797851
1.16357421
