1.14831542
1.10949707
1.11083984
1.11376953
1.11901855
1.11206054
1.10839843
1.11535644
1.10949707
1.11779785
1.10937500
1.11254882
1.11486816
1.11364746
1.11853027
1.16577148
1.15747070
1.11840820
1.15234375
1.11047363
1.11071777
1.11877441
1.15930175
1.11706542
1.11083984
1.11022949
1.15307617
1.16589355
1.10791015
1.11096191
1.10839843
1.15979003
1.11083984
1.15441894
1.11206054
1.10900878
1.10900878
1.10900878
1.10913085
1.11657714
1.15881347
1.11291503
1.11364746
1.10998535
1.10644531
1.15966796
1.10656738
1.15917968
1.11999511
1.10827636
1.12414550
1.11828613
1.11657714
1.11035156
1.15832519
1.11401367
1.11962890
1.11511230
1.11254882
1.11926269
1.10717773
1.10949707
1.10778808
1.11425781
1.11889648
1.11547851
1.11279296
1.15759277
1.10852050
1.11352539
1.11694335
1.11804199
1.11315917
1.11669921
1.11389160
1.11914062
1.10681152
1.11462402
1.15136718
1.15258789
1.15539550
1.10986328
1.11120605
1.11352539
1.11962890
1.12121582
1.10961914
1.10595703
1.15954589
1.15515136
1.11437988
1.15478515
1.15930175
1.10925292
1.11206054
1.11804199
1.11755371
1.11096191
1.11059570
1.11535644
1.16735839
1.16711425
1.10852050
1.11694335
1.11987304
1.12084960
1.10852050
1.15783691
1.15283203
1.15881347
1.11340332
1.10949707
1.15930175
1.11364746
1.11816406
1.10937500
1.10717773
1.10803222
1.11950683
1.11779785
1.12023925
1.12011718
1.11499023
1.11291503
1.11999511
1.15417480
1.11694335
1.10961914
1.10632324
1.10900878
1.10986328
1.11743164
1.10949707
1.10571289
1.10949707
1.11950683
1.11657714
1.11535644
1.11938476
1.11425781
1.11706542
1.15966796
1.10913085
1.11926269
1.11901855
1.11120605
1.15771484
1.15966796
1.11718750
1.10986328
1.15466308
1.11767578
1.15197753
1.11950683
1.15319824
1.11474609
1.11767578
1.10913085
1.15380859
1.10791015
1.11975097
1.11242675
1.11450195
1.11425781
1.11376953
1.11877441
1.11633300
1.11926269
1.11999511
1.11828613
1.11413574
1.12011718
1.10913085
1.11804199
1.11816406
1.11791992
1.11975097
1.11914062
1.11389160
1.11157226
1.11950683
1.10693359
1.11474609
1.11914062
1.15783691
1.15368652
1.10974121
1.10766601
1.10864257
1.11401367
1.11840820
1.16040039
1.11816406
1.11145019
1.10900878
1.10913085
1.11499023
1.10949707
1.10913085
1.10803222
