1.11608886
1.22436523
1.12866210
1.16894531
1.12268066
1.16784667
1.15820312
1.12377929
1.12292480
1.16491699
1.12377929
1.12036132
1.12292480
1.12463378
1.12011718
1.11816406
1.12927246
1.12475585
1.11547851
1.15783691
1.17041015
1.12048339
1.11950683
1.11535644
1.16906738
1.12719726
1.16845703
1.12255859
1.16870117
1.16442871
1.22143554
1.11901855
1.11462402
1.12670898
1.11926269
1.12438964
1.12341308
1.11901855
1.11718750
1.16345214
1.12463378
1.12304687
1.11816406
1.12268066
1.11413574
1.16748046
1.11572265
1.11755371
1.15795898
1.12207031
1.11791992
1.16967773
1.12939453
1.11743164
1.16870117
1.12866210
1.16174316
1.11755371
1.11730957
1.16516113
1.11999511
1.11718750
1.12768554
1.11730957
1.12243652
1.16845703
1.12292480
1.12304687
1.12609863
1.11804199
1.11828613
1.12390136
1.12548828
1.16772460
1.12377929
1.12255859
1.11254882
1.12329101
1.12329101
1.11718750
1.12329101
1.16638183
1.11828613
1.10803222
1.12402343
1.11975097
1.10937500
1.10937500
1.10827636
1.15454101
1.11022949
1.15527343
1.10827636
1.11596679
1.15979003
1.11999511
1.11938476
1.11535644
1.21960449
1.15258789
1.11950683
1.11682128
1.10815429
1.11779785
1.11462402
1.10888671
1.10852050
1.11096191
1.11376953
1.10974121
1.11425781
1.15808105
1.15332031
1.10986328
1.11816406
1.11157226
1.15795898
1.10791015
1.11267089
1.10864257
1.11987304
1.11535644
1.11779785
1.11401367
1.11071777
1.11254882
1.11828613
1.11364746
1.12316894
1.11828613
1.10998535
1.11901855
1.10729980
1.11560058
1.11718750
1.10937500
1.16479492
1.11767578
1.11816406
1.11608886
1.16333007
1.16760253
1.11743164
1.11730957
1.11950683
1.11743164
1.11474609
1.11145019
1.16894531
1.10876464
1.11950683
1.15820312
1.11621093
1.11791992
1.11425781
1.11401367
1.11926269
1.11889648
1.10998535
1.15441894
1.11340332
1.11254882
1.12280273
1.11926269
1.10583496
1.15966796
1.16406250
1.10876464
1.11853027
1.10827636
1.15185546
1.11132812
1.15563964
1.11840820
1.11096191
1.11560058
1.11376953
1.10864257
1.15527343
1.16503906
1.15295410
1.11328125
1.11694335
1.11328125
1.10815429
1.11328125
1.15893554
1.11364746
1.11401367
1.11730957
1.15905761
1.10754394
1.15881347
1.11535644
1.10668945
1.15820312
1.10766601
1.15466308
1.11108398
1.10668945
