1.12438964
1.10986328
1.10791015
1.15539550
1.10681152
1.11889648
1.16357421
1.10815429
1.10900878
1.10864257
1.10876464
1.15441894
1.16479492
1.11975097
1.11450195
1.11279296
1.11926269
1.11877441
1.12036132
1.10839843
1.10815429
1.15881347
1.11328125
1.11755371
1.12109375
1.10888671
1.11181640
1.15905761
1.15966796
1.11108398
1.10839843
1.15454101
1.11584472
1.11596679
1.10974121
1.11730957
1.11047363
1.15319824
1.15051269
1.11877441
1.11901855
1.11645507
1.16345214
1.16223144
1.14807128
1.15454101
1.14965820
1.11804199
1.10888671
1.11706542
1.11743164
1.10522460
1.11096191
1.11840820
1.11938476
1.11804199
1.10864257
1.11816406
1.11340332
1.11291503
1.10803222
1.11572265
1.11865234
1.16992187
1.11145019
1.11779785
1.15966796
1.11877441
1.15527343
1.11608886
1.11157226
1.10778808
1.11315917
1.15771484
1.10876464
1.11889648
1.11279296
1.15856933
1.10900878
1.16870117
1.11035156
1.11389160
1.16772460
1.10852050
1.11804199
1.15393066
1.11157226
1.10791015
1.11328125
1.10974121
1.10961914
1.15734863
1.11218261
1.12023925
1.11560058
1.11901855
1.11889648
1.11193847
1.11608886
1.11425781
1.10913085
1.11816406
1.11083984
1.15380859
1.11767578
1.11596679
1.10705566
1.14831542
1.11218261
1.11718750
1.10937500
1.10864257
1.11364746
1.10778808
1.11169433
1.15527343
1.10913085
1.11474609
1.11657714
1.11389160
1.11022949
1.15344238
1.11120605
1.11596679
1.11987304
1.15368652
1.11401367
1.11523437
1.11242675
1.12145996
1.10766601
1.14843750
1.12097167
1.11010742
1.11242675
1.11474609
1.15332031
1.15539550
1.14990234
1.10449218
1.11425781
1.11767578
1.13647460
1.15832519
1.10925292
1.15332031
1.11621093
1.11352539
1.10998535
1.11193847
1.11572265
1.10791015
1.12011718
1.11999511
1.16174316
1.11535644
1.10961914
1.11840820
1.10815429
1.15332031
1.12207031
1.10656738
1.11926269
1.14306640
1.11413574
1.15771484
1.11340332
1.11486816
1.11767578
1.11523437
1.11450195
1.11914062
1.15979003
1.11108398
1.15869140
1.10998535
1.14904785
1.15295410
1.15869140
1.16137695
1.11303710
1.10864257
1.14953613
1.11560058
1.11437988
1.11096191
1.11669921
1.10949707
1.10632324
1.10900878
1.10766601
1.11560058
1.16784667
1.15393066
1.15270996
1.10900878
1.10888671
1.10986328
1.11401367
1.15966796
