1.15832519
1.15539550
1.15539550
1.10803222
1.10961914
1.10437011
1.11889648
1.11145019
1.11474609
1.15686035
1.10937500
1.11877441
1.11621093
1.15893554
1.10876464
1.11889648
1.11962890
1.15832519
1.12011718
1.11987304
1.11437988
1.10791015
1.10839843
1.10876464
1.11401367
1.11743164
1.12023925
1.11828613
1.10949707
1.11022949
1.10754394
1.15527343
1.11389160
1.10778808
1.11938476
1.11938476
1.11389160
1.11401367
1.10961914
1.10913085
1.11352539
1.11877441
1.11828613
1.11291503
1.11352539
1.10900878
1.11328125
1.16381835
1.11535644
1.11083984
1.11474609
1.11853027
1.11804199
1.16918945
1.11364746
1.11425781
1.11340332
1.11767578
1.10986328
1.10876464
1.15515136
1.11437988
1.15344238
1.11022949
1.10852050
1.11352539
1.12023925
1.11413574
1.11938476
1.11413574
1.11218261
1.11462402
1.11828613
1.11999511
1.12109375
1.11926269
1.11413574
1.10852050
1.11425781
1.15161132
1.11499023
1.10974121
1.11718750
1.11889648
1.11938476
1.11877441
1.11889648
1.12426757
1.10839843
1.11889648
1.16613769
1.11352539
1.11303710
1.15869140
1.12280273
1.11926269
1.11486816
1.11474609
1.11596679
1.15258789
1.11376953
1.16137695
1.11755371
1.11743164
1.11193847
1.15966796
1.12072753
1.11279296
1.16870117
1.11499023
1.10815429
1.16235351
1.10937500
1.11926269
1.11877441
1.11828613
1.11071777
1.16918945
1.11352539
1.10620117
1.11352539
1.11804199
1.11340332
1.11328125
1.11364746
1.11230468
1.11035156
1.11962890
1.11242675
1.15917968
1.10986328
1.11730957
1.14819335
1.15246582
1.15368652
1.11975097
1.11694335
1.10827636
1.11499023
1.11914062
1.11999511
1.11865234
1.10827636
1.11035156
1.10644531
1.11865234
1.11511230
1.11364746
1.11914062
1.11743164
1.11975097
1.11535644
1.11572265
1.11901855
1.11193847
1.11975097
1.11950683
1.10571289
1.11999511
1.11865234
1.11181640
1.11401367
1.10644531
1.15368652
1.11694335
1.11706542
1.16845703
1.11950683
1.11022949
1.11413574
1.11340332
1.11303710
1.11511230
1.11914062
1.11486816
1.10900878
1.16284179
1.11535644
1.11596679
1.11938476
1.11254882
1.11682128
1.11950683
1.10595703
1.11425781
1.11706542
1.11413574
1.11547851
1.11376953
1.11474609
1.10815429
1.11499023
1.11376953
1.11499023
1.11462402
1.11804199
1.15344238
1.11657714
1.11901855
1.12109375
