1.22839355
1.22082519
1.21813964
1.16223144
1.10839843
1.10888671
1.22033691
1.16101074
1.16784667
1.16760253
1.22167968
1.21960449
1.11743164
1.16699218
1.10803222
1.11853027
1.11901855
1.16748046
1.16748046
1.11779785
1.11914062
1.16625976
1.16662597
1.16723632
1.11706542
1.11853027
1.11132812
1.11865234
1.10961914
1.10815429
1.11828613
1.11901855
1.11303710
1.11938476
1.12011718
1.10888671
1.15600585
1.16027832
1.11901855
1.11718750
1.11694335
1.16296386
1.16247558
1.11767578
1.11389160
1.11328125
1.11315917
1.11950683
1.10852050
1.11425781
1.15856933
1.15356445
1.11437988
1.11328125
1.15795898
1.11401367
1.11584472
1.11840820
1.11791992
1.11877441
1.11132812
1.11364746
1.11596679
1.11389160
1.11975097
1.11718750
1.11572265
1.11926269
1.11718750
1.11401367
1.15185546
1.11328125
1.16552734
1.11254882
1.15893554
1.11437988
1.15551757
1.11914062
1.14099121
1.11437988
1.16162109
1.11437988
1.12365722
1.11608886
1.10937500
1.11657714
1.11303710
1.11230468
1.11425781
1.11767578
1.16650390
1.11157226
1.11828613
1.11315917
1.11755371
1.11791992
1.10827636
1.11279296
1.11755371
1.13818359
1.12402343
1.13098144
1.13500976
1.11987304
1.11315917
1.10693359
1.15869140
1.12365722
1.11657714
1.10791015
1.11950683
1.10827636
1.11279296
1.11437988
1.12048339
1.12145996
1.11682128
1.12487792
1.11901855
1.12023925
1.11645507
1.11853027
1.11950683
1.10705566
1.11779785
1.11816406
1.11315917
1.11132812
1.16979980
1.11145019
1.11804199
1.16870117
1.11755371
1.11816406
1.10900878
1.10864257
1.11462402
1.15588378
1.11889648
1.11779785
1.11828613
1.11755371
1.11401367
1.22229003
1.12292480
1.12280273
1.11608886
1.11193847
1.11645507
1.11437988
1.10937500
1.11889648
1.15966796
1.11572265
1.15698242
1.11901855
1.11267089
1.11889648
1.11279296
1.11340332
1.10876464
1.11145019
1.11938476
1.15283203
1.12207031
1.11315917
1.11328125
1.11437988
1.15917968
1.12145996
1.11291503
1.11730957
1.11425781
1.15966796
1.15942382
1.11975097
1.11633300
1.16906738
1.16259765
1.16296386
1.14855957
1.15710449
1.22314453
1.11328125
1.11828613
1.16906738
1.17358398
1.16809082
1.11926269
1.10961914
1.11206054
1.11364746
1.11682128
1.12231445
1.16857910
1.16662597
1.15771484
1.12475585
1.10717773
1.11560058
