1.15429687
1.11816406
1.15405273
1.10974121
1.10925292
1.15429687
1.10949707
1.11303710
1.11975097
1.11718750
1.11474609
1.11669921
1.11889648
1.11938476
1.11010742
1.10766601
1.11474609
1.11547851
1.11755371
1.11462402
1.10998535
1.10839843
1.11926269
1.11889648
1.11047363
1.11999511
1.11535644
1.11535644
1.10607910
1.11022949
1.10644531
1.11718750
1.11767578
1.10583496
1.10986328
1.10900878
1.11486816
1.11120605
1.15478515
1.11718750
1.11401367
1.15930175
1.10852050
1.15759277
1.11010742
1.15844726
1.11413574
1.11364746
1.11523437
1.15783691
1.10998535
1.11022949
1.11022949
1.11315917
1.11462402
1.11987304
1.11938476
1.11450195
1.11938476
1.11047363
1.10986328
1.11486816
1.11950683
1.12036132
1.11059570
1.11901855
1.10974121
1.14892578
1.10473632
1.15917968
1.11926269
1.11437988
1.11083984
1.11889648
1.11926269
1.11181640
1.15783691
1.11389160
1.11718750
1.15661621
1.11962890
1.11926269
1.11633300
1.11242675
1.11132812
1.11950683
1.15588378
1.16284179
1.12011718
1.15856933
1.15026855
1.16601562
1.11364746
1.10656738
1.16015625
1.11486816
1.10852050
1.10852050
1.11706542
1.10778808
1.11987304
1.10815429
1.10913085
1.10864257
1.10815429
1.10656738
1.15283203
1.11523437
1.16748046
1.11926269
1.10986328
1.11621093
1.10815429
1.11340332
1.10900878
1.11901855
1.10937500
1.11840820
1.11608886
1.11499023
1.16101074
1.15405273
1.21704101
1.12255859
1.11938476
1.11926269
1.10937500
1.11413574
1.10937500
1.11376953
1.11840820
1.10913085
1.10974121
1.11535644
1.11328125
1.11486816
1.10888671
1.10766601
1.15124511
1.15820312
1.11022949
1.10803222
1.11865234
1.11218261
1.15893554
1.11755371
1.11926269
1.11462402
1.11975097
1.11950683
1.11853027
1.11865234
1.11755371
1.15795898
1.11962890
1.11804199
1.10876464
1.11376953
1.10937500
1.10998535
1.12377929
1.10754394
1.11743164
1.11962890
1.11511230
1.16809082
1.10864257
1.15942382
1.15173339
1.11279296
1.11340332
1.11474609
1.11413574
1.11914062
1.10900878
1.10900878
1.15295410
1.11975097
1.11999511
1.11718750
1.11779785
1.16833496
1.16674804
1.11853027
1.11706542
1.11499023
1.11608886
1.11413574
1.11364746
1.16711425
1.10864257
1.10729980
1.10839843
1.12048339
1.11877441
1.11889648
1.12084960
1.11633300
1.10839843
1.11950683
