1.11047363
1.11389160
1.11621093
1.16833496
1.16210937
1.11694335
1.11169433
1.11694335
1.11608886
1.11755371
1.16162109
1.11315917
1.16186523
1.16308593
1.11364746
1.11340332
1.11950683
1.11352539
1.11877441
1.11755371
1.11791992
1.11877441
1.10876464
1.15966796
1.15893554
1.11901855
1.11254882
1.11914062
1.11169433
1.10791015
1.11865234
1.11975097
1.11853027
1.10925292
1.11950683
1.15893554
1.11950683
1.11718750
1.10998535
1.12219238
1.11511230
1.11791992
1.16833496
1.10900878
1.16381835
1.11108398
1.11352539
1.12170410
1.15710449
1.10815429
1.11584472
1.11999511
1.16369628
1.11889648
1.16809082
1.11425781
1.15869140
1.11352539
1.11547851
1.11108398
1.11718750
1.10913085
1.10754394
1.10986328
1.12121582
1.11975097
1.15441894
1.11279296
1.16259765
1.11340332
1.14819335
1.11938476
1.11730957
1.11499023
1.15844726
1.16760253
1.11352539
1.11340332
1.15246582
1.12011718
1.11328125
1.11840820
1.11975097
1.12084960
1.11267089
1.16833496
1.16882324
1.11804199
1.11071777
1.11364746
1.11877441
1.12341308
1.16394042
1.10607910
1.11840820
1.11743164
1.10876464
1.10925292
1.15490722
1.11279296
1.11352539
1.10998535
1.11914062
1.11401367
1.11120605
1.10876464
1.16186523
1.11413574
1.11340332
1.11511230
1.10852050
1.11511230
1.11987304
1.11523437
1.21826171
1.10693359
1.15856933
1.11499023
1.11340332
1.11218261
1.10864257
1.11376953
1.16821289
1.16174316
1.11364746
1.11376953
1.11816406
1.11218261
1.11828613
1.11962890
1.10595703
1.16333007
1.16210937
1.11328125
1.15820312
1.11364746
1.11340332
1.11279296
1.10998535
1.10900878
1.11254882
1.16040039
1.11877441
1.11816406
1.12023925
1.11340332
1.10986328
1.15734863
1.11840820
1.10766601
1.10961914
1.16906738
1.10742187
1.10864257
1.10522460
1.10913085
1.11389160
1.11608886
1.11437988
1.11865234
1.11950683
1.11145019
1.16833496
1.11730957
1.11840820
1.11425781
1.11840820
1.11425781
1.11853027
1.11889648
1.11340332
1.11926269
1.11914062
1.11926269
1.11914062
1.11523437
1.10900878
1.10949707
1.11267089
1.12280273
1.11047363
1.11767578
1.11865234
1.16723632
1.15747070
1.11303710
1.15832519
1.11901855
1.11743164
1.11267089
1.11901855
1.12023925
1.11474609
1.11413574
1.11242675
1.11987304
1.15295410
1.11425781
1.11596679
1.10778808
