1.11010742
1.15466308
1.14978027
1.15783691
1.11254882
1.11828613
1.11914062
1.11010742
1.10839843
1.11401367
1.11743164
1.12011718
1.11608886
1.11938476
1.11865234
1.11608886
1.11181640
1.11999511
1.11389160
1.10949707
1.11340332
1.11535644
1.11486816
1.11853027
1.15539550
1.10705566
1.11254882
1.11022949
1.11376953
1.10986328
1.11230468
1.11425781
1.11901855
1.10974121
1.11437988
1.15942382
1.11547851
1.11523437
1.11340332
1.15625000
1.12072753
1.11035156
1.11474609
1.11999511
1.11376953
1.11560058
1.16101074
1.11010742
1.11804199
1.11535644
1.12023925
1.11267089
1.12353515
1.11547851
1.13403320
1.15661621
1.15930175
1.11975097
1.11694335
1.11853027
1.10754394
1.15942382
1.11291503
1.15979003
1.11718750
1.11926269
1.12451171
1.11010742
1.11987304
1.11926269
1.11743164
1.10803222
1.11340332
1.10961914
1.11376953
1.11291503
1.11022949
1.15820312
1.15844726
1.15808105
1.10815429
1.11279296
1.10998535
1.10827636
1.11413574
1.11755371
1.15368652
1.15832519
1.11901855
1.11340332
1.11840820
1.10864257
1.21813964
1.11303710
1.11413574
1.11926269
1.11743164
1.11462402
1.11267089
1.10888671
1.11828613
1.10791015
1.15832519
1.15795898
1.11535644
1.12475585
1.15783691
1.15173339
1.11450195
1.11999511
1.11657714
1.11865234
1.15869140
1.16491699
1.11901855
1.10803222
1.11303710
1.11853027
1.11291503
1.11914062
1.10449218
1.10925292
1.11328125
1.15686035
1.15954589
1.11962890
1.11340332
1.11364746
1.15490722
1.11035156
1.11486816
1.15930175
1.16455078
1.11718750
1.12512207
1.11608886
1.11267089
1.15441894
1.10900878
1.11730957
1.12048339
1.12036132
1.11987304
1.11462402
1.11853027
1.11364746
1.11767578
1.11474609
1.11950683
1.11328125
1.11425781
1.11083984
1.15991210
1.11315917
1.11450195
1.11547851
1.11584472
1.11499023
1.11608886
1.15649414
1.10925292
1.11987304
1.10815429
1.11596679
1.11828613
1.16943359
1.10839843
1.11853027
1.16284179
1.11877441
1.11352539
1.11767578
1.11193847
1.16809082
1.11071777
1.11364746
1.11877441
1.11437988
1.16186523
1.11376953
1.11450195
1.12365722
1.11450195
1.10937500
1.15466308
1.11682128
1.11315917
1.11535644
1.11730957
1.15307617
1.15930175
1.15686035
1.11523437
1.15722656
1.11413574
1.10876464
1.11853027
1.11425781
1.21862792
1.15332031
