1.11315917
1.16186523
1.12622070
1.11425781
1.12500000
1.12145996
1.12390136
1.12243652
1.12329101
1.12341308
1.12463378
1.12475585
1.12377929
1.12194824
1.11987304
1.12329101
1.11767578
1.11804199
1.12182617
1.12316894
1.12341308
1.16394042
1.16821289
1.11926269
1.11645507
1.12219238
1.11938476
1.12390136
1.11523437
1.12438964
1.12451171
1.16259765
1.16662597
1.12744140
1.11816406
1.12451171
1.12792968
1.16857910
1.16674804
1.16210937
1.11877441
1.11877441
1.12402343
1.12133789
1.11779785
1.11950683
1.12207031
1.12414550
1.11694335
1.12487792
1.11743164
1.11816406
1.11791992
1.12341308
1.12451171
1.12463378
1.12219238
1.11962890
1.11938476
1.12316894
1.12268066
1.11340332
1.12402343
1.12304687
1.12304687
1.12207031
1.12963867
1.12500000
1.11669921
1.12426757
1.12207031
1.12377929
1.12463378
1.11682128
1.12438964
1.12255859
1.16857910
1.16894531
1.11840820
1.15722656
1.12963867
1.11828613
1.12829589
1.11865234
1.12341308
1.16613769
1.16540527
1.15722656
1.12377929
1.11926269
1.12158203
1.12854003
1.13464355
1.11877441
1.16748046
1.12145996
1.12353515
1.16259765
1.11999511
1.16857910
1.12353515
1.12329101
1.12658691
1.12316894
1.12329101
1.16748046
1.12890625
1.16308593
1.11901855
1.11779785
1.11633300
1.12353515
1.12158203
1.12451171
1.16796875
1.12255859
1.12414550
1.12231445
1.12219238
1.12377929
1.16345214
1.15856933
1.22253417
1.16748046
1.12976074
1.12304687
1.11889648
1.11987304
1.11926269
1.11791992
1.11767578
1.11743164
1.12744140
1.12304687
1.16870117
1.12207031
1.12390136
1.16528320
1.15747070
1.16918945
1.11657714
1.12792968
1.11767578
1.12097167
1.11767578
1.11718750
1.11804199
1.12402343
1.16857910
1.12182617
1.16760253
1.11767578
1.11865234
1.12597656
1.12170410
1.15991210
1.11816406
1.11914062
1.11791992
1.11804199
1.15844726
1.11218261
1.12329101
1.12402343
1.12377929
1.11669921
1.11804199
1.16796875
1.16271972
1.16516113
1.11975097
1.12365722
1.12207031
1.12170410
1.11755371
1.11889648
1.16687011
1.11779785
1.11926269
1.12402343
1.12597656
1.11962890
1.16503906
1.16357421
1.12976074
1.12182617
1.12414550
1.12329101
1.11816406
1.11865234
1.11901855
1.12780761
1.16967773
1.12500000
1.12353515
1.17370605
1.12072753
1.12780761
1.12048339
1.12011718
