1.15502929
1.11437988
1.11450195
1.11328125
1.11474609
1.11743164
1.10681152
1.11279296
1.10693359
1.11437988
1.11206054
1.11376953
1.11022949
1.11474609
1.15515136
1.15917968
1.14990234
1.15869140
1.11303710
1.12207031
1.16015625
1.15649414
1.11340332
1.10925292
1.11926269
1.11901855
1.11230468
1.12133789
1.11413574
1.10864257
1.11389160
1.10620117
1.11523437
1.12133789
1.11035156
1.11486816
1.15905761
1.16992187
1.11767578
1.11779785
1.16320800
1.10876464
1.10974121
1.11828613
1.11340332
1.11169433
1.10803222
1.11694335
1.11340332
1.10961914
1.16833496
1.10974121
1.15844726
1.16345214
1.11376953
1.11291503
1.11328125
1.11328125
1.11230468
1.10839843
1.11987304
1.10827636
1.11413574
1.11254882
1.10900878
1.11853027
1.11743164
1.15283203
1.11364746
1.16687011
1.11291503
1.11804199
1.11303710
1.10791015
1.10827636
1.10778808
1.10791015
1.10852050
1.10839843
1.11926269
1.12487792
1.11804199
1.12414550
1.12036132
1.11169433
1.11865234
1.12109375
1.11938476
1.10620117
1.10815429
1.10937500
1.11804199
1.10913085
1.11425781
1.15979003
1.11425781
1.10925292
1.10803222
1.10632324
1.11291503
1.11889648
1.11437988
1.12426757
1.12292480
1.16369628
1.12023925
1.14697265
1.11975097
1.11376953
1.11303710
1.10815429
1.11206054
1.11389160
1.11328125
1.11975097
1.16381835
1.12329101
1.11352539
1.11511230
1.11193847
1.11596679
1.11621093
1.15344238
1.11376953
1.11462402
1.11486816
1.15612792
1.11865234
1.10791015
1.11267089
1.11560058
1.11535644
1.10986328
1.11364746
1.10864257
1.10961914
1.11425781
1.11572265
1.11340332
1.15905761
1.11315917
1.11352539
1.10925292
1.11206054
1.11474609
1.11401367
1.11450195
1.10864257
1.10900878
1.11901855
1.10986328
1.11926269
1.16381835
1.11401367
1.10876464
1.15783691
1.10791015
1.11901855
1.11853027
1.11938476
1.16418457
1.11364746
1.11169433
1.12011718
1.12036132
1.15869140
1.11303710
1.11840820
1.11914062
1.11608886
1.12036132
1.10998535
1.12011718
1.11254882
1.11975097
1.10961914
1.12060546
1.11059570
1.11364746
1.15710449
1.15454101
1.15441894
1.15466308
1.12011718
1.15942382
1.11950683
1.10803222
1.16003417
1.11889648
1.21875000
1.15881347
1.15917968
1.15820312
1.10815429
1.10815429
1.10852050
1.11657714
1.11828613
1.11450195
1.12194824
