1.27014160
1.27087402
1.26599121
1.27221679
1.27160644
1.27087402
1.27001953
1.26965332
1.27136230
1.26599121
1.27075195
1.26892089
1.27209472
1.27221679
1.26892089
1.27087402
1.27148437
1.27221679
1.27160644
1.27209472
1.27087402
1.27087402
1.27221679
1.26721191
1.26330566
1.25976562
1.25878906
1.26220703
1.26196289
1.26208496
1.26110839
1.26208496
1.25744628
1.26147460
1.26208496
1.26147460
1.26110839
1.26110839
1.26098632
1.26159667
1.26123046
1.25842285
1.26184082
1.26208496
1.25964355
1.26086425
1.26086425
1.26354980
1.26184082
1.25732421
1.26147460
1.26147460
1.26220703
1.26208496
1.26208496
1.25842285
1.25854492
1.26086425
1.26147460
1.26086425
1.26123046
1.26074218
1.25732421
1.26086425
1.25976562
1.26110839
1.26281738
1.26342773
1.25842285
1.26220703
1.26062011
1.26147460
1.26086425
1.26086425
1.26110839
1.26208496
1.25964355
1.26220703
1.25732421
1.26086425
1.25659179
1.26110839
1.26208496
1.26220703
1.26208496
1.26208496
1.25927734
1.25732421
1.25842285
1.26428222
1.26208496
1.26208496
1.26171875
1.26123046
1.26330566
1.26098632
1.26147460
1.25744628
1.25854492
1.26208496
1.26208496
1.26135253
1.26086425
1.26086425
1.25964355
1.26208496
1.26464843
1.26220703
1.25744628
1.26196289
1.25732421
1.26220703
1.25927734
1.26220703
1.26208496
1.25854492
1.26086425
1.26098632
1.26184082
1.26220703
1.26208496
1.26098632
1.26208496
1.26208496
1.26440429
1.26159667
1.25842285
1.26086425
1.25964355
1.26464843
1.26342773
1.26110839
1.26342773
1.26330566
1.25964355
1.26220703
1.26220703
1.26086425
1.26367187
1.26293945
1.26232910
1.26330566
1.26208496
1.26367187
1.26086425
1.26330566
1.26403808
1.25964355
1.26208496
1.26086425
1.25964355
1.26208496
1.26440429
1.25964355
1.26318359
1.26196289
1.26342773
1.26269531
1.26098632
1.26416015
1.26171875
1.26086425
1.26220703
1.26342773
1.26635742
1.26330566
1.26623535
1.26306152
1.26464843
1.26306152
1.26440429
1.26342773
1.26611328
1.26098632
1.26330566
1.26086425
1.26477050
1.26220703
1.26196289
1.26342773
1.26208496
1.26342773
1.26208496
1.25976562
1.26025390
1.26098632
1.26086425
1.26318359
1.26354980
1.26489257
1.26562500
1.25708007
1.26220703
1.26135253
1.26342773
1.26196289
1.26306152
1.26440429
1.26464843
1.26098632
