1.27197265
1.27246093
1.26989746
1.27246093
1.26416015
1.27111816
1.27209472
1.26611328
1.27209472
1.27233886
1.26623535
1.26989746
1.27221679
1.27087402
1.27209472
1.27148437
1.27099609
1.27172851
1.27087402
1.27331542
1.26770019
1.27197265
1.25842285
1.26208496
1.26208496
1.25854492
1.26354980
1.26098632
1.25622558
1.26367187
1.25854492
1.26013183
1.26330566
1.26086425
1.26208496
1.26342773
1.25854492
1.26086425
1.26403808
1.26086425
1.26196289
1.26196289
1.25646972
1.26342773
1.26086425
1.26477050
1.26489257
1.26110839
1.26208496
1.26110839
1.26562500
1.26220703
1.26293945
1.26379394
1.26123046
1.26599121
1.26086425
1.26208496
1.26208496
1.26245117
1.26220703
1.25964355
1.26208496
1.26330566
1.26086425
1.26086425
1.26403808
1.26208496
1.25903320
1.26293945
1.26208496
1.25732421
1.26232910
1.26208496
1.25964355
1.26245117
1.25842285
1.25769042
1.26135253
1.26464843
1.26098632
1.26208496
1.25671386
1.26196289
1.25866699
1.26293945
1.26342773
1.26574707
1.26208496
1.26196289
1.25854492
1.25891113
1.26245117
1.25622558
1.25732421
1.26208496
1.26403808
1.26208496
1.26086425
1.26599121
1.26086425
1.26074218
1.25720214
1.26086425
1.25732421
1.26318359
1.25830078
1.26208496
1.26208496
1.26208496
1.25842285
1.26208496
1.26220703
1.26477050
1.25964355
1.26464843
1.26208496
1.26574707
1.26293945
1.25781250
1.26208496
1.25805664
1.26330566
1.26452636
1.26135253
1.26086425
1.26428222
1.26086425
1.26147460
1.26330566
1.26086425
1.26354980
1.26208496
1.26208496
1.26196289
1.26171875
1.26391601
1.26074218
1.26403808
1.26330566
1.26086425
1.26220703
1.26196289
1.26196289
1.26477050
1.26208496
1.26196289
1.26208496
1.26452636
1.26379394
1.26354980
1.26086425
1.26110839
1.26245117
1.26318359
1.26330566
1.26330566
1.26110839
1.26208496
1.26110839
1.26330566
1.26416015
1.26513671
1.25964355
1.26208496
1.26220703
1.26098632
1.26074218
1.26086425
1.26086425
1.26452636
1.25964355
1.26208496
1.26086425
1.26074218
1.26208496
1.26220703
1.26147460
1.26086425
1.26208496
1.26086425
1.26562500
1.26416015
1.26330566
1.26098632
1.26208496
1.26208496
1.26257324
1.26208496
1.26086425
1.26208496
1.26086425
1.26098632
1.26330566
1.26208496
1.26159667
1.26208496
1.26086425
1.26208496
1.26184082
