1.26220703
1.27099609
1.27209472
1.27111816
1.27087402
1.27099609
1.27209472
1.27221679
1.27209472
1.27099609
1.27087402
1.27099609
1.27148437
1.26965332
1.27099609
1.26965332
1.27087402
1.27148437
1.27087402
1.27209472
1.27221679
1.26611328
1.26220703
1.26550292
1.26220703
1.26098632
1.26110839
1.26147460
1.26208496
1.25976562
1.26147460
1.26147460
1.26220703
1.26342773
1.25610351
1.26098632
1.25952148
1.26110839
1.26208496
1.26208496
1.26208496
1.26159667
1.26086425
1.26208496
1.25964355
1.26208496
1.26196289
1.25976562
1.25939941
1.25964355
1.25976562
1.26208496
1.26110839
1.26208496
1.26220703
1.26086425
1.25952148
1.26196289
1.26086425
1.26550292
1.25610351
1.26098632
1.26196289
1.26342773
1.25732421
1.26733398
1.26098632
1.25744628
1.26171875
1.26123046
1.26098632
1.26220703
1.26013183
1.26220703
1.25964355
1.26208496
1.26110839
1.26367187
1.26208496
1.26208496
1.25964355
1.26293945
1.26208496
1.25976562
1.26098632
1.26086425
1.26135253
1.26086425
1.26098632
1.25732421
1.26477050
1.26086425
1.26196289
1.26196289
1.25964355
1.26208496
1.26330566
1.26110839
1.25854492
1.26086425
1.26220703
1.25854492
1.26074218
1.26098632
1.26452636
1.26342773
1.26220703
1.26379394
1.26208496
1.26464843
1.26330566
1.26086425
1.25720214
1.25854492
1.26086425
1.26098632
1.25939941
1.25744628
1.26208496
1.26086425
1.25732421
1.26086425
1.26220703
1.26037597
1.26208496
1.26208496
1.26086425
1.26196289
1.26135253
1.26220703
1.25976562
1.26220703
1.26098632
1.26208496
1.26208496
1.26208496
1.26086425
1.26220703
1.26330566
1.26086425
1.26184082
1.26171875
1.26123046
1.26208496
1.26318359
1.25964355
1.26208496
1.26354980
1.26330566
1.26464843
1.26086425
1.26208496
1.26196289
1.26098632
1.26220703
1.26171875
1.26086425
1.26086425
1.26110839
1.26147460
1.26123046
1.26098632
1.26196289
1.26196289
1.26208496
1.25964355
1.26098632
1.26513671
1.26452636
1.26220703
1.26464843
1.26379394
1.26354980
1.26464843
1.26330566
1.26538085
1.26208496
1.26110839
1.26208496
1.26220703
1.26123046
1.26257324
1.26342773
1.26452636
1.26477050
1.26477050
1.26489257
1.26330566
1.26501464
1.26208496
1.26098632
1.26086425
1.26098632
1.26208496
1.26208496
1.26354980
1.26342773
1.26098632
1.26684570
1.28002929
