1.27111816
1.27099609
1.27246093
1.26916503
1.26989746
1.27209472
1.27099609
1.26855468
1.27099609
1.27343750
1.26757812
1.27197265
1.27209472
1.27209472
1.27209472
1.27221679
1.27209472
1.27075195
1.27221679
1.26721191
1.27209472
1.27099609
1.27124023
1.26831054
1.26403808
1.26220703
1.26464843
1.26232910
1.26086425
1.25732421
1.25964355
1.26086425
1.26086425
1.26086425
1.25744628
1.26220703
1.25964355
1.26586914
1.26220703
1.26208496
1.26354980
1.26147460
1.25720214
1.26318359
1.26342773
1.26696777
1.26342773
1.26208496
1.25610351
1.26208496
1.26477050
1.25854492
1.26208496
1.25988769
1.26098632
1.25878906
1.26342773
1.26367187
1.26098632
1.26147460
1.26245117
1.26208496
1.26135253
1.26208496
1.26208496
1.25598144
1.25732421
1.26159667
1.26220703
1.26232910
1.26245117
1.26208496
1.25830078
1.26208496
1.25720214
1.26074218
1.26208496
1.26330566
1.26074218
1.26354980
1.26208496
1.26086425
1.26086425
1.26257324
1.26013183
1.25927734
1.26318359
1.26330566
1.25964355
1.25720214
1.26464843
1.26086425
1.26025390
1.26171875
1.26086425
1.26196289
1.26208496
1.26098632
1.26110839
1.26208496
1.26086425
1.26330566
1.26159667
1.26208496
1.26098632
1.26208496
1.25964355
1.26098632
1.26135253
1.26159667
1.26220703
1.25964355
1.26318359
1.26208496
1.26208496
1.26208496
1.25842285
1.26220703
1.26037597
1.26086425
1.25732421
1.26098632
1.26208496
1.25732421
1.26037597
1.26208496
1.26086425
1.26196289
1.26208496
1.26086425
1.26086425
1.26184082
1.25976562
1.26196289
1.26098632
1.26428222
1.25964355
1.26098632
1.26074218
1.25964355
1.26098632
1.26110839
1.26196289
1.26208496
1.26098632
1.26147460
1.26477050
1.26330566
1.26818847
1.26086425
1.26220703
1.26037597
1.26110839
1.26403808
1.26086425
1.26098632
1.26147460
1.26098632
1.26208496
1.26342773
1.26489257
1.26208496
1.26342773
1.26086425
1.26208496
1.25964355
1.26501464
1.26599121
1.26379394
1.26464843
1.26403808
1.26562500
1.26330566
1.26318359
1.26330566
1.26086425
1.26232910
1.26086425
1.26208496
1.26513671
1.26269531
1.26342773
1.26074218
1.26086425
1.26513671
1.26159667
1.26098632
1.26342773
1.26098632
1.26293945
1.26403808
1.26147460
1.26220703
1.26098632
1.26220703
1.26208496
1.26330566
1.26318359
1.26208496
1.26086425
