1.26965332
1.27209472
1.26721191
1.27221679
1.27221679
1.27221679
1.26879882
1.27124023
1.27136230
1.27343750
1.27099609
1.27221679
1.27209472
1.26611328
1.27075195
1.26965332
1.27197265
1.27087402
1.27087402
1.27172851
1.27050781
1.27099609
1.27221679
1.26171875
1.25622558
1.26049804
1.26208496
1.25732421
1.26098632
1.25781250
1.26086425
1.26220703
1.26220703
1.26293945
1.26464843
1.25988769
1.26086425
1.26208496
1.26330566
1.26208496
1.25964355
1.26208496
1.26208496
1.26184082
1.25756835
1.26220703
1.25622558
1.26086425
1.26123046
1.26440429
1.26208496
1.26220703
1.26208496
1.25830078
1.26220703
1.26208496
1.26330566
1.25976562
1.26220703
1.26220703
1.26318359
1.26086425
1.26086425
1.26208496
1.26086425
1.26159667
1.26098632
1.26232910
1.26013183
1.26086425
1.26086425
1.26208496
1.26208496
1.26123046
1.25854492
1.26147460
1.26489257
1.26220703
1.26208496
1.25976562
1.26135253
1.26342773
1.25964355
1.26086425
1.26196289
1.25866699
1.26159667
1.26074218
1.26184082
1.26110839
1.25720214
1.26098632
1.26464843
1.25720214
1.26403808
1.26342773
1.26086425
1.25842285
1.26269531
1.26086425
1.25976562
1.26123046
1.26245117
1.26098632
1.26220703
1.26025390
1.26281738
1.26257324
1.26110839
1.26257324
1.26220703
1.26416015
1.26208496
1.25976562
1.25732421
1.26135253
1.25720214
1.26159667
1.25866699
1.26208496
1.26208496
1.26464843
1.26440429
1.26086425
1.25891113
1.25720214
1.26086425
1.25842285
1.26330566
1.25720214
1.26049804
1.26123046
1.26098632
1.26196289
1.25964355
1.26110839
1.26147460
1.26086425
1.26098632
1.26245117
1.25964355
1.26098632
1.25988769
1.26306152
1.26452636
1.26452636
1.26342773
1.26220703
1.26513671
1.26342773
1.26391601
1.26550292
1.26086425
1.26281738
1.26464843
1.26330566
1.26342773
1.26354980
1.26110839
1.26342773
1.26574707
1.26464843
1.26354980
1.26354980
1.26330566
1.26452636
1.26135253
1.26330566
1.26220703
1.26330566
1.26037597
1.26208496
1.26403808
1.26440429
1.26416015
1.26098632
1.26477050
1.26342773
1.26184082
1.26306152
1.26086425
1.26086425
1.26342773
1.26464843
1.26232910
1.25952148
1.26208496
1.26098632
1.26477050
1.26342773
1.26354980
1.26281738
1.26354980
1.26330566
1.26464843
1.26098632
1.26330566
1.26452636
1.26342773
1.26367187
