1.26965332
1.27148437
1.27197265
1.26745605
1.27209472
1.27209472
1.26977539
1.27221679
1.27087402
1.27209472
1.26635742
1.26672363
1.27099609
1.27209472
1.26733398
1.27087402
1.27221679
1.27099609
1.26599121
1.27209472
1.27087402
1.27209472
1.26330566
1.26452636
1.25378417
1.26367187
1.25732421
1.26208496
1.26208496
1.26098632
1.25744628
1.26196289
1.25720214
1.25976562
1.26159667
1.26086425
1.26220703
1.26123046
1.25842285
1.26098632
1.26171875
1.26086425
1.26208496
1.26037597
1.25793457
1.26208496
1.26208496
1.26208496
1.25915527
1.25988769
1.25732421
1.26135253
1.25964355
1.26086425
1.26196289
1.25964355
1.26220703
1.25744628
1.26208496
1.26098632
1.26208496
1.26220703
1.26220703
1.26074218
1.26208496
1.26086425
1.25854492
1.26208496
1.26086425
1.26086425
1.25964355
1.26220703
1.26098632
1.25720214
1.26318359
1.25744628
1.26086425
1.25793457
1.26220703
1.26098632
1.26220703
1.26318359
1.26220703
1.26232910
1.26086425
1.26000976
1.26196289
1.26086425
1.26208496
1.26098632
1.25842285
1.25830078
1.26245117
1.26220703
1.26220703
1.25732421
1.26477050
1.26196289
1.26135253
1.26159667
1.26416015
1.26098632
1.26330566
1.26428222
1.26147460
1.26562500
1.26098632
1.25781250
1.26196289
1.25817871
1.26086425
1.26123046
1.25634765
1.25952148
1.26110839
1.26098632
1.26196289
1.25732421
1.26049804
1.25537109
1.26074218
1.25891113
1.26208496
1.25720214
1.26147460
1.25976562
1.26220703
1.26098632
1.26330566
1.26452636
1.26342773
1.26086425
1.26110839
1.26074218
1.26086425
1.26086425
1.26208496
1.26477050
1.26098632
1.26208496
1.26098632
1.26953125
1.26086425
1.26208496
1.26098632
1.26171875
1.26220703
1.26208496
1.26281738
1.26477050
1.26440429
1.26477050
1.26086425
1.26330566
1.26208496
1.26086425
1.26074218
1.26220703
1.26416015
1.26477050
1.26098632
1.25964355
1.26171875
1.26489257
1.26220703
1.26501464
1.26477050
1.26452636
1.26086425
1.26220703
1.26489257
1.26342773
1.26342773
1.26452636
1.26086425
1.26086425
1.26196289
1.26074218
1.26464843
1.26208496
1.26416015
1.26208496
1.26330566
1.26123046
1.26342773
1.26208496
1.26086425
1.26318359
1.26135253
1.26367187
1.26086425
1.26281738
1.26171875
1.26330566
1.26086425
1.26293945
1.26086425
1.26074218
1.26281738
1.26208496
