1.27087402
1.27087402
1.26733398
1.27099609
1.27087402
1.27111816
1.27172851
1.27197265
1.27258300
1.26965332
1.27221679
1.27111816
1.27221679
1.27099609
1.27099609
1.27087402
1.27111816
1.27075195
1.27099609
1.27209472
1.27087402
1.27209472
1.26330566
1.25732421
1.26171875
1.25732421
1.26171875
1.26208496
1.25708007
1.26403808
1.25976562
1.25732421
1.25732421
1.26208496
1.26159667
1.26074218
1.26245117
1.25732421
1.26208496
1.26318359
1.26184082
1.26086425
1.25854492
1.26220703
1.26074218
1.26086425
1.25854492
1.26147460
1.26208496
1.26196289
1.26074218
1.25854492
1.25732421
1.26452636
1.25732421
1.26098632
1.25964355
1.26086425
1.26086425
1.26135253
1.26220703
1.26330566
1.26208496
1.26098632
1.26074218
1.26208496
1.26342773
1.26086425
1.25830078
1.26086425
1.26086425
1.26086425
1.25964355
1.26013183
1.25756835
1.26330566
1.25769042
1.26208496
1.25964355
1.25952148
1.26098632
1.26098632
1.26135253
1.26184082
1.25817871
1.26342773
1.26281738
1.26208496
1.26220703
1.26220703
1.26208496
1.26208496
1.25842285
1.26220703
1.26208496
1.25781250
1.26330566
1.26269531
1.26000976
1.26208496
1.25732421
1.26196289
1.26208496
1.26391601
1.25732421
1.26098632
1.25732421
1.26171875
1.26147460
1.25976562
1.26086425
1.26098632
1.26086425
1.26086425
1.25854492
1.26086425
1.26086425
1.26208496
1.26477050
1.25927734
1.26098632
1.26220703
1.25939941
1.26208496
1.25732421
1.26208496
1.26098632
1.26220703
1.26086425
1.26086425
1.26098632
1.26086425
1.26220703
1.26184082
1.26342773
1.26367187
1.26342773
1.26306152
1.25964355
1.25964355
1.26086425
1.26489257
1.26379394
1.26489257
1.26086425
1.26086425
1.26098632
1.26086425
1.26159667
1.26086425
1.26330566
1.26098632
1.25976562
1.26171875
1.26452636
1.26098632
1.26367187
1.26220703
1.25976562
1.26098632
1.26098632
1.26110839
1.26232910
1.26342773
1.26135253
1.26196289
1.26086425
1.26318359
1.26428222
1.26086425
1.26281738
1.26086425
1.26342773
1.26086425
1.26208496
1.26330566
1.26464843
1.26489257
1.26489257
1.26330566
1.26098632
1.26159667
1.26086425
1.26098632
1.26208496
1.26196289
1.26208496
1.26330566
1.26171875
1.25976562
1.26464843
1.26330566
1.26416015
1.26354980
1.26440429
1.26196289
1.26342773
1.26208496
1.26904296
1.26940917
