1.27111816
1.27197265
1.27209472
1.27270507
1.26855468
1.26708984
1.27221679
1.27087402
1.27087402
1.27209472
1.27099609
1.27087402
1.26257324
1.26721191
1.26855468
1.27221679
1.27331542
1.27209472
1.27221679
1.27221679
1.27160644
1.27160644
1.27087402
1.26220703
1.25964355
1.26330566
1.25549316
1.26220703
1.26086425
1.26208496
1.26196289
1.25817871
1.26220703
1.25842285
1.26220703
1.26086425
1.26318359
1.26330566
1.26086425
1.25964355
1.26086425
1.26135253
1.25952148
1.26049804
1.26086425
1.26086425
1.25976562
1.26208496
1.26208496
1.26208496
1.26208496
1.26110839
1.25732421
1.26208496
1.26208496
1.26086425
1.26293945
1.26123046
1.26208496
1.26452636
1.25854492
1.26208496
1.26330566
1.26062011
1.26098632
1.25976562
1.26354980
1.26452636
1.26208496
1.26330566
1.26184082
1.25927734
1.25732421
1.26269531
1.26220703
1.26196289
1.26074218
1.26135253
1.26208496
1.26452636
1.26196289
1.26293945
1.26208496
1.26208496
1.26074218
1.26098632
1.26477050
1.26452636
1.25732421
1.26452636
1.26293945
1.26037597
1.26318359
1.26098632
1.25854492
1.26086425
1.26440429
1.25854492
1.26086425
1.26220703
1.26220703
1.26086425
1.26098632
1.26086425
1.26086425
1.26074218
1.26318359
1.26086425
1.26330566
1.26086425
1.25964355
1.26208496
1.26135253
1.26330566
1.26196289
1.26257324
1.26318359
1.25939941
1.26452636
1.26220703
1.26208496
1.26208496
1.26354980
1.26208496
1.26208496
1.25976562
1.26452636
1.26037597
1.26098632
1.25854492
1.26330566
1.26147460
1.26086425
1.26208496
1.26354980
1.26220703
1.26208496
1.26220703
1.26342773
1.26086425
1.26098632
1.26171875
1.26208496
1.26098632
1.26123046
1.26086425
1.26208496
1.26025390
1.26135253
1.26293945
1.26220703
1.26086425
1.26037597
1.26086425
1.26208496
1.26196289
1.26501464
1.26159667
1.26086425
1.26098632
1.26086425
1.26208496
1.26086425
1.26086425
1.26416015
1.26452636
1.26342773
1.26293945
1.26464843
1.26123046
1.26208496
1.26318359
1.26086425
1.26086425
1.26086425
1.26586914
1.25854492
1.26477050
1.26281738
1.26293945
1.26379394
1.26159667
1.26086425
1.26342773
1.26208496
1.26086425
1.26220703
1.26208496
1.26220703
1.25964355
1.26196289
1.26281738
1.26354980
1.26074218
1.26123046
1.26110839
1.26086425
1.26416015
1.26269531
1.26281738
