1.27099609
1.27172851
1.26855468
1.27172851
1.27099609
1.27148437
1.27221679
1.27099609
1.27209472
1.27209472
1.26989746
1.26977539
1.26843261
1.27221679
1.27099609
1.27136230
1.27001953
1.27087402
1.26843261
1.27026367
1.27099609
1.27087402
1.26196289
1.25781250
1.25964355
1.26342773
1.26074218
1.26098632
1.26208496
1.26159667
1.26098632
1.26281738
1.26232910
1.25732421
1.26098632
1.25842285
1.25854492
1.26098632
1.26196289
1.26159667
1.26184082
1.26208496
1.25976562
1.26342773
1.26208496
1.26208496
1.26086425
1.26098632
1.26220703
1.25732421
1.26086425
1.26098632
1.26318359
1.26098632
1.26074218
1.26086425
1.25805664
1.26208496
1.26220703
1.26098632
1.26208496
1.26147460
1.26293945
1.26086425
1.25854492
1.26110839
1.25476074
1.26171875
1.26208496
1.25744628
1.26184082
1.26196289
1.26086425
1.26086425
1.26098632
1.26220703
1.26220703
1.26086425
1.26208496
1.26135253
1.26184082
1.26086425
1.26074218
1.26000976
1.26220703
1.26171875
1.26110839
1.26196289
1.26721191
1.25781250
1.26098632
1.26098632
1.25720214
1.26208496
1.25744628
1.26208496
1.26086425
1.26147460
1.26196289
1.26086425
1.25976562
1.25866699
1.26208496
1.26098632
1.26220703
1.26086425
1.26110839
1.25854492
1.26220703
1.26208496
1.26171875
1.25744628
1.26354980
1.26086425
1.26208496
1.26086425
1.26208496
1.26086425
1.26074218
1.25732421
1.26110839
1.26208496
1.25732421
1.25964355
1.26147460
1.26196289
1.26147460
1.26208496
1.26208496
1.26208496
1.26220703
1.26281738
1.25976562
1.25976562
1.26220703
1.25964355
1.26171875
1.26086425
1.25988769
1.26342773
1.26354980
1.26354980
1.26208496
1.26208496
1.25976562
1.26098632
1.26086425
1.26208496
1.25976562
1.26196289
1.26220703
1.26208496
1.26208496
1.26086425
1.25964355
1.26159667
1.26086425
1.26220703
1.26208496
1.26159667
1.26208496
1.26098632
1.26208496
1.26098632
1.26184082
1.26086425
1.26379394
1.26220703
1.26184082
1.26220703
1.26086425
1.26330566
1.25964355
1.26171875
1.26196289
1.26147460
1.25964355
1.26098632
1.26208496
1.26196289
1.26171875
1.26208496
1.26208496
1.26171875
1.25976562
1.26086425
1.26086425
1.26220703
1.25976562
1.26098632
1.26464843
1.26184082
1.26342773
1.26379394
1.26342773
1.26403808
1.26220703
1.26330566
1.26220703
1.26306152
