1.01464843
1.01428222
1.01477050
1.01477050
1.01489257
1.01477050
1.01501464
1.01977539
1.02038574
1.02014160
1.01916503
1.02026367
1.01904296
1.02026367
1.01953125
1.01977539
1.02001953
1.01977539
1.01916503
1.02001953
1.02014160
1.02136230
1.02062988
1.02136230
1.01953125
1.01965332
1.02124023
1.02087402
1.02026367
1.02087402
1.02087402
1.02062988
1.01977539
1.02050781
1.01953125
1.02001953
1.02014160
1.02014160
1.02014160
1.02062988
1.01916503
1.02026367
1.02111816
1.02001953
1.02136230
1.02111816
1.02050781
1.02014160
1.02062988
1.02038574
1.02087402
1.02087402
1.02136230
1.02099609
1.02026367
1.01513671
1.01574707
1.01562500
1.01513671
1.01574707
1.01550292
1.01550292
1.01513671
1.01477050
1.01562500
1.01525878
1.01574707
1.01574707
1.01574707
1.01562500
1.01586914
1.01635742
1.01635742
1.01623535
1.01562500
1.01574707
1.01562500
1.01525878
1.01525878
1.01525878
1.01513671
1.00048828
.99658203
.99658203
.99560546
.99682617
.99572753
.99670410
.99609375
.99621582
.99658203
.99694824
.99645996
.99572753
.99670410
.99694824
.99670410
.99621582
.99694824
.99645996
.99633789
.99694824
.99633789
.99609375
.99694824
1.00195312
.99694824
.99597167
.99707031
.99621582
.99694824
.99572753
.99475097
.99475097
.99438476
.99560546
.99536132
.99536132
.99450683
.99536132
.99487304
.99682617
.99414062
.99511718
.99523925
.99401855
.99536132
1.00061035
.99963378
1.00085449
.99536132
.99902343
1.00109863
.99499511
.99914550
.99340820
1.00012207
.99572753
.99963378
.99548339
.99584960
.99487304
1.00036621
.99597167
.99597167
1.00000000
.99499511
.99633789
1.00024414
1.00134277
.99633789
.99877929
1.00109863
.99560546
.99450683
.99572753
1.00012207
1.00073242
.99963378
1.00000000
.99621582
.99926757
.99560546
1.00036621
.99633789
.99963378
.99597167
1.00048828
1.00097656
1.00048828
1.00048828
.99450683
.99560546
.99609375
1.00024414
1.00048828
1.00146484
.99914550
.99633789
1.00085449
1.00073242
1.00000000
1.00048828
1.00048828
.99951171
.99633789
.99633789
.99951171
.99645996
.99633789
.99633789
1.00170898
1.00048828
.99609375
1.00073242
.99597167
.99536132
.99633789
1.00122070
.99645996
