1.01538085
1.01574707
1.01562500
1.01464843
1.01977539
1.02075195
1.02001953
1.01989746
1.02014160
1.02026367
1.02014160
1.01977539
1.02026367
1.02001953
1.02001953
1.01965332
1.02001953
1.02001953
1.01989746
1.02014160
1.01977539
1.02014160
1.02001953
1.01965332
1.02014160
1.01989746
1.02001953
1.02014160
1.01977539
1.01550292
1.01611328
1.01574707
1.01562500
1.01574707
.99633789
.99597167
1.00061035
.99633789
.99572753
.99633789
.99621582
.99633789
.99609375
.99548339
1.00024414
1.00048828
.99914550
.99682617
1.00219726
.99768066
1.00061035
1.00158691
.99963378
1.00097656
.99951171
.99975585
1.00122070
1.00012207
1.00134277
.99389648
.99560546
1.00158691
1.00134277
1.00048828
.99597167
1.00231933
1.00073242
1.00134277
1.00183105
.99951171
.99536132
1.00097656
1.00158691
1.00073242
.99963378
1.00061035
1.00158691
1.00109863
.99645996
.99670410
.99890136
.99694824
.99670410
1.00134277
1.00097656
1.00146484
1.00195312
1.00085449
1.00036621
.99670410
1.00073242
1.00109863
1.00122070
1.00061035
1.00170898
1.00170898
1.00158691
1.00158691
.99975585
1.00158691
1.00170898
.99536132
1.00048828
1.00048828
1.00158691
.99694824
1.00048828
1.00170898
.99670410
1.00048828
1.00231933
1.00146484
.99743652
1.00134277
1.00134277
1.00268554
1.00207519
1.00073242
1.00158691
.99768066
1.00305175
.99816894
.99841308
1.00207519
1.00256347
.99890136
.99877929
.99816894
1.00305175
.99902343
1.00415039
1.00292968
1.00341796
.99841308
.99951171
.99829101
1.00354003
.99877929
1.00378417
.99890136
1.00256347
.99877929
.99914550
.99841308
.99841308
1.00341796
1.00378417
1.00292968
.99816894
.99853515
1.00280761
.99902343
1.00268554
.99865722
.99816894
.99914550
1.00329589
.99890136
1.00048828
.99792480
.99865722
1.00268554
.99902343
.99768066
.99877929
.99877929
.99780273
1.00012207
1.00268554
.99829101
1.00061035
.99804687
.99865722
.99755859
.99865722
.99780273
.99841308
1.00256347
.99902343
.99780273
.99914550
.99743652
.99816894
.99963378
.99853515
.99792480
1.00378417
.99780273
.99853515
.99755859
.99438476
.99816894
.99987792
.99768066
.99035644
.99926757
.99975585
.99670410
.99365234
.99475097
