1.01562500
1.01562500
1.01513671
1.01574707
1.01538085
1.01965332
1.01977539
1.02026367
1.01940917
1.02014160
1.01965332
1.02038574
1.02014160
1.01977539
1.01977539
1.02026367
1.02026367
1.02026367
1.02014160
1.02001953
1.01977539
1.02014160
1.02001953
1.02014160
1.02026367
1.02087402
1.02001953
1.02001953
1.02026367
1.01538085
1.01550292
1.01574707
1.01574707
1.01501464
.99633789
.99584960
.99572753
.99975585
.99633789
.99511718
.99621582
.99523925
.99548339
.99536132
.99548339
.99548339
.99511718
.99536132
.99511718
.99511718
.99511718
.99584960
.99560546
.99633789
.99499511
1.00036621
.99572753
1.00073242
.99938964
1.00183105
1.00354003
1.00024414
1.00195312
1.00354003
1.00292968
1.00170898
1.00170898
1.00354003
1.00146484
1.00329589
1.00097656
1.00146484
1.00048828
1.00134277
1.00329589
1.00146484
1.00231933
1.00073242
.99682617
1.00354003
1.00231933
1.00219726
1.00109863
.99707031
1.00134277
1.00219726
1.00122070
.99694824
1.00061035
1.00231933
.99731445
1.00231933
1.00231933
1.00073242
.99609375
1.00317382
1.00073242
.99731445
.99719238
1.00061035
1.00219726
1.00122070
1.00219726
.99609375
1.00244140
1.00109863
1.00231933
1.00280761
.99780273
1.00146484
.99609375
1.00268554
1.00305175
.99768066
1.00183105
1.00280761
1.00183105
1.00244140
.99780273
1.00170898
1.00305175
.99804687
1.00268554
1.00109863
1.00219726
.99829101
1.00195312
1.00244140
1.00268554
1.00183105
1.00292968
.99829101
1.00146484
1.00268554
1.00268554
1.00158691
1.00268554
.99829101
.99829101
1.00183105
.99670410
.99707031
.99841308
1.00183105
1.00195312
.99816894
1.00256347
1.00219726
.99816894
.99804687
1.00109863
.99670410
1.00244140
.99780273
1.00292968
.99755859
.99755859
.99829101
.99841308
.99792480
1.00231933
.99731445
1.00329589
.99450683
.99682617
.99804687
1.00378417
.99707031
1.00280761
.99670410
1.00305175
.99926757
.99682617
1.00268554
.99731445
1.00354003
1.00292968
1.00256347
1.00305175
.99829101
.99829101
.99816894
.99914550
.99914550
.99414062
.99755859
.99853515
1.00061035
.99792480
.99914550
.99902343
.99829101
.99755859
.99902343
.99792480
.99890136
.99804687
.99829101
.99780273
.99877929
