1.01562500
1.01550292
1.01525878
1.01489257
1.02050781
1.01965332
1.01953125
1.02014160
1.01977539
1.02014160
1.02001953
1.02038574
1.02014160
1.01953125
1.02026367
1.01977539
1.02075195
1.02026367
1.02014160
1.02026367
1.02026367
1.02136230
1.02014160
1.02026367
1.02050781
1.02050781
1.01940917
1.02050781
1.01953125
1.01550292
1.01538085
1.01647949
1.01574707
1.01635742
1.01635742
1.01525878
.99633789
.99609375
.99609375
.99597167
.99584960
.99633789
.99499511
.99548339
1.00207519
.99536132
1.00012207
1.00170898
.99707031
.99682617
.99645996
1.00097656
1.00256347
1.00134277
.99731445
1.00024414
1.00158691
.99707031
.99719238
1.00085449
1.00085449
1.00292968
1.00317382
1.00366210
1.00341796
1.00231933
1.00292968
1.00256347
.99853515
1.00183105
1.00256347
1.00268554
1.00292968
1.00195312
1.00341796
.99816894
1.00170898
1.00305175
1.00317382
.99829101
.99670410
1.00280761
.99804687
1.00170898
1.00207519
1.00207519
.99853515
1.00305175
1.00195312
.99829101
.99841308
1.00354003
1.00231933
1.00244140
1.00268554
1.00256347
1.00231933
1.00317382
.99816894
1.00170898
1.00183105
1.00292968
1.00170898
1.00256347
1.00305175
1.00231933
.99755859
.99865722
.99865722
.99743652
.99792480
1.00244140
1.00341796
.99755859
1.00170898
1.00341796
1.00305175
1.00207519
1.00341796
1.00402832
1.00402832
1.00329589
1.00439453
1.00402832
1.00378417
1.00329589
1.00280761
.99877929
.99804687
1.00390625
1.00402832
1.00317382
.99841308
1.00402832
.99841308
.99829101
.99902343
1.00390625
.99829101
1.00354003
.99816894
1.00427246
.99926757
1.00329589
1.00427246
1.00354003
.99914550
1.00354003
.99877929
.99926757
1.00439453
.99902343
.99853515
1.00439453
.99450683
1.00000000
.99914550
.99975585
.99499511
.99511718
.98999023
.99035644
.99047851
.99060058
.99035644
.99096679
.99084472
.99072265
.99072265
.99047851
.99084472
.98559570
.98535156
.98889160
.99182128
.98828125
.99145507
.98669433
.98681640
.98376464
.98669433
.98657226
.99523925
.99157714
.98596191
1.03515625
.98828125
1.03503417
.99084472
.99035644
.99133300
.99084472
.98608398
.98669433
.99121093
.98669433
.99084472
.99011230
.98583984
.99072265
