1.01538085
1.01574707
1.01538085
1.01428222
1.01513671
1.02026367
1.01977539
1.02001953
1.01977539
1.02001953
1.02026367
1.02050781
1.02038574
1.02014160
1.01940917
1.02026367
1.02038574
1.02026367
1.02001953
1.01965332
1.02014160
1.01989746
1.01965332
1.01965332
1.02014160
1.01965332
1.02014160
1.01965332
1.02014160
1.01574707
1.01562500
1.01574707
1.01574707
1.01513671
.99560546
.99609375
.99536132
.99572753
.99609375
.99572753
.99633789
.99621582
.99633789
.99572753
1.00085449
1.00036621
.99975585
1.00061035
1.00000000
1.00329589
1.00207519
1.00012207
.99731445
1.00134277
1.00134277
1.00390625
1.00024414
1.00280761
.99804687
1.00122070
1.00305175
.99975585
1.00256347
1.00122070
1.00292968
1.00231933
1.00244140
1.00390625
1.00378417
1.00109863
1.00244140
1.00378417
1.00244140
1.00366210
1.00109863
1.00109863
1.00305175
1.00134277
1.00244140
1.00170898
1.00219726
1.00341796
1.00146484
1.00122070
1.00378417
1.00183105
1.00244140
1.00292968
1.00207519
1.00268554
1.00207519
1.00244140
1.00268554
1.00183105
1.00219726
1.00268554
1.00292968
1.00207519
1.00280761
1.00268554
1.00244140
.99829101
1.00256347
1.00183105
1.00195312
1.00354003
1.00231933
1.00231933
.99780273
1.00329589
1.00183105
1.00231933
1.00280761
1.00170898
1.00292968
1.00170898
1.00158691
1.00292968
1.00292968
1.00134277
1.00256347
1.00256347
1.00244140
1.00317382
.99792480
.99804687
1.00207519
1.00292968
1.00268554
1.00280761
1.00305175
1.00231933
1.00280761
1.00341796
1.00231933
1.00244140
1.00292968
1.00231933
1.00256347
1.00341796
1.00268554
1.00317382
1.00256347
1.00244140
.99816894
1.00305175
1.00134277
1.00305175
1.00207519
1.00207519
1.00292968
.99829101
1.00231933
1.00268554
1.00268554
1.00256347
1.00207519
.99792480
.99768066
1.00256347
1.00341796
1.00317382
1.00170898
1.00341796
1.00268554
1.00219726
1.00244140
1.00292968
1.00207519
1.00195312
1.00231933
.99792480
1.00231933
1.00268554
1.00207519
1.00256347
1.00195312
1.00280761
1.00244140
1.00146484
.99792480
1.00146484
.99792480
1.00195312
1.00268554
.99743652
1.00195312
1.00427246
1.00146484
1.00280761
1.00268554
1.00280761
1.00305175
.99780273
.99890136
1.00170898
1.00476074
1.00195312
.99963378
.99365234
