1.01562500
1.01574707
1.02075195
1.02014160
1.02001953
1.02062988
1.01916503
1.02062988
1.02014160
1.01965332
1.02087402
1.02014160
1.01977539
1.01965332
1.02124023
1.02026367
1.01940917
1.01989746
1.01940917
1.02062988
1.02038574
1.02026367
1.02026367
1.02050781
1.02014160
1.01989746
1.02014160
1.01989746
1.01953125
1.02014160
1.01965332
1.01940917
1.02050781
1.02014160
1.02001953
1.02001953
1.02014160
1.02014160
1.02001953
1.02038574
1.02026367
1.01562500
1.01562500
1.01562500
1.01525878
1.01550292
1.01574707
1.02026367
1.01513671
1.01623535
1.01635742
1.01599121
.99682617
.99572753
.99682617
.99658203
.99633789
.99633789
.99548339
.99560546
.99633789
.99633789
.99621582
.99572753
.99914550
.99523925
1.00085449
1.00073242
1.00061035
1.00146484
1.00170898
1.00036621
1.00097656
1.00158691
1.00109863
1.00012207
1.00085449
1.00195312
.99975585
1.00134277
1.00158691
1.00012207
1.00134277
1.00134277
1.00024414
1.00134277
1.00134277
.99975585
1.00036621
1.00109863
1.00146484
1.00146484
1.00268554
1.00195312
1.00183105
1.00207519
1.00268554
.99768066
.99743652
1.00170898
1.00195312
1.00085449
1.00036621
1.00146484
1.00061035
1.00085449
1.00231933
1.00134277
1.00134277
1.00170898
.99731445
1.00158691
.99609375
1.00256347
1.00244140
1.00170898
1.00683593
1.00183105
1.00097656
1.00183105
1.00158691
1.00048828
1.00158691
1.00146484
1.00036621
1.00219726
1.00170898
1.00061035
1.00207519
1.00122070
1.00122070
1.00134277
1.00207519
1.00170898
1.00122070
1.00146484
1.00109863
1.00085449
1.00219726
1.00097656
1.00134277
1.00195312
1.00207519
1.00146484
1.00183105
1.00207519
1.00097656
1.00219726
1.00207519
1.00061035
1.00195312
1.00195312
1.00048828
.99597167
1.00158691
1.00122070
1.00134277
1.00170898
1.00183105
1.00097656
1.00134277
1.00183105
.99719238
1.00207519
1.00244140
1.00134277
1.00109863
1.00158691
1.00231933
1.00085449
1.00109863
1.00207519
1.00170898
1.00244140
1.00134277
1.00134277
1.00122070
1.00231933
.99707031
1.00256347
1.00158691
1.00317382
1.00061035
1.00231933
.99890136
1.00109863
1.00195312
1.00183105
.99743652
1.00317382
.99633789
1.00207519
1.00048828
1.00170898
1.00109863
1.00244140
1.00122070
1.00256347
.99572753
1.00219726
