1.01538085
1.01574707
1.01550292
1.01538085
1.02038574
1.02026367
1.02136230
1.02062988
1.01977539
1.02014160
1.01965332
1.02038574
1.02111816
1.02001953
1.02099609
1.02124023
1.02062988
1.02136230
1.02001953
1.02026367
1.02026367
1.02050781
1.02001953
1.01989746
1.02026367
1.02014160
1.02014160
1.02075195
1.02075195
1.02026367
1.02136230
1.02014160
1.02124023
1.02038574
1.02001953
1.02026367
1.02099609
1.02136230
1.02050781
1.02136230
1.02050781
1.01977539
1.02014160
1.02111816
1.02099609
1.02136230
1.01989746
1.02001953
1.02001953
1.02099609
1.02075195
1.01989746
1.01977539
1.02050781
1.02001953
1.02001953
1.01989746
1.02014160
1.01904296
1.01623535
1.01574707
1.01635742
1.01562500
1.01574707
1.01538085
1.01464843
1.00134277
.99621582
.99633789
.99633789
.99572753
.99560546
.99475097
.99572753
.99511718
.99414062
1.00073242
1.00073242
.99902343
1.00061035
1.00109863
1.00134277
1.00134277
.99926757
1.00097656
1.00048828
1.00085449
.99975585
1.00073242
1.00073242
1.00122070
.99975585
1.00085449
1.00085449
1.00085449
.99975585
1.00109863
1.00012207
1.00146484
.99963378
1.00097656
1.00036621
1.00109863
1.00085449
.99975585
1.00109863
1.00085449
1.00134277
1.00024414
1.00109863
1.00109863
1.00085449
1.00000000
1.00109863
1.00134277
1.00109863
1.00048828
1.00097656
1.00085449
1.00109863
1.00024414
1.00073242
1.00036621
1.00085449
1.00134277
1.00097656
1.00012207
1.00097656
1.00195312
1.00109863
.99707031
1.00048828
1.00146484
.99914550
1.00170898
1.00244140
1.00268554
1.00109863
1.00231933
1.00231933
1.00317382
1.00109863
1.00354003
1.00085449
1.00219726
1.00207519
.99707031
1.00134277
.99731445
1.00207519
1.00329589
1.00207519
1.00073242
1.00195312
1.00244140
.99768066
1.00244140
1.00122070
1.00256347
1.00134277
.99743652
1.00036621
1.00244140
1.00158691
1.00231933
1.00122070
1.00244140
1.00146484
.99707031
1.00195312
1.00366210
1.00170898
.99743652
1.00244140
1.00366210
.99816894
1.00292968
1.00280761
1.00183105
1.00256347
.99841308
.99768066
1.00292968
1.00195312
1.00305175
1.00134277
.99829101
1.00146484
.99841308
1.00219726
.99804687
1.00268554
.99731445
1.00256347
.99804687
1.00280761
.99707031
1.00329589
.99975585
1.00256347
