1.01477050
1.01574707
1.02050781
1.01538085
1.01928710
1.02001953
1.02014160
1.01965332
1.02001953
1.02038574
1.02014160
1.02026367
1.02014160
1.02014160
1.01977539
1.02001953
1.02014160
1.01940917
1.02001953
1.01989746
1.02014160
1.02001953
1.02014160
1.01977539
1.02014160
1.01977539
1.02001953
1.02026367
1.02014160
1.01574707
1.01574707
1.01550292
1.01525878
1.01574707
.99633789
.99633789
.99572753
.99621582
.99597167
.99597167
.99584960
.99584960
.99511718
.99975585
1.00024414
.99865722
.99658203
.99963378
1.00109863
1.00183105
1.00097656
1.00122070
.99975585
1.00231933
1.00158691
1.00024414
.99621582
1.00183105
1.00134277
1.00158691
1.00158691
1.00000000
1.00146484
1.00109863
.99536132
1.00073242
1.00146484
1.00170898
1.00048828
1.00109863
1.00122070
1.00036621
1.00146484
1.00170898
1.00048828
1.00134277
1.00231933
1.00024414
1.00158691
1.00109863
.99548339
1.00207519
1.00183105
1.00048828
.99682617
1.00292968
1.00109863
1.00195312
1.00195312
1.00109863
1.00231933
1.00219726
1.00109863
1.00207519
.99670410
1.00146484
1.00195312
1.00085449
1.00207519
1.00231933
1.00195312
1.00195312
.99816894
1.00317382
1.00134277
1.00354003
1.00024414
1.00256347
1.00292968
1.00158691
1.00305175
1.00036621
1.00183105
1.00097656
1.00256347
.99914550
1.00085449
.99658203
1.00305175
1.00146484
1.00317382
1.00097656
1.00354003
1.00268554
.99719238
1.00329589
1.00146484
1.00341796
1.00378417
1.00268554
.99670410
1.00244140
1.00170898
1.00256347
1.00280761
1.00195312
1.00268554
1.00207519
1.00122070
1.00305175
1.00268554
1.00244140
1.00268554
.99804687
1.00195312
1.00122070
1.00292968
1.00183105
.99780273
.99816894
1.00231933
.99780273
.99743652
.99731445
1.00231933
.99291992
1.00219726
.99816894
1.00024414
1.00305175
.99890136
.99682617
.99853515
.99804687
.99853515
.99792480
.99816894
.99792480
.99853515
.99816894
.99865722
.99731445
.99877929
.99780273
.99877929
.99829101
.99865722
.99816894
.99865722
.99792480
.99804687
.99792480
.99853515
.99804687
.99865722
.99743652
.99841308
.99768066
.99890136
.99865722
.99743652
1.00329589
.99829101
.99707031
.99719238
.99841308
.99792480
.99853515
.99963378
.99890136
