1.01574707
1.01562500
1.01574707
1.01574707
1.02026367
1.02014160
1.02111816
1.02087402
1.02087402
1.02124023
1.02087402
1.02014160
1.02014160
1.02099609
1.02075195
1.02136230
1.01989746
1.02026367
1.02026367
1.02026367
1.02062988
1.02111816
1.02014160
1.02136230
1.02014160
1.02087402
1.02014160
1.02124023
1.02087402
1.02001953
1.02014160
1.02136230
1.02014160
1.01977539
1.02062988
1.02099609
1.02050781
1.01977539
1.02075195
1.02014160
1.02111816
1.02111816
1.02026367
1.02111816
1.01989746
1.02136230
1.02087402
1.02014160
1.02099609
1.01977539
1.02014160
1.02124023
1.02026367
1.01989746
1.02014160
1.02111816
1.02172851
1.02014160
1.02258300
1.02014160
1.02026367
1.02014160
1.02038574
1.01965332
1.02075195
1.02014160
1.01989746
1.01562500
1.01550292
1.01538085
1.01574707
1.01550292
.99572753
.99548339
.99694824
.99682617
.99597167
.99694824
.99633789
.99609375
.99633789
.99694824
.99694824
.99548339
.99548339
.99609375
.99694824
.99633789
.99572753
.99572753
.99584960
.99670410
.99609375
.99694824
.99633789
.99572753
.99633789
.99597167
.99597167
.99584960
.99694824
.99707031
.99694824
.99694824
.99670410
.99804687
.99609375
.99633789
.99719238
.99682617
.99572753
.99597167
.99694824
.99694824
.99694824
.99694824
.99682617
.99597167
.99511718
.99621582
.99511718
.99877929
.99536132
.99487304
.99426269
.99462890
.99487304
.99377441
.99560546
.99487304
.99462890
.99572753
.99633789
1.00000000
.99462890
.99499511
.99511718
.99572753
1.00073242
.99975585
1.00048828
1.00073242
.99487304
1.00097656
.99572753
.99438476
1.00036621
.99609375
1.00012207
1.00048828
.99597167
.99450683
1.00134277
1.00158691
1.00109863
1.00170898
1.00048828
1.00146484
.99462890
1.00073242
1.00158691
.99975585
1.00146484
1.00158691
1.00146484
.99987792
1.00146484
1.00109863
.99951171
1.00073242
1.00146484
.99951171
1.00134277
1.00256347
1.00219726
1.00122070
1.00207519
1.00097656
1.00195312
1.00244140
1.00048828
1.00170898
1.00207519
1.00134277
1.00122070
1.00280761
1.00268554
1.00109863
1.00219726
.99755859
1.00061035
1.00183105
1.00183105
1.00024414
1.00183105
1.00219726
1.00122070
1.00109863
1.00244140
1.00122070
