1.01525878
1.01513671
1.01464843
1.01550292
1.01635742
1.02136230
1.02026367
1.02124023
1.02026367
1.02050781
1.02038574
1.02038574
1.01977539
1.02026367
1.01977539
1.02111816
1.02087402
1.02050781
1.02099609
1.02062988
1.01989746
1.01977539
1.01989746
1.02014160
1.02075195
1.02014160
1.02026367
1.02026367
1.02062988
1.01989746
1.01965332
1.02026367
1.02038574
1.02087402
1.02062988
1.02038574
1.02075195
1.02001953
1.02014160
1.02038574
1.01977539
1.02050781
1.01989746
1.01928710
1.02014160
1.01940917
1.02038574
1.02014160
1.01989746
1.02001953
1.02014160
1.02026367
1.02062988
1.02062988
1.02001953
1.02075195
1.02050781
1.02026367
1.02075195
1.02038574
1.01965332
1.01989746
1.02001953
1.01977539
1.02001953
1.01940917
1.02014160
1.02014160
1.01550292
1.01538085
1.01574707
1.01550292
1.01562500
1.01562500
1.01574707
.99609375
.99584960
.99609375
.99633789
.99621582
.99548339
.99572753
.99523925
.99536132
.99475097
.99475097
.99572753
.99902343
.99511718
.99462890
.99450683
.99499511
.99462890
.99487304
1.00012207
.99572753
.99987792
.99877929
.99414062
.99487304
1.00097656
.99963378
.99401855
1.00085449
.99487304
.99987792
.99389648
.99975585
1.00109863
.99560546
.99841308
.99548339
.99475097
.99829101
.99523925
1.00146484
.99902343
.99536132
.99633789
.99902343
1.00073242
1.00024414
.99914550
1.00036621
1.00061035
.99975585
1.00036621
.99902343
1.00036621
1.00109863
.99926757
1.00012207
1.00061035
.99877929
1.00097656
1.00036621
.99938964
1.00109863
1.00024414
.99975585
1.00061035
1.00061035
.99975585
1.00012207
1.00061035
1.00000000
1.00024414
1.00012207
.99902343
1.00024414
1.00122070
.99975585
1.00012207
1.00000000
1.00134277
1.00048828
1.00097656
1.00109863
1.00109863
.99645996
1.00207519
1.00048828
1.00146484
1.00122070
1.00000000
1.00097656
1.00170898
1.00012207
1.00146484
1.00170898
1.00170898
1.00158691
1.00036621
.99633789
1.00146484
1.00170898
1.00073242
1.00195312
1.00134277
1.00073242
1.00170898
.99694824
1.00219726
.99609375
1.00134277
1.00097656
1.00231933
1.00195312
1.00061035
1.00158691
1.00158691
1.00036621
1.00122070
1.00073242
1.00146484
1.00219726
1.00183105
1.00122070
1.00085449
1.00366210
