1.11462402
1.11230468
1.12072753
1.12036132
1.12231445
1.13708496
1.13818359
1.13830566
1.13464355
1.14282226
1.11987304
1.10510253
1.11926269
1.15063476
1.11828613
1.12207031
1.13928222
1.13928222
1.14160156
1.11621093
1.13769531
1.14245605
1.13500976
1.13940429
1.14416503
1.13745117
1.13964843
1.14111328
1.13745117
1.14416503
1.13757324
1.13012695
1.13745117
1.13830566
1.13977050
1.14050292
1.13757324
1.13684082
1.11975097
1.13427734
1.13061523
1.12145996
1.13940429
1.13171386
1.13977050
1.11804199
1.11938476
1.13537597
1.13940429
1.13818359
1.13854980
1.13952636
1.13903808
1.13500976
1.13867187
1.13183593
1.14599609
1.13415527
1.14038085
1.13903808
1.13903808
1.13916015
1.11926269
1.15722656
1.13439941
1.13598632
1.11926269
1.15014648
1.12182617
1.11926269
1.11499023
1.14111328
1.14111328
1.14172363
1.13122558
1.13854980
1.14477539
1.13720703
1.14245605
1.14660644
1.14172363
1.11853027
1.14721679
1.14624023
1.13916015
1.15295410
1.12548828
1.13916015
1.11889648
1.14013671
1.13696289
1.13891601
1.13867187
1.14147949
1.13793945
1.13964843
1.14257812
1.15307617
1.14306640
1.13842773
1.13757324
1.12976074
1.13757324
1.13818359
1.13952636
1.13134765
1.16174316
1.13879394
1.13354492
1.14001464
1.13928222
1.14343261
1.14208984
1.14038085
1.14025878
1.13647460
1.13598632
1.13732910
1.14111328
1.13342285
1.13244628
1.14147949
1.13586425
1.13671875
1.13769531
1.14538574
1.14184570
1.13854980
1.14416503
1.13671875
1.14099121
1.13085937
1.13696289
1.13830566
1.13806152
1.13403320
1.13879394
1.13842773
1.14050292
1.13500976
1.13415527
1.13476562
1.13549804
1.13928222
1.13879394
1.13500976
1.13806152
1.13684082
1.13830566
1.13903808
1.13562011
1.14196777
1.13940429
1.14343261
1.14245605
1.15844726
1.13391113
1.14074707
1.13549804
1.13330078
1.13989257
1.13110351
1.13793945
1.15795898
1.12792968
1.14416503
1.13781738
1.13769531
1.13720703
1.11791992
1.11730957
1.11791992
1.13232421
1.11621093
1.14575195
1.13806152
1.14147949
1.13769531
1.13842773
1.14111328
1.14196777
1.14587402
1.14440917
1.13464355
1.14062500
1.12854003
1.13476562
1.13745117
1.13708496
1.14147949
1.13745117
1.13830566
1.15771484
1.13928222
1.14172363
1.13732910
1.13818359
1.12854003
1.14013671
1.13574218
