1.13171386
1.14514160
1.14086914
1.13049316
1.13464355
1.14123535
1.14440917
1.11999511
1.13891601
1.13879394
1.14050292
1.11804199
1.14331054
1.13635253
1.14392089
1.12646484
1.12878417
1.13769531
1.14404296
1.13806152
1.13867187
1.13903808
1.13903808
1.13403320
1.14477539
1.14245605
1.07165527
1.16235351
1.11889648
1.14624023
1.13842773
1.11901855
1.13903808
1.14147949
1.14086914
1.11914062
1.13757324
1.13928222
1.14367675
1.13903808
1.13989257
1.13952636
1.13940429
1.14038085
1.13403320
1.12927246
1.13757324
1.14111328
1.13867187
1.14074707
1.16271972
1.13439941
1.13879394
1.13403320
1.11791992
1.12268066
1.13183593
1.13244628
1.14294433
1.13806152
1.13623046
1.11877441
1.11828613
1.12524414
1.13989257
1.13769531
1.15270996
1.13732910
1.13269042
1.13879394
1.13500976
1.14355468
1.13879394
1.14062500
1.14282226
1.13916015
1.14099121
1.13317871
1.13745117
1.13854980
1.13806152
1.11926269
1.14343261
1.14355468
1.11450195
1.16674804
1.13891601
1.12939453
1.13903808
1.16113281
1.13708496
1.14038085
1.14050292
1.13732910
1.13391113
1.12036132
1.11999511
1.13916015
1.13830566
1.14440917
1.14416503
1.13378906
1.13842773
1.13684082
1.13879394
1.13793945
1.13574218
1.13867187
1.14038085
1.14013671
1.14270019
1.13964843
1.14746093
1.12817382
1.14233398
1.13842773
1.13366699
1.13525390
1.13403320
1.13903808
1.14001464
1.13830566
1.13842773
1.13952636
1.13415527
1.13806152
1.13867187
1.13793945
1.13745117
1.13708496
1.14599609
1.13708496
1.13024902
1.13806152
1.13818359
1.13842773
1.13635253
1.14270019
1.12866210
1.14208984
1.13842773
1.13879394
1.13134765
1.14453125
1.13574218
1.14038085
1.11682128
1.14123535
1.13122558
1.13708496
1.13916015
1.14135742
1.13903808
1.13867187
1.13745117
1.13903808
1.13659667
1.13879394
1.13830566
1.13903808
1.13854980
1.13989257
1.12841796
1.13623046
1.13256835
1.13842773
1.12390136
1.12695312
1.13085937
1.13757324
1.13842773
1.13574218
1.13903808
1.11975097
1.14404296
1.13659667
1.13830566
1.14111328
1.13696289
1.13867187
1.14111328
1.13671875
1.13085937
1.14587402
1.13769531
1.13732910
1.13928222
1.13952636
1.13415527
1.13867187
1.13513183
1.13598632
1.13586425
1.13293457
1.13732910
1.13330078
1.13732910
1.13342285
1.13952636
1.13110351
