1.13854980
1.13830566
1.14074707
1.14416503
1.14184570
1.13879394
1.12780761
1.13574218
1.13745117
1.14111328
1.14208984
1.14196777
1.13745117
1.13732910
1.13952636
1.13500976
1.13684082
1.13842773
1.13952636
1.14184570
1.13952636
1.14074707
1.13452148
1.15014648
1.13647460
1.15588378
1.13781738
1.13696289
1.13427734
1.13586425
1.13464355
1.13818359
1.12792968
1.12915039
1.13195800
1.14038085
1.14282226
1.12036132
1.13916015
1.11877441
1.11950683
1.11987304
1.13916015
1.13659667
1.12951660
1.15881347
1.14355468
1.14123535
1.14123535
1.11755371
1.12377929
1.12121582
1.12145996
1.13757324
1.13562011
1.14428710
1.13903808
1.14184570
1.13916015
1.13330078
1.13879394
1.12048339
1.11071777
1.12158203
1.11816406
1.14135742
1.13647460
1.14013671
1.13183593
1.13977050
1.14404296
1.13391113
1.14160156
1.14123535
1.13867187
1.13806152
1.13708496
1.14099121
1.13891601
1.13867187
1.11901855
1.12329101
1.13867187
1.12707519
1.13769531
1.14099121
1.14196777
1.13500976
1.14074707
1.13793945
1.13403320
1.13256835
1.13269042
1.14099121
1.13098144
1.14221191
1.14453125
1.14062500
1.14147949
1.11462402
1.13952636
1.14050292
1.13818359
1.12402343
1.13952636
1.12670898
1.13635253
1.14038085
1.13513183
1.13867187
1.14538574
1.14062500
1.14245605
1.14111328
1.14025878
1.14160156
1.14392089
1.14025878
1.13757324
1.13745117
1.14208984
1.13928222
1.14086914
1.13977050
1.13854980
1.13830566
1.13732910
1.12512207
1.13757324
1.13415527
1.13806152
1.13854980
1.13037109
1.14367675
1.13879394
1.13684082
1.13281250
1.13671875
1.13659667
1.13903808
1.13891601
1.13244628
1.14538574
1.13903808
1.15808105
1.13903808
1.13745117
1.13745117
1.13488769
1.14196777
1.13781738
1.12658691
1.14331054
1.13842773
1.13989257
1.14074707
1.14086914
1.13854980
1.13842773
1.13928222
1.15625000
1.13732910
1.13720703
1.13842773
1.13012695
1.13720703
1.13818359
1.14208984
1.13049316
1.14404296
1.13195800
1.14013671
1.13647460
1.13781738
1.14245605
1.13891601
1.13513183
1.13635253
1.13256835
1.13293457
1.13793945
1.14099121
1.13891601
1.14270019
1.14123535
1.14208984
1.13586425
1.13354492
1.13330078
1.13867187
1.13879394
1.12841796
1.13159179
1.13366699
1.15405273
1.13879394
1.16113281
1.13647460
1.11828613
1.12426757
