1.11206054
1.13488769
1.13769531
1.12744140
1.14489746
1.13244628
1.14172363
1.13977050
1.14672851
1.14062500
1.14465332
1.13317871
1.14111328
1.13037109
1.13842773
1.13586425
1.10498046
1.14074707
1.19812011
1.12194824
1.13830566
1.16235351
1.14086914
1.14379882
1.13793945
1.13647460
1.14147949
1.14440917
1.13854980
1.13891601
1.14099121
1.13244628
1.13549804
1.13000488
1.14477539
1.13916015
1.13928222
1.13671875
1.13623046
1.13696289
1.12133789
1.12158203
1.13415527
1.13317871
1.14294433
1.13891601
1.13793945
1.13989257
1.14160156
1.13488769
1.13903808
1.14074707
1.13757324
1.13928222
1.12487792
1.14514160
1.13220214
1.14086914
1.13623046
1.14135742
1.12915039
1.14160156
1.13928222
1.11096191
1.13281250
1.13903808
1.13513183
1.15710449
1.13696289
1.13806152
1.12036132
1.13769531
1.14196777
1.13159179
1.14355468
1.13806152
1.13964843
1.13842773
1.14379882
1.14184570
1.13977050
1.13610839
1.13745117
1.12854003
1.14099121
1.13696289
1.13903808
1.13903808
1.12890625
1.14318847
1.16406250
1.13830566
1.13867187
1.13818359
1.13854980
1.13916015
1.13781738
1.12451171
1.14318847
1.13830566
1.11962890
1.11743164
1.15856933
1.13439941
1.14550781
1.12329101
1.14318847
1.14172363
1.14526367
1.14196777
1.13818359
1.13842773
1.13439941
1.14111328
1.11401367
1.15197753
1.12573242
1.11071777
1.14099121
1.14392089
1.12231445
1.13806152
1.14147949
1.14135742
1.13647460
1.13488769
1.14526367
1.13842773
1.13830566
1.10705566
1.12060546
1.13452148
1.13916015
1.15515136
1.15673828
1.14062500
1.13781738
1.13647460
1.13940429
1.13403320
1.13952636
1.14099121
1.14025878
1.13842773
1.15576171
1.14355468
1.13769531
1.13769531
1.14111328
1.13073730
1.13781738
1.13586425
1.14001464
1.14135742
1.14428710
1.12988281
1.14160156
1.14147949
1.13830566
1.13903808
1.13488769
1.13745117
1.13769531
1.13793945
1.13879394
1.13842773
1.13745117
1.13256835
1.13793945
1.13842773
1.14672851
1.12780761
1.13171386
1.12939453
1.13708496
1.14074707
1.14196777
1.13769531
1.13354492
1.14013671
1.13940429
1.13793945
1.13745117
1.13757324
1.13781738
1.14343261
1.13745117
1.14343261
1.13781738
1.13952636
1.13903808
1.13818359
1.13745117
1.13391113
1.13610839
1.13842773
1.13964843
1.13232421
1.13745117
1.14147949
