1.13378906
1.14038085
1.14147949
1.14172363
1.12133789
1.14001464
1.13745117
1.13940429
1.13293457
1.13342285
1.13623046
1.13500976
1.13305664
1.12854003
1.13281250
1.13867187
1.13439941
1.13195800
1.13745117
1.13964843
1.14025878
1.13903808
1.13879394
1.12902832
1.13940429
1.13549804
1.13708496
1.13696289
1.13769531
1.14343261
1.14099121
1.13513183
1.13879394
1.13671875
1.13574218
1.13879394
1.13940429
1.14147949
1.13623046
1.14428710
1.14062500
1.13745117
1.13867187
1.13842773
1.13916015
1.13952636
1.13867187
1.13818359
1.15295410
1.13879394
1.13928222
1.14367675
1.13732910
1.13317871
1.13208007
1.14184570
1.13537597
1.13464355
1.13916015
1.13891601
1.15954589
1.11999511
1.14257812
1.12158203
1.13793945
1.12377929
1.13623046
1.12841796
1.12255859
1.14111328
1.12866210
1.13305664
1.13427734
1.13354492
1.14123535
1.12304687
1.13903808
1.13659667
1.13806152
1.14404296
1.13818359
1.14184570
1.14062500
1.13684082
1.13867187
1.14038085
1.13635253
1.14172363
1.13952636
1.13354492
1.13452148
1.13256835
1.13256835
1.14721679
1.13208007
1.13500976
1.13220214
1.12683105
1.13928222
1.14086914
1.11914062
1.12109375
1.13562011
1.13281250
1.12316894
1.15893554
1.13830566
1.13464355
1.13659667
1.13879394
1.13818359
1.13720703
1.13964843
1.13842773
1.15307617
1.13354492
1.13879394
1.13366699
1.13867187
1.12890625
1.14086914
1.13793945
1.13842773
1.13610839
1.13684082
1.13977050
1.13854980
1.13867187
1.13891601
1.13769531
1.13842773
1.13818359
1.13879394
1.14062500
1.11962890
1.13623046
1.13415527
1.14392089
1.14172363
1.13769531
1.13439941
1.13818359
1.13781738
1.13842773
1.13842773
1.14282226
1.13537597
1.15551757
1.13964843
1.13549804
1.13842773
1.13916015
1.13769531
1.14123535
1.13916015
1.14086914
1.13562011
1.13110351
1.13891601
1.14367675
1.13378906
1.13671875
1.13842773
1.13891601
1.14489746
1.13781738
1.15686035
1.13610839
1.13232421
1.13159179
1.14477539
1.13757324
1.13867187
1.13842773
1.13952636
1.13818359
1.12768554
1.13574218
1.13891601
1.13635253
1.12695312
1.13964843
1.13195800
1.13781738
1.13684082
1.13317871
1.13806152
1.15136718
1.13439941
1.13940429
1.14550781
1.12585449
1.13720703
1.13659667
1.13806152
1.13781738
1.13391113
1.13867187
1.13330078
1.13635253
