1.14929199
1.13488769
1.13830566
1.13903808
1.13891601
1.13830566
1.13928222
1.13256835
1.13439941
1.13488769
1.13708496
1.13928222
1.13842773
1.13964843
1.14697265
1.13708496
1.14440917
1.14624023
1.14038085
1.12939453
1.13940429
1.13562011
1.12426757
1.14208984
1.13977050
1.13513183
1.14294433
1.13537597
1.14099121
1.13549804
1.14233398
1.13403320
1.13769531
1.13378906
1.13574218
1.13916015
1.13012695
1.13903808
1.13391113
1.14086914
1.13952636
1.14270019
1.13525390
1.13793945
1.13659667
1.13818359
1.13916015
1.13842773
1.14404296
1.13940429
1.13928222
1.14135742
1.13964843
1.12878417
1.13647460
1.12915039
1.12768554
1.13903808
1.11901855
1.12426757
1.13903808
1.14318847
1.13977050
1.13537597
1.13903808
1.14343261
1.13806152
1.12890625
1.13732910
1.13391113
1.13073730
1.13757324
1.13708496
1.13476562
1.14404296
1.13842773
1.13879394
1.13073730
1.14282226
1.12768554
1.14294433
1.13818359
1.14074707
1.13854980
1.13903808
1.13537597
1.13159179
1.14147949
1.11877441
1.13732910
1.13818359
1.14086914
1.14123535
1.12402343
1.11901855
1.12402343
1.11901855
1.11853027
1.14208984
1.14172363
1.13903808
1.11853027
1.11779785
1.13403320
1.13854980
1.13439941
1.14038085
1.14355468
1.13537597
1.13928222
1.13549804
1.13549804
1.13867187
1.14160156
1.14343261
1.14038085
1.13708496
1.13903808
1.14538574
1.13037109
1.13781738
1.14245605
1.14123535
1.13781738
1.14257812
1.13610839
1.13818359
1.13867187
1.13903808
1.14135742
1.13244628
1.11865234
1.13598632
1.13366699
1.13818359
1.12585449
1.13903808
1.14038085
1.14440917
1.13793945
1.13366699
1.13977050
1.13940429
1.12841796
1.14001464
1.13818359
1.13305664
1.13330078
1.14013671
1.14099121
1.13830566
1.13891601
1.13354492
1.14111328
1.13732910
1.13793945
1.13781738
1.13793945
1.12878417
1.13867187
1.12939453
1.14208984
1.13891601
1.13793945
1.13708496
1.14013671
1.12048339
1.13623046
1.12548828
1.13439941
1.13305664
1.13256835
1.13720703
1.13806152
1.13989257
1.14221191
1.15747070
1.13659667
1.13745117
1.13903808
1.13793945
1.13793945
1.13891601
1.13720703
1.13769531
1.13366699
1.13769531
1.13586425
1.13427734
1.14050292
1.14221191
1.14221191
1.13757324
1.14538574
1.12988281
1.13244628
1.14367675
1.13830566
1.13757324
1.13220214
