1.14111328
1.13598632
1.12512207
1.13342285
1.13818359
1.13330078
1.14025878
1.12963867
1.11962890
1.13903808
1.13867187
1.13940429
1.13732910
1.14685058
1.13476562
1.13476562
1.13940429
1.13903808
1.13793945
1.11962890
1.12011718
1.13330078
1.13940429
1.13769531
1.13769531
1.14514160
1.13928222
1.14062500
1.12451171
1.11804199
1.13879394
1.12939453
1.13879394
1.13464355
1.13195800
1.13598632
1.12939453
1.13903808
1.14074707
1.13830566
1.13818359
1.14233398
1.13427734
1.14086914
1.13916015
1.13439941
1.13940429
1.12841796
1.13781738
1.13842773
1.13903808
1.13903808
1.13867187
1.12963867
1.14196777
1.11877441
1.15991210
1.13818359
1.13867187
1.13793945
1.13635253
1.13574218
1.13977050
1.13708496
1.11999511
1.12109375
1.12036132
1.11962890
1.12487792
1.13830566
1.14172363
1.13415527
1.13940429
1.13867187
1.13208007
1.14306640
1.11730957
1.11950683
1.13659667
1.12182617
1.14208984
1.11938476
1.14306640
1.13513183
1.13024902
1.13647460
1.13989257
1.13305664
1.13854980
1.13781738
1.13427734
1.13610839
1.13366699
1.14855957
1.13781738
1.13842773
1.14160156
1.13818359
1.13378906
1.13769531
1.13623046
1.11865234
1.13488769
1.13378906
1.13745117
1.13879394
1.14013671
1.13708496
1.13769531
1.11816406
1.11926269
1.13854980
1.13879394
1.12292480
1.14001464
1.14062500
1.13732910
1.13098144
1.14001464
1.13720703
1.14099121
1.13732910
1.14294433
1.15649414
1.13757324
1.14257812
1.13671875
1.13452148
1.13818359
1.13842773
1.13732910
1.13305664
1.13903808
1.13525390
1.13842773
1.13623046
1.13562011
1.14099121
1.13427734
1.14550781
1.14147949
1.13342285
1.13842773
1.13757324
1.12695312
1.16784667
1.13916015
1.13818359
1.13745117
1.14233398
1.14160156
1.13439941
1.12829589
1.13732910
1.12951660
1.12976074
1.14257812
1.13146972
1.14318847
1.13842773
1.13623046
1.13806152
1.14331054
1.13842773
1.13342285
1.11914062
1.12377929
1.12402343
1.15734863
1.13586425
1.13891601
1.15112304
1.13696289
1.14123535
1.13745117
1.13574218
1.13024902
1.11889648
1.12634277
1.12072753
1.13854980
1.13793945
1.13720703
1.13684082
1.14367675
1.13110351
1.13879394
1.13842773
1.13830566
1.13916015
1.13610839
1.16088867
1.13330078
1.14135742
1.13562011
1.13708496
1.14135742
1.13732910
1.13867187
1.13427734
