1.13562011
1.13439941
1.13769531
1.13732910
1.13964843
1.13818359
1.13647460
1.13476562
1.14465332
1.13464355
1.13977050
1.13122558
1.14062500
1.13745117
1.13391113
1.13903808
1.11999511
1.12194824
1.13696289
1.13745117
1.13000488
1.15063476
1.12011718
1.13989257
1.13342285
1.13256835
1.13208007
1.13403320
1.13964843
1.14123535
1.14038085
1.13745117
1.13146972
1.13867187
1.13439941
1.13732910
1.14038085
1.13830566
1.14074707
1.14196777
1.14038085
1.13842773
1.13964843
1.13916015
1.14196777
1.13854980
1.14123535
1.11962890
1.11975097
1.11511230
1.13952636
1.12048339
1.13110351
1.11962890
1.13867187
1.13903808
1.14562988
1.13574218
1.11901855
1.11962890
1.11962890
1.12487792
1.13610839
1.13928222
1.13586425
1.14318847
1.13024902
1.10583496
1.13562011
1.11840820
1.11865234
1.13928222
1.11950683
1.11938476
1.12011718
1.13879394
1.14404296
1.13891601
1.14636230
1.15722656
1.14135742
1.13830566
1.13903808
1.13989257
1.13745117
1.14331054
1.14013671
1.15112304
1.12084960
1.12390136
1.13586425
1.12426757
1.13012695
1.13891601
1.13854980
1.13330078
1.13281250
1.13903808
1.13903808
1.13696289
1.13830566
1.14221191
1.13928222
1.14086914
1.12780761
1.13354492
1.13940429
1.14367675
1.13208007
1.13708496
1.13867187
1.13012695
1.14355468
1.13879394
1.14648437
1.13708496
1.12768554
1.13220214
1.13842773
1.13769531
1.13818359
1.13623046
1.16308593
1.13146972
1.12377929
1.13793945
1.13366699
1.13842773
1.13818359
1.13830566
1.13281250
1.14123535
1.12817382
1.13842773
1.13806152
1.14257812
1.13269042
1.12866210
1.14135742
1.13391113
1.13269042
1.13464355
1.13854980
1.13806152
1.11889648
1.13928222
1.13488769
1.13000488
1.14038085
1.14440917
1.13903808
1.14343261
1.14392089
1.13940429
1.13903808
1.14282226
1.12023925
1.12194824
1.13427734
1.13928222
1.13195800
1.11865234
1.12438964
1.13684082
1.13757324
1.16284179
1.13281250
1.13696289
1.13769531
1.13732910
1.12646484
1.14038085
1.13366699
1.13842773
1.14245605
1.13574218
1.13818359
1.13830566
1.13867187
1.13854980
1.13781738
1.13964843
1.13989257
1.09521484
1.12121582
1.13940429
1.14233398
1.14709472
1.11901855
1.13598632
1.14367675
1.13122558
1.14501953
1.13793945
1.14196777
1.14135742
1.14379882
1.16149902
1.13806152
1.14270019
