1.13745117
1.11926269
1.13903808
1.13879394
1.13110351
1.14465332
1.13647460
1.11999511
1.14318847
1.13769531
1.13781738
1.13244628
1.14868164
1.14013671
1.12304687
1.11828613
1.11975097
1.12060546
1.13378906
1.11987304
1.13940429
1.13830566
1.13940429
1.14147949
1.12341308
1.13671875
1.13342285
1.13696289
1.13671875
1.13977050
1.13208007
1.12011718
1.13916015
1.13903808
1.12243652
1.12243652
1.13537597
1.13000488
1.14392089
1.13366699
1.13903808
1.14172363
1.13879394
1.12976074
1.12182617
1.12609863
1.11828613
1.11779785
1.13793945
1.13171386
1.13464355
1.14013671
1.13928222
1.14135742
1.13842773
1.16784667
1.13342285
1.13842773
1.13696289
1.13720703
1.13952636
1.13574218
1.14636230
1.13061523
1.14282226
1.13842773
1.13562011
1.13037109
1.14660644
1.13659667
1.14172363
1.13745117
1.13879394
1.12829589
1.13586425
1.13769531
1.14245605
1.14318847
1.13903808
1.14587402
1.14270019
1.13891601
1.13916015
1.14233398
1.12304687
1.13964843
1.13708496
1.13769531
1.13952636
1.13757324
1.13415527
1.11865234
1.13867187
1.13781738
1.14160156
1.13952636
1.13439941
1.13403320
1.13562011
1.13806152
1.13867187
1.12109375
1.13134765
1.13879394
1.11889648
1.11926269
1.13879394
1.13574218
1.13842773
1.13793945
1.13562011
1.13366699
1.13378906
1.13867187
1.14440917
1.13500976
1.12805175
1.13439941
1.13854980
1.13598632
1.16174316
1.13891601
1.11828613
1.12255859
1.13854980
1.13830566
1.13696289
1.13769531
1.12255859
1.13208007
1.13720703
1.14624023
1.13159179
1.14013671
1.15930175
1.14074707
1.14001464
1.14257812
1.13867187
1.13647460
1.14282226
1.14514160
1.14050292
1.14331054
1.13916015
1.13977050
1.14282226
1.13916015
1.12976074
1.14172363
1.13659667
1.13244628
1.13854980
1.13745117
1.13891601
1.15722656
1.14038085
1.13903808
1.14025878
1.13793945
1.13757324
1.14404296
1.13806152
1.14172363
1.13745117
1.13830566
1.13818359
1.12988281
1.14001464
1.13781738
1.13732910
1.13769531
1.13928222
1.13354492
1.13134765
1.13879394
1.13854980
1.13867187
1.14245605
1.15673828
1.13562011
1.13525390
1.13842773
1.14038085
1.13879394
1.13781738
1.14086914
1.13537597
1.14306640
1.13842773
1.14111328
1.13403320
1.12939453
1.13745117
1.13745117
1.13806152
1.13781738
1.13867187
1.13842773
1.13610839
