1.15844726
1.14062500
1.13830566
1.13818359
1.13928222
1.13537597
1.13696289
1.13269042
1.13647460
1.13623046
1.13598632
1.13757324
1.12585449
1.13659667
1.13330078
1.13916015
1.13378906
1.12670898
1.14404296
1.14428710
1.13989257
1.15734863
1.13916015
1.13940429
1.13952636
1.12561035
1.13903808
1.14514160
1.13623046
1.12011718
1.13427734
1.11743164
1.11730957
1.13696289
1.12829589
1.13879394
1.13623046
1.13854980
1.11962890
1.13867187
1.13916015
1.14099121
1.11999511
1.11962890
1.13891601
1.14575195
1.14038085
1.12768554
1.11022949
1.13879394
1.13562011
1.14489746
1.14392089
1.14282226
1.13952636
1.13940429
1.13891601
1.14074707
1.13916015
1.13696289
1.14233398
1.16101074
1.13879394
1.14331054
1.14233398
1.14172363
1.14453125
1.13769531
1.13891601
1.15478515
1.14379882
1.13830566
1.12939453
1.13879394
1.14013671
1.13513183
1.15637207
1.13525390
1.12084960
1.11962890
1.11962890
1.12304687
1.15588378
1.12158203
1.14147949
1.13781738
1.13928222
1.14257812
1.13818359
1.13903808
1.13659667
1.13452148
1.13525390
1.13537597
1.13635253
1.13439941
1.14184570
1.13842773
1.13854980
1.13891601
1.13708496
1.14196777
1.14147949
1.13818359
1.14123535
1.13879394
1.13964843
1.13903808
1.14038085
1.13879394
1.13916015
1.14135742
1.14257812
1.13989257
1.13159179
1.13598632
1.13879394
1.12597656
1.13720703
1.13513183
1.13806152
1.13916015
1.13781738
1.14038085
1.13952636
1.13647460
1.14379882
1.14343261
1.13854980
1.13891601
1.13879394
1.13183593
1.13623046
1.14367675
1.13928222
1.13708496
1.13842773
1.13647460
1.13781738
1.13317871
1.14038085
1.14270019
1.14184570
1.13952636
1.13403320
1.13830566
1.13903808
1.13293457
1.13830566
1.11914062
1.12866210
1.06958007
1.11901855
1.07080078
1.15661621
1.14013671
1.11877441
1.13574218
1.13903808
1.13940429
1.13757324
1.13867187
1.14038085
1.13781738
1.13842773
1.13903808
1.13769531
1.13793945
1.13940429
1.13854980
1.13952636
1.14477539
1.14062500
1.13183593
1.14111328
1.13806152
1.13854980
1.13684082
1.13732910
1.13574218
1.14196777
1.13708496
1.13854980
1.13305664
1.13842773
1.13708496
1.13769531
1.12951660
1.13696289
1.13806152
1.13940429
1.13525390
1.13610839
1.13720703
1.14624023
1.13769531
1.13854980
1.13647460
1.13647460
1.13378906
