1.13012695
1.13012695
1.13623046
1.13574218
1.13574218
1.13549804
1.13037109
1.13635253
1.13342285
1.13586425
1.13012695
1.13598632
1.14086914
1.13574218
1.13000488
1.13562011
1.13623046
1.13159179
1.13635253
1.13647460
1.13049316
1.13635253
1.13061523
1.13598632
1.13513183
1.13085937
1.13537597
1.13513183
1.13500976
1.13562011
1.13586425
1.13610839
1.13500976
1.13513183
1.13562011
1.13586425
1.13586425
1.14025878
1.13549804
1.13525390
1.13464355
1.13623046
1.13134765
1.13476562
1.13635253
1.13549804
1.13598632
1.13549804
1.13586425
1.13403320
1.13635253
1.14038085
1.13513183
1.13635253
1.13525390
1.13061523
1.13488769
1.12988281
1.13134765
1.13476562
1.14074707
1.13562011
1.13635253
1.13525390
1.13012695
1.13549804
1.13464355
1.13525390
1.13964843
1.13684082
1.13598632
1.13500976
1.13549804
1.12976074
1.13623046
1.13574218
1.13464355
1.13427734
1.13476562
1.13134765
1.12963867
1.13513183
1.13525390
1.13513183
1.13061523
1.12988281
1.13549804
1.13562011
1.13012695
1.13073730
1.13439941
1.13635253
1.13403320
1.13000488
1.13415527
1.13012695
1.13061523
1.12915039
1.13452148
1.13488769
1.13537597
1.13525390
1.12963867
1.13464355
1.13562011
1.13952636
1.12988281
1.13452148
1.13012695
1.13000488
1.13549804
1.12951660
1.13574218
1.13012695
1.12988281
1.13024902
1.13525390
1.13427734
1.13012695
1.13000488
1.13000488
1.13037109
1.13000488
1.13037109
1.13024902
1.13574218
1.13037109
1.13073730
1.13403320
1.13452148
1.13000488
1.12976074
1.13012695
1.13000488
1.13549804
1.13037109
1.13073730
1.13574218
1.13562011
1.13061523
1.13427734
1.13049316
1.13073730
1.13049316
1.13574218
1.13049316
1.13452148
1.13574218
1.13037109
1.13549804
1.13061523
1.13073730
1.13439941
1.13073730
1.13073730
1.13073730
1.13562011
1.13073730
1.13049316
1.13537597
1.13073730
1.13073730
1.13073730
1.13073730
1.13525390
1.13574218
1.13073730
1.13098144
1.13049316
1.13574218
1.13061523
1.13073730
1.13073730
1.13073730
1.13574218
1.13073730
1.13073730
1.13037109
1.13574218
1.13134765
1.13098144
1.13049316
1.13024902
1.13439941
1.13012695
1.13000488
1.13525390
1.13012695
1.13024902
1.13037109
1.12988281
1.13012695
1.13000488
1.13000488
1.13586425
1.13024902
1.13500976
1.13500976
1.13012695
1.13525390
