1.13610839
1.13623046
1.13464355
1.13500976
1.13513183
1.14111328
1.13024902
1.13513183
1.13635253
1.13635253
1.13635253
1.13525390
1.13977050
1.13598632
1.13598632
1.13549804
1.13122558
1.13427734
1.13635253
1.13488769
1.13513183
1.12976074
1.13513183
1.12963867
1.13598632
1.13464355
1.13012695
1.13598632
1.13586425
1.13134765
1.13513183
1.13464355
1.13500976
1.13012695
1.13500976
1.13513183
1.14062500
1.13513183
1.13525390
1.13513183
1.13525390
1.13024902
1.13513183
1.13513183
1.13525390
1.13500976
1.13635253
1.13513183
1.13513183
1.12963867
1.13610839
1.13635253
1.13610839
1.13513183
1.13635253
1.13623046
1.13671875
1.13671875
1.13671875
1.13623046
1.13134765
1.13598632
1.13134765
1.13134765
1.13549804
1.13635253
1.13562011
1.13525390
1.13549804
1.13623046
1.13525390
1.13513183
1.14062500
1.13500976
1.13500976
1.13586425
1.13427734
1.13452148
1.13549804
1.13549804
1.13500976
1.13513183
1.13623046
1.13635253
1.13037109
1.13024902
1.13049316
1.14001464
1.13439941
1.13488769
1.13610839
1.13464355
1.13574218
1.13000488
1.12988281
1.12927246
1.13073730
1.13610839
1.13684082
1.13452148
1.13476562
1.13464355
1.13427734
1.13391113
1.12988281
1.13464355
1.13073730
1.12963867
1.12878417
1.12976074
1.12963867
1.13000488
1.13012695
1.12988281
1.12951660
1.12915039
1.12927246
1.12939453
1.13476562
1.13000488
1.13000488
1.13024902
1.13354492
1.13012695
1.13049316
1.12939453
1.12963867
1.12963867
1.12951660
1.13073730
1.13476562
1.12951660
1.13427734
1.13073730
1.13012695
1.12963867
1.13464355
1.12963867
1.13415527
1.12988281
1.13012695
1.12988281
1.13012695
1.13500976
1.13000488
1.12939453
1.13012695
1.13000488
1.13488769
1.13012695
1.12976074
1.13000488
1.13464355
1.13000488
1.13012695
1.13037109
1.12976074
1.13012695
1.13012695
1.13024902
1.13024902
1.13452148
1.13000488
1.12988281
1.12988281
1.12878417
1.12976074
1.12976074
1.12976074
1.13012695
1.13012695
1.13049316
1.12963867
1.13122558
1.13623046
1.13110351
1.13073730
1.13110351
1.13049316
1.13513183
1.13012695
1.13635253
1.13647460
1.13684082
1.13171386
1.13659667
1.13549804
1.13146972
1.13708496
1.13110351
1.13195800
1.13708496
1.13684082
1.14196777
1.13769531
1.13220214
1.13696289
1.13708496
1.13684082
1.13586425
