1.12976074
1.13464355
1.13403320
1.13635253
1.13562011
1.13549804
1.13586425
1.13305664
1.13122558
1.13525390
1.13391113
1.13452148
1.13427734
1.13476562
1.13439941
1.13586425
1.13073730
1.14025878
1.13513183
1.13452148
1.13513183
1.13427734
1.13537597
1.13562011
1.13513183
1.13488769
1.13500976
1.13073730
1.13549804
1.13623046
1.13586425
1.13427734
1.13464355
1.13476562
1.13562011
1.13134765
1.13574218
1.13012695
1.13500976
1.13562011
1.13537597
1.13525390
1.13037109
1.13598632
1.13562011
1.13562011
1.13513183
1.13513183
1.13464355
1.13061523
1.13476562
1.13598632
1.13037109
1.13586425
1.13464355
1.13635253
1.13562011
1.13012695
1.13476562
1.13562011
1.13403320
1.13574218
1.13525390
1.13134765
1.13488769
1.13012695
1.13525390
1.13525390
1.13122558
1.13134765
1.13659667
1.13574218
1.13061523
1.13549804
1.13061523
1.13500976
1.13549804
1.13635253
1.13073730
1.13098144
1.13037109
1.13098144
1.13635253
1.13073730
1.13635253
1.13098144
1.13525390
1.12561035
1.13122558
1.13427734
1.13098144
1.13537597
1.13500976
1.13500976
1.13037109
1.13488769
1.13171386
1.13598632
1.13171386
1.13134765
1.13635253
1.13171386
1.13061523
1.13085937
1.13134765
1.13085937
1.13439941
1.13085937
1.13085937
1.13195800
1.13024902
1.13085937
1.13586425
1.13134765
1.13134765
1.13525390
1.13012695
1.13049316
1.12707519
1.13256835
1.11791992
1.12097167
1.11743164
1.11743164
1.13183593
1.13586425
1.13049316
1.13061523
1.12963867
1.13037109
1.13549804
1.13085937
1.13049316
1.12988281
1.12634277
1.13537597
1.13012695
1.13049316
1.13537597
1.13085937
1.11535644
1.12951660
1.12597656
1.13073730
1.13098144
1.13073730
1.13098144
1.13049316
1.13537597
1.13134765
1.13061523
1.13085937
1.13073730
1.13085937
1.13623046
1.13049316
1.13000488
1.13000488
1.13562011
1.13549804
1.13037109
1.11645507
1.13098144
1.13598632
1.13208007
1.13134765
1.11682128
1.13085937
1.13073730
1.11804199
1.12219238
1.11230468
1.11267089
1.11682128
1.12255859
1.11828613
1.11718750
1.11645507
1.11743164
1.13684082
1.11901855
1.11828613
1.12182617
1.11718750
1.11547851
1.12170410
1.13842773
1.14099121
1.13623046
1.13098144
1.13806152
1.13586425
1.13635253
1.13879394
1.13464355
1.13708496
1.13171386
1.13293457
1.13659667
1.13757324
