1.13110351
1.12939453
1.13391113
1.13513183
1.13403320
1.13378906
1.13391113
1.13012695
1.12841796
1.13488769
1.12915039
1.12951660
1.13024902
1.13061523
1.13012695
1.13012695
1.12988281
1.13513183
1.13134765
1.13623046
1.13000488
1.12890625
1.13000488
1.13574218
1.13452148
1.13537597
1.13574218
1.13549804
1.13525390
1.13476562
1.13110351
1.13574218
1.13037109
1.13964843
1.13562011
1.13439941
1.13549804
1.13610839
1.13549804
1.13635253
1.13549804
1.13562011
1.13574218
1.13439941
1.13037109
1.13696289
1.13024902
1.13439941
1.13378906
1.13842773
1.13513183
1.13476562
1.13452148
1.13354492
1.13378906
1.13000488
1.13439941
1.13525390
1.13586425
1.13452148
1.13134765
1.13476562
1.13598632
1.13635253
1.13500976
1.13537597
1.13574218
1.13635253
1.13610839
1.13439941
1.13549804
1.13598632
1.13500976
1.13525390
1.13061523
1.13049316
1.13085937
1.13635253
1.13549804
1.13439941
1.13562011
1.13098144
1.13598632
1.13525390
1.13500976
1.13037109
1.13513183
1.13000488
1.13549804
1.12988281
1.12939453
1.13500976
1.13049316
1.13061523
1.13439941
1.13037109
1.13464355
1.13488769
1.13024902
1.13513183
1.13073730
1.13037109
1.13427734
1.13037109
1.13525390
1.13012695
1.12951660
1.13439941
1.13415527
1.13378906
1.13110351
1.13049316
1.13012695
1.13574218
1.12939453
1.13049316
1.13037109
1.13098144
1.13024902
1.13513183
1.13037109
1.13439941
1.13049316
1.13037109
1.13037109
1.13134765
1.13085937
1.13671875
1.13098144
1.13098144
1.13073730
1.12145996
1.11657714
1.11669921
1.11535644
1.11230468
1.11755371
1.11718750
1.11718750
1.11279296
1.11291503
1.11303710
1.11254882
1.11242675
1.11267089
1.11254882
1.11291503
1.11303710
1.11254882
1.11279296
1.11279296
1.11230468
1.11096191
1.11267089
1.11242675
1.11193847
1.11193847
1.11291503
1.11230468
1.11254882
1.11267089
1.11291503
1.11267089
1.11791992
1.11303710
1.11303710
1.11340332
1.11242675
1.11755371
1.11279296
1.11657714
1.11633300
1.11694335
1.11596679
1.11633300
1.12207031
1.11694335
1.11694335
1.11669921
1.11682128
1.11669921
1.11669921
1.12133789
1.12939453
1.13464355
1.13574218
1.13671875
1.13085937
1.13635253
1.13024902
1.13415527
1.13537597
1.13500976
1.13598632
1.13610839
1.13525390
1.13586425
1.13549804
1.13342285
1.13537597
