1.13537597
1.13012695
1.12988281
1.13525390
1.13037109
1.13696289
1.13000488
1.13049316
1.13134765
1.13574218
1.13562011
1.13488769
1.13513183
1.13513183
1.13696289
1.13024902
1.14013671
1.13037109
1.13037109
1.13488769
1.13439941
1.13610839
1.13562011
1.13098144
1.13488769
1.13488769
1.13439941
1.13037109
1.13415527
1.13537597
1.13061523
1.13415527
1.13464355
1.13061523
1.13500976
1.13098144
1.13574218
1.13476562
1.13647460
1.14013671
1.13574218
1.13513183
1.13562011
1.13610839
1.13549804
1.13586425
1.13513183
1.13513183
1.13574218
1.13549804
1.13562011
1.13146972
1.13488769
1.13525390
1.13549804
1.13024902
1.13610839
1.13317871
1.13623046
1.13574218
1.13610839
1.13562011
1.13012695
1.12976074
1.12963867
1.13610839
1.12963867
1.13610839
1.12976074
1.13000488
1.13134765
1.13574218
1.13073730
1.13500976
1.13574218
1.13500976
1.13500976
1.13439941
1.13513183
1.13513183
1.13513183
1.13610839
1.13562011
1.13537597
1.13513183
1.13513183
1.13513183
1.13513183
1.13562011
1.13513183
1.13598632
1.13513183
1.13562011
1.13598632
1.13513183
1.13513183
1.13488769
1.13464355
1.13464355
1.13513183
1.13549804
1.13513183
1.13537597
1.13562011
1.13061523
1.13110351
1.13562011
1.12951660
1.13525390
1.13488769
1.13452148
1.12988281
1.13049316
1.13513183
1.13024902
1.13000488
1.13537597
1.13134765
1.13464355
1.13574218
1.13012695
1.13061523
1.12585449
1.13549804
1.13061523
1.13037109
1.13049316
1.12939453
1.12670898
1.12963867
1.13098144
1.13098144
1.13024902
1.13061523
1.13403320
1.13049316
1.13574218
1.13110351
1.13037109
1.13061523
1.13110351
1.13623046
1.13110351
1.13049316
1.13037109
1.13073730
1.13110351
1.13049316
1.12634277
1.13146972
1.11669921
1.13171386
1.11218261
1.11218261
1.12109375
1.11718750
1.11645507
1.11206054
1.11682128
1.11218261
1.11669921
1.11218261
1.11706542
1.11718750
1.11193847
1.11657714
1.11633300
1.11706542
1.11730957
1.12194824
1.11706542
1.11706542
1.11193847
1.11669921
1.12121582
1.11181640
1.11694335
1.11608886
1.12121582
1.11682128
1.11645507
1.11218261
1.11230468
1.11279296
1.11242675
1.11718750
1.11291503
1.11291503
1.11218261
1.11206054
1.11303710
1.11254882
1.11804199
1.11779785
1.11364746
1.11340332
1.11828613
1.11865234
1.11779785
1.11865234
