1.13549804
1.13012695
1.13439941
1.13000488
1.12988281
1.13574218
1.13012695
1.13513183
1.13562011
1.13000488
1.13562011
1.13525390
1.13562011
1.12976074
1.13439941
1.13635253
1.13012695
1.13903808
1.13500976
1.13439941
1.13537597
1.13610839
1.13574218
1.13635253
1.13012695
1.13586425
1.13623046
1.13903808
1.13598632
1.14025878
1.13537597
1.13586425
1.13098144
1.13574218
1.13403320
1.13537597
1.13537597
1.13513183
1.13513183
1.13952636
1.13623046
1.13500976
1.13012695
1.13586425
1.13061523
1.13500976
1.13134765
1.13562011
1.13415527
1.13916015
1.13000488
1.13513183
1.13012695
1.13513183
1.13415527
1.13525390
1.13513183
1.13464355
1.13500976
1.13513183
1.13476562
1.13488769
1.13586425
1.13586425
1.13513183
1.13452148
1.13403320
1.13061523
1.13610839
1.13513183
1.13513183
1.13635253
1.13476562
1.13525390
1.13012695
1.13549804
1.13073730
1.13562011
1.13513183
1.13537597
1.13586425
1.13586425
1.13500976
1.13391113
1.13000488
1.13574218
1.13562011
1.12988281
1.13024902
1.13549804
1.13525390
1.13537597
1.13000488
1.13562011
1.13000488
1.13586425
1.13513183
1.12988281
1.13415527
1.13586425
1.13574218
1.13525390
1.13586425
1.13549804
1.13610839
1.13537597
1.13500976
1.13122558
1.13610839
1.13610839
1.14025878
1.13110351
1.13574218
1.13598632
1.13684082
1.13134765
1.13073730
1.13061523
1.13073730
1.13037109
1.13073730
1.13610839
1.13085937
1.13134765
1.13195800
1.13183593
1.13195800
1.12756347
1.11206054
1.11254882
1.11804199
1.11218261
1.11254882
1.11267089
1.11730957
1.11743164
1.11718750
1.11755371
1.11596679
1.11706542
1.11254882
1.10778808
1.11291503
1.10839843
1.11206054
1.11193847
1.11291503
1.11743164
1.11242675
1.11242675
1.11254882
1.11767578
1.11254882
1.11242675
1.11169433
1.11242675
1.11242675
1.11242675
1.11169433
1.11279296
1.11291503
1.11267089
1.11254882
1.11242675
1.11206054
1.11254882
1.11267089
1.11730957
1.11218261
1.11279296
1.11718750
1.11206054
1.11230468
1.11791992
1.11743164
1.11303710
1.11181640
1.11254882
1.11279296
1.11328125
1.11706542
1.11230468
1.11816406
1.11303710
1.11230468
1.11267089
1.11206054
1.11706542
1.11242675
1.11633300
1.11303710
1.11254882
1.11181640
1.11145019
1.11230468
1.11181640
1.11694335
1.11230468
1.11230468
1.11193847
