1.12963867
1.13464355
1.13452148
1.13635253
1.13061523
1.13537597
1.13586425
1.13073730
1.14074707
1.13598632
1.13610839
1.13134765
1.13574218
1.14074707
1.13635253
1.13635253
1.13549804
1.13439941
1.13635253
1.14086914
1.13598632
1.13488769
1.13537597
1.13476562
1.13452148
1.14025878
1.13610839
1.13110351
1.13598632
1.13598632
1.13488769
1.13574218
1.13610839
1.13574218
1.13610839
1.13574218
1.13623046
1.13562011
1.13525390
1.13732910
1.13549804
1.13525390
1.13513183
1.13134765
1.13513183
1.12573242
1.13073730
1.13061523
1.13085937
1.13635253
1.12585449
1.13085937
1.13134765
1.12695312
1.13574218
1.13110351
1.12524414
1.13049316
1.13122558
1.13537597
1.13110351
1.13195800
1.13134765
1.13427734
1.13037109
1.12573242
1.13012695
1.13195800
1.11682128
1.11645507
1.11621093
1.11669921
1.12158203
1.12194824
1.11694335
1.11743164
1.12646484
1.13696289
1.13073730
1.11608886
1.11608886
1.13085937
1.12573242
1.13439941
1.13525390
1.13635253
1.13073730
1.13012695
1.13537597
1.13549804
1.13098144
1.13024902
1.11572265
1.13061523
1.11694335
1.11608886
1.11608886
1.13537597
1.13049316
1.13049316
1.13049316
1.13085937
1.13635253
1.12939453
1.11621093
1.11633300
1.11730957
1.12219238
1.13610839
1.12145996
1.11694335
1.11572265
1.11657714
1.12670898
1.11096191
1.12194824
1.13049316
1.13476562
1.13610839
1.13073730
1.13146972
1.11596679
1.11303710
1.11242675
1.11840820
1.11767578
1.11218261
1.12182617
1.11816406
1.11157226
1.11157226
1.11145019
1.11181640
1.11193847
1.11169433
1.11206054
1.11779785
1.11572265
1.11743164
1.11547851
1.11706542
1.11669921
1.12255859
1.11657714
1.11425781
1.11633300
1.11694335
1.12084960
1.12060546
1.13427734
1.13586425
1.13439941
1.13610839
1.13549804
1.13439941
1.13574218
1.13586425
1.13623046
1.13403320
1.13598632
1.13598632
1.13647460
1.13537597
1.13500976
1.13146972
1.13610839
1.13610839
1.13476562
1.13647460
1.13586425
1.13452148
1.13476562
1.13500976
1.13659667
1.13610839
1.13537597
1.13586425
1.13586425
1.13562011
1.13659667
1.13586425
1.13537597
1.13562011
1.13635253
1.13598632
1.13330078
1.13989257
1.13635253
1.13635253
1.13549804
1.13598632
1.13769531
1.13464355
1.13500976
1.13647460
1.13745117
1.13745117
1.13647460
1.12634277
1.13696289
