1.13513183
1.13488769
1.12963867
1.13012695
1.13549804
1.13513183
1.13537597
1.13513183
1.13000488
1.13488769
1.13037109
1.13122558
1.13635253
1.13513183
1.13012695
1.13513183
1.13488769
1.13049316
1.13574218
1.13513183
1.12902832
1.13525390
1.13610839
1.13574218
1.13574218
1.13598632
1.13537597
1.13012695
1.13500976
1.12976074
1.13598632
1.13635253
1.13464355
1.13513183
1.13623046
1.13610839
1.13989257
1.13024902
1.13488769
1.13464355
1.13574218
1.13562011
1.13537597
1.13610839
1.13574218
1.13073730
1.13464355
1.13061523
1.13513183
1.13073730
1.13024902
1.13598632
1.13513183
1.13098144
1.13574218
1.13452148
1.13562011
1.13562011
1.13464355
1.13513183
1.13464355
1.13549804
1.13574218
1.13513183
1.13635253
1.13513183
1.13452148
1.12915039
1.13623046
1.13525390
1.13513183
1.13610839
1.13537597
1.13500976
1.13073730
1.13537597
1.13537597
1.13513183
1.13012695
1.13012695
1.13537597
1.13049316
1.13562011
1.12951660
1.12963867
1.12951660
1.13134765
1.13049316
1.13098144
1.13452148
1.13037109
1.13427734
1.13134765
1.13000488
1.13024902
1.13024902
1.13024902
1.13098144
1.12658691
1.12670898
1.13134765
1.11743164
1.11218261
1.11743164
1.11718750
1.12219238
1.11291503
1.11242675
1.11267089
1.11303710
1.11218261
1.11254882
1.11242675
1.11230468
1.11779785
1.11303710
1.11242675
1.11218261
1.11730957
1.11706542
1.11669921
1.11657714
1.11718750
1.11523437
1.12121582
1.11669921
1.11633300
1.11669921
1.12109375
1.12121582
1.11962890
1.12145996
1.12988281
1.13537597
1.13305664
1.13574218
1.13391113
1.13781738
1.13623046
1.13464355
1.13403320
1.13476562
1.13549804
1.13647460
1.13586425
1.13586425
1.13525390
1.13574218
1.13488769
1.13684082
1.13708496
1.13708496
1.13586425
1.13146972
1.13708496
1.13623046
1.13598632
1.13586425
1.13720703
1.13659667
1.13354492
1.13562011
1.13293457
1.13940429
1.13610839
1.13562011
1.13671875
1.13513183
1.13623046
1.13513183
1.13073730
1.13537597
1.13671875
1.13757324
1.12634277
1.12902832
1.12927246
1.11560058
1.11950683
1.11950683
1.11840820
1.11364746
1.11352539
1.11950683
1.11389160
1.11291503
1.11364746
1.11425781
1.11401367
1.11474609
1.11816406
1.11767578
1.10864257
1.11425781
1.10998535
1.11291503
1.11291503
1.11279296
1.11254882
1.11926269
