1.26025390
1.26025390
1.25952148
1.26123046
1.25903320
1.25903320
1.25878906
1.26110839
1.26025390
1.25903320
1.26110839
1.25903320
1.26000976
1.26098632
1.25988769
1.25952148
1.26000976
1.26123046
1.25927734
1.25622558
1.26025390
1.26037597
1.26000976
1.26147460
1.25830078
1.25500488
1.25561523
1.25598144
1.25500488
1.25354003
1.25561523
1.25756835
1.25524902
1.25610351
1.25573730
1.25500488
1.25732421
1.25439453
1.25585937
1.25366210
1.25500488
1.25488281
1.25488281
1.25610351
1.25439453
1.25488281
1.25610351
1.25256347
1.25488281
1.25537109
1.25610351
1.25415039
1.25585937
1.25573730
1.25256347
1.26904296
1.26879882
1.26940917
1.26843261
1.26831054
1.26916503
1.26953125
1.26757812
1.25793457
1.27038574
1.27038574
1.26916503
1.26965332
1.25878906
1.26281738
1.26672363
1.25866699
1.25939941
1.25976562
1.26818847
1.25354003
1.26696777
1.25476074
1.26818847
1.26208496
1.26928710
1.26428222
1.26940917
1.26928710
1.25354003
1.26928710
1.26892089
1.26940917
1.26940917
1.27062988
1.26721191
1.26794433
1.26696777
1.26696777
1.27172851
1.26818847
1.26928710
1.26806640
1.26965332
1.26940917
1.26965332
1.26806640
1.26904296
1.26940917
1.27050781
1.26965332
1.26306152
1.26916503
1.26684570
1.27050781
1.26452636
1.26928710
1.26696777
1.26574707
1.26794433
1.27001953
1.26684570
1.25341796
1.26818847
1.26940917
1.27087402
1.26208496
1.26806640
1.26977539
1.26928710
1.26806640
1.26245117
1.26696777
1.27050781
1.26843261
1.27087402
1.26098632
1.26806640
1.26940917
1.26928710
1.26855468
1.26757812
1.26928710
1.26879882
1.26843261
1.27026367
1.26855468
1.26818847
1.26965332
1.26806640
1.27050781
1.26647949
1.26794433
1.26684570
1.27050781
1.26867675
1.26989746
1.26916503
1.26745605
1.26904296
1.26879882
1.26916503
1.25231933
1.26940917
1.26928710
1.26000976
1.26721191
1.25488281
1.26733398
1.27172851
1.26879882
1.25988769
1.26782226
1.26940917
1.26916503
1.26940917
1.26696777
1.26452636
1.27111816
1.26818847
1.27014160
1.26684570
1.26965332
1.26806640
1.26940917
1.26672363
1.26940917
1.27087402
1.26940917
1.26330566
1.26708984
1.26818847
1.26208496
1.27014160
1.26892089
1.26721191
1.26928710
1.26782226
1.26806640
1.26794433
1.26696777
1.26293945
1.26696777
1.26708984
1.26928710
