1.26110839
1.26074218
1.26098632
1.25866699
1.26110839
1.25756835
1.26110839
1.26110839
1.26159667
1.25952148
1.26110839
1.26123046
1.26123046
1.25939941
1.25866699
1.25866699
1.25964355
1.25830078
1.25878906
1.25512695
1.25988769
1.25988769
1.26123046
1.26098632
1.26110839
1.26135253
1.25488281
1.25573730
1.25781250
1.25488281
1.25622558
1.25488281
1.25854492
1.25549316
1.25439453
1.25610351
1.25476074
1.25561523
1.25610351
1.25610351
1.25500488
1.25732421
1.25732421
1.25573730
1.25488281
1.25610351
1.25610351
1.25988769
1.25732421
1.26000976
1.27062988
1.26098632
1.26928710
1.26708984
1.27062988
1.26977539
1.26831054
1.26940917
1.26062011
1.25573730
1.25927734
1.26940917
1.25903320
1.26940917
1.26464843
1.25915527
1.27429199
1.25939941
1.26965332
1.25683593
1.25842285
1.26062011
1.25244140
1.26806640
1.25500488
1.25927734
1.26062011
1.25207519
1.26049804
1.26025390
1.25878906
1.25939941
1.25695800
1.25976562
1.25805664
1.25939941
1.25451660
1.26916503
1.26745605
1.25195312
1.25939941
1.25927734
1.27038574
1.25817871
1.26696777
1.25366210
1.26940917
1.27062988
1.26867675
1.27099609
1.27062988
1.26782226
1.26892089
1.27026367
1.26818847
1.26623535
1.26965332
1.26696777
1.25000000
1.26733398
1.26013183
1.26940917
1.26770019
1.26745605
1.27087402
1.26342773
1.27441406
1.25842285
1.25964355
1.26733398
1.25231933
1.26721191
1.26220703
1.26940917
1.25732421
1.26818847
1.25366210
1.26818847
1.26708984
1.26940917
1.27075195
1.25354003
1.27087402
1.26074218
1.26623535
1.26928710
1.26977539
1.27050781
1.26708984
1.27038574
1.26953125
1.27124023
1.26696777
1.27062988
1.27624511
1.26062011
1.26770019
1.27062988
1.27319335
1.25939941
1.25952148
1.25939941
1.26000976
1.27062988
1.25207519
1.26916503
1.26037597
1.26562500
1.25378417
1.26623535
1.26086425
1.26708984
1.26818847
1.27294921
1.25988769
1.26464843
1.24792480
1.27209472
1.27001953
1.25476074
1.26867675
1.25817871
1.26770019
1.27258300
1.26953125
1.27294921
1.26940917
1.27563476
1.26708984
1.27624511
1.26733398
1.25598144
1.26696777
1.27075195
1.26818847
1.25891113
1.26586914
1.25219726
1.26770019
1.25378417
1.26757812
1.25256347
1.26721191
1.25476074
1.27001953
1.25488281
1.26940917
1.26098632
1.26940917
1.27148437
