1.26110839
1.25988769
1.26110839
1.25988769
1.26086425
1.26098632
1.26025390
1.26123046
1.26147460
1.26110839
1.25866699
1.26135253
1.26000976
1.25903320
1.26147460
1.25903320
1.25903320
1.25878906
1.26000976
1.26123046
1.26110839
1.25988769
1.26123046
1.25988769
1.26025390
1.25878906
1.25610351
1.25366210
1.25463867
1.25378417
1.25854492
1.25366210
1.25805664
1.25378417
1.25732421
1.25744628
1.25732421
1.25610351
1.25488281
1.25366210
1.25488281
1.25366210
1.25659179
1.25390625
1.25598144
1.25439453
1.25537109
1.25451660
1.25488281
1.25549316
1.25939941
1.25439453
1.25451660
1.27453613
1.25805664
1.26306152
1.26782226
1.26818847
1.26843261
1.26806640
1.27062988
1.26855468
1.26940917
1.25927734
1.26062011
1.25939941
1.25927734
1.25830078
1.25695800
1.26000976
1.26818847
1.25549316
1.26062011
1.26892089
1.26806640
1.26635742
1.25366210
1.26696777
1.25305175
1.25903320
1.26989746
1.26464843
1.26171875
1.25939941
1.25207519
1.25817871
1.25207519
1.26049804
1.25573730
1.25927734
1.25842285
1.25915527
1.25964355
1.25927734
1.27197265
1.25451660
1.27026367
1.25207519
1.27062988
1.27209472
1.26757812
1.26818847
1.25695800
1.26928710
1.26940917
1.26794433
1.25366210
1.26818847
1.26940917
1.26696777
1.26000976
1.26940917
1.25927734
1.26062011
1.25830078
1.27355957
1.25830078
1.25207519
1.25061035
1.25695800
1.26684570
1.25085449
1.26867675
1.25244140
1.26171875
1.26037597
1.26708984
1.25744628
1.26940917
1.26867675
1.27050781
1.26940917
1.25939941
1.26940917
1.25939941
1.27062988
1.25842285
1.25988769
1.26025390
1.25952148
1.25805664
1.25927734
1.27209472
1.26098632
1.26916503
1.26818847
1.27062988
1.26818847
1.25878906
1.26037597
1.26000976
1.25817871
1.25927734
1.25695800
1.26062011
1.26062011
1.26696777
1.25537109
1.25939941
1.25732421
1.26696777
1.26208496
1.26696777
1.26171875
1.26892089
1.25952148
1.26940917
1.25683593
1.25451660
1.25805664
1.25585937
1.25927734
1.25939941
1.25952148
1.27233886
1.25952148
1.25903320
1.26745605
1.25244140
1.26696777
1.27453613
1.26879882
1.26855468
1.26818847
1.26025390
1.25915527
1.25927734
1.25463867
1.26940917
1.24963378
1.26818847
1.25927734
1.27050781
1.25939941
1.26135253
1.25952148
1.26879882
1.25732421
1.26818847
1.26940917
