1.26110839
1.26110839
1.26062011
1.26123046
1.25939941
1.25988769
1.26000976
1.25988769
1.25866699
1.25842285
1.25891113
1.26086425
1.25988769
1.25927734
1.26110839
1.25878906
1.25988769
1.26000976
1.25988769
1.26110839
1.26123046
1.25878906
1.25866699
1.26000976
1.25610351
1.25463867
1.25524902
1.25146484
1.25500488
1.25732421
1.25463867
1.25451660
1.25402832
1.25524902
1.25488281
1.25366210
1.25415039
1.25207519
1.25622558
1.25341796
1.25512695
1.25476074
1.25463867
1.25646972
1.25610351
1.25842285
1.25366210
1.25610351
1.25671386
1.25488281
1.25488281
1.25354003
1.25610351
1.25390625
1.26281738
1.26074218
1.27172851
1.26782226
1.26171875
1.26708984
1.27026367
1.26257324
1.25439453
1.25073242
1.25268554
1.26708984
1.25231933
1.27014160
1.27050781
1.26684570
1.25439453
1.25939941
1.25366210
1.26721191
1.25122070
1.26684570
1.25231933
1.26721191
1.25488281
1.26806640
1.26953125
1.27014160
1.26269531
1.26660156
1.27111816
1.26708984
1.25219726
1.27001953
1.25476074
1.25891113
1.25488281
1.25708007
1.27062988
1.26940917
1.25683593
1.27038574
1.25695800
1.27062988
1.26806640
1.26049804
1.26330566
1.26965332
1.25708007
1.26904296
1.26013183
1.26452636
1.26879882
1.26818847
1.26831054
1.26818847
1.25463867
1.26806640
1.26049804
1.25939941
1.26757812
1.25683593
1.26843261
1.26892089
1.26049804
1.26818847
1.25219726
1.25488281
1.26855468
1.25305175
1.26940917
1.25598144
1.26928710
1.26818847
1.26916503
1.25805664
1.26623535
1.26806640
1.26770019
1.25634765
1.25280761
1.27050781
1.25439453
1.26892089
1.26940917
1.26782226
1.26831054
1.25598144
1.25939941
1.25952148
1.26037597
1.25512695
1.27087402
1.25732421
1.26940917
1.25610351
1.26806640
1.25244140
1.27026367
1.26818847
1.26684570
1.26916503
1.26916503
1.26953125
1.25830078
1.26794433
1.25524902
1.26684570
1.26794433
1.25720214
1.26098632
1.26806640
1.26977539
1.25451660
1.25854492
1.26574707
1.26452636
1.25158691
1.25451660
1.27038574
1.25231933
1.26806640
1.26818847
1.26940917
1.26855468
1.26940917
1.26745605
1.26672363
1.26904296
1.26928710
1.26684570
1.26855468
1.26696777
1.26696777
1.26086425
1.26696777
1.26818847
1.26501464
1.25683593
1.25781250
1.26696777
1.27014160
1.26928710
1.27185058
1.26696777
1.25488281
