1.25988769
1.26000976
1.25976562
1.25988769
1.26110839
1.26135253
1.25903320
1.26074218
1.26000976
1.25988769
1.25866699
1.25988769
1.25976562
1.25903320
1.25878906
1.26025390
1.26147460
1.25866699
1.25964355
1.25952148
1.25878906
1.26440429
1.26110839
1.25988769
1.26110839
1.25988769
1.25476074
1.25610351
1.25488281
1.25488281
1.25537109
1.25476074
1.25610351
1.25488281
1.25610351
1.25476074
1.25756835
1.25366210
1.25366210
1.25488281
1.25366210
1.25598144
1.25390625
1.25488281
1.25598144
1.25781250
1.25488281
1.25659179
1.25488281
1.25524902
1.27246093
1.25866699
1.25939941
1.25878906
1.26721191
1.25988769
1.25854492
1.25854492
1.25988769
1.25854492
1.25939941
1.25878906
1.27355957
1.26000976
1.27270507
1.27368164
1.26440429
1.25756835
1.27441406
1.26977539
1.27441406
1.26965332
1.25207519
1.26928710
1.26818847
1.25512695
1.26708984
1.25488281
1.25134277
1.26818847
1.26745605
1.26806640
1.26818847
1.26574707
1.25830078
1.25366210
1.26818847
1.25244140
1.27038574
1.27062988
1.26916503
1.26171875
1.26745605
1.25939941
1.26708984
1.26928710
1.27099609
1.27014160
1.27026367
1.27050781
1.26818847
1.26940917
1.26818847
1.26928710
1.25256347
1.26220703
1.27050781
1.26831054
1.25244140
1.26818847
1.27026367
1.26818847
1.27099609
1.26647949
1.27136230
1.26708984
1.27038574
1.26708984
1.24963378
1.26989746
1.25939941
1.26696777
1.26855468
1.26940917
1.26940917
1.27087402
1.26953125
1.27124023
1.27026367
1.26977539
1.26916503
1.26940917
1.26684570
1.26953125
1.26745605
1.26831054
1.26879882
1.27026367
1.26708984
1.27099609
1.25866699
1.26916503
1.25488281
1.25683593
1.25256347
1.26818847
1.25402832
1.25927734
1.27014160
1.26879882
1.26989746
1.26062011
1.26989746
1.26782226
1.26855468
1.26745605
1.25439453
1.26171875
1.25927734
1.27062988
1.26171875
1.25817871
1.24401855
1.26062011
1.25891113
1.25708007
1.24707031
1.25695800
1.25488281
1.25634765
1.26940917
1.25939941
1.25512695
1.26696777
1.25366210
1.26708984
1.25378417
1.26733398
1.26940917
1.26757812
1.27148437
1.26818847
1.26062011
1.26831054
1.25695800
1.26586914
1.27038574
1.26818847
1.27062988
1.26989746
1.26940917
1.26940917
1.26940917
1.26928710
1.25964355
1.27563476
1.26879882
1.25488281
1.26086425
1.24255371
