1.25988769
1.25866699
1.25988769
1.26000976
1.25988769
1.25988769
1.26123046
1.25988769
1.26110839
1.26000976
1.25988769
1.26074218
1.26196289
1.25891113
1.26000976
1.26232910
1.25903320
1.26000976
1.26110839
1.25915527
1.25891113
1.26110839
1.25988769
1.26037597
1.25976562
1.25488281
1.25610351
1.25622558
1.25524902
1.25732421
1.25366210
1.25610351
1.25488281
1.25610351
1.25488281
1.25671386
1.25451660
1.25488281
1.25488281
1.25610351
1.25476074
1.25354003
1.25732421
1.25488281
1.25378417
1.25988769
1.25488281
1.25610351
1.25622558
1.25402832
1.25610351
1.25500488
1.25463867
1.25231933
1.25878906
1.25610351
1.26342773
1.26513671
1.26049804
1.25903320
1.26171875
1.26965332
1.26940917
1.25207519
1.26831054
1.26892089
1.26940917
1.27380371
1.26855468
1.26770019
1.26794433
1.26818847
1.26940917
1.26879882
1.25939941
1.26184082
1.26940917
1.26940917
1.25939941
1.26867675
1.26953125
1.27075195
1.26708984
1.27001953
1.26062011
1.26831054
1.25476074
1.26684570
1.25817871
1.26696777
1.26794433
1.26818847
1.25695800
1.25378417
1.25903320
1.26770019
1.25939941
1.26818847
1.26208496
1.25915527
1.25939941
1.26989746
1.25939941
1.26708984
1.26867675
1.25708007
1.25939941
1.26049804
1.25695800
1.25939941
1.25854492
1.25817871
1.26818847
1.26757812
1.26733398
1.27014160
1.27087402
1.25524902
1.26818847
1.25207519
1.26940917
1.26721191
1.24536132
1.27050781
1.26721191
1.26037597
1.26928710
1.26928710
1.27014160
1.26928710
1.26928710
1.27050781
1.26831054
1.25170898
1.26831054
1.25781250
1.26062011
1.26843261
1.26147460
1.25183105
1.25732421
1.26806640
1.26098632
1.26818847
1.25329589
1.26062011
1.25317382
1.26928710
1.25354003
1.26794433
1.26916503
1.26684570
1.26635742
1.26928710
1.25378417
1.26977539
1.25830078
1.26806640
1.26171875
1.26818847
1.25915527
1.27062988
1.26342773
1.26916503
1.25976562
1.26940917
1.26708984
1.26660156
1.27319335
1.25537109
1.25537109
1.26928710
1.26367187
1.26867675
1.25720214
1.25500488
1.27221679
1.27282714
1.26953125
1.26220703
1.26757812
1.26940917
1.26843261
1.26940917
1.26818847
1.25927734
1.25891113
1.25793457
1.26672363
1.27001953
1.27038574
1.26818847
1.25463867
1.27050781
1.26928710
1.27062988
1.25622558
1.25939941
1.25366210
1.25598144
