1.26025390
1.25732421
1.26123046
1.26110839
1.25878906
1.26098632
1.26110839
1.25927734
1.25915527
1.26000976
1.26110839
1.25805664
1.25915527
1.26086425
1.25866699
1.26123046
1.25756835
1.26086425
1.26025390
1.26049804
1.26025390
1.25964355
1.25952148
1.26135253
1.26110839
1.26074218
1.26110839
1.25988769
1.25769042
1.25512695
1.25561523
1.25439453
1.25378417
1.25500488
1.25585937
1.25500488
1.25378417
1.25463867
1.26123046
1.25463867
1.25622558
1.25524902
1.25427246
1.25354003
1.25585937
1.26000976
1.25451660
1.25476074
1.25378417
1.25500488
1.25537109
1.25598144
1.25610351
1.25610351
1.25610351
1.25598144
1.25500488
1.25524902
1.25439453
1.25439453
1.25451660
1.26586914
1.25769042
1.27539062
1.27197265
1.26708984
1.25329589
1.27233886
1.27185058
1.26525878
1.25830078
1.27148437
1.27062988
1.26818847
1.27124023
1.26037597
1.26440429
1.26867675
1.26806640
1.26818847
1.26818847
1.26806640
1.26232910
1.25927734
1.26379394
1.25476074
1.26916503
1.25598144
1.26806640
1.25244140
1.26916503
1.25878906
1.26818847
1.25842285
1.27355957
1.26867675
1.26684570
1.26159667
1.26684570
1.27172851
1.26940917
1.27062988
1.26977539
1.25927734
1.27087402
1.26892089
1.26855468
1.25915527
1.26770019
1.26037597
1.26940917
1.25988769
1.26696777
1.25488281
1.26928710
1.25354003
1.26916503
1.25488281
1.26818847
1.25476074
1.26721191
1.25427246
1.26806640
1.27050781
1.26696777
1.26818847
1.26818847
1.25317382
1.26806640
1.25488281
1.25097656
1.25732421
1.27307128
1.25866699
1.27502441
1.25964355
1.27307128
1.24841308
1.27441406
1.25854492
1.26171875
1.25756835
1.26477050
1.27551269
1.27429199
1.25891113
1.27429199
1.25854492
1.27197265
1.25805664
1.27319335
1.26171875
1.27319335
1.25610351
1.26464843
1.25976562
1.27307128
1.25781250
1.26928710
1.25573730
1.26745605
1.25170898
1.26879882
1.25354003
1.26074218
1.25036621
1.26818847
1.26928710
1.26928710
1.26049804
1.26696777
1.26843261
1.26928710
1.25720214
1.26818847
1.25378417
1.26708984
1.25500488
1.26879882
1.26806640
1.26940917
1.25988769
1.27185058
1.26208496
1.26794433
1.26977539
1.27026367
1.27062988
1.25488281
1.25903320
1.26940917
1.26989746
1.26928710
1.25915527
1.26232910
1.25622558
1.26806640
1.25488281
1.25988769
1.26342773
