1.26025390
1.25866699
1.25878906
1.25720214
1.25720214
1.26000976
1.26123046
1.26000976
1.26110839
1.25988769
1.25952148
1.25988769
1.25988769
1.25927734
1.26025390
1.25976562
1.26025390
1.25988769
1.25756835
1.25781250
1.26037597
1.26135253
1.26074218
1.26123046
1.25708007
1.25500488
1.25488281
1.25732421
1.25488281
1.25439453
1.25537109
1.25366210
1.25610351
1.25488281
1.25598144
1.25573730
1.25683593
1.25366210
1.25366210
1.25598144
1.25488281
1.25476074
1.25524902
1.25744628
1.25488281
1.25610351
1.25610351
1.25610351
1.25512695
1.25610351
1.25500488
1.25476074
1.25549316
1.25524902
1.25366210
1.25524902
1.25329589
1.25524902
1.25598144
1.25427246
1.25610351
1.25573730
1.25805664
1.25927734
1.25903320
1.26306152
1.25866699
1.25976562
1.26818847
1.27062988
1.26062011
1.26660156
1.26940917
1.26062011
1.26696777
1.26818847
1.25903320
1.26049804
1.25927734
1.26599121
1.25305175
1.27026367
1.26269531
1.26928710
1.26818847
1.26940917
1.26696777
1.26696777
1.25939941
1.25817871
1.26855468
1.26062011
1.26940917
1.26818847
1.27124023
1.26940917
1.26940917
1.26062011
1.25939941
1.25939941
1.26806640
1.27062988
1.26049804
1.26892089
1.25671386
1.26806640
1.25769042
1.26940917
1.25964355
1.26806640
1.26867675
1.26696777
1.26184082
1.26806640
1.26000976
1.26696777
1.26049804
1.26806640
1.25549316
1.26708984
1.26062011
1.25683593
1.26867675
1.25817871
1.25732421
1.26818847
1.25256347
1.26940917
1.25488281
1.26818847
1.25988769
1.26904296
1.25439453
1.25683593
1.26074218
1.26940917
1.27331542
1.26818847
1.25878906
1.26794433
1.26599121
1.26940917
1.27526855
1.26867675
1.25866699
1.25817871
1.26599121
1.25793457
1.24975585
1.25903320
1.26147460
1.26013183
1.25085449
1.26049804
1.26049804
1.26989746
1.26940917
1.26818847
1.25952148
1.26989746
1.27062988
1.27062988
1.26062011
1.26696777
1.25891113
1.26684570
1.26452636
1.26818847
1.26062011
1.26745605
1.26831054
1.26940917
1.25500488
1.26855468
1.25488281
1.26831054
1.25366210
1.26855468
1.25988769
1.26696777
1.25744628
1.26940917
1.25866699
1.26074218
1.26782226
1.26049804
1.27148437
1.26818847
1.25878906
1.25939941
1.25842285
1.26855468
1.26074218
1.25817871
1.26098632
1.26696777
1.25488281
1.27062988
1.25512695
1.26062011
