1.26037597
1.25476074
1.25988769
1.26135253
1.25976562
1.26123046
1.25842285
1.25720214
1.26245117
1.26086425
1.26110839
1.26000976
1.25952148
1.26074218
1.25903320
1.25988769
1.25976562
1.26074218
1.26074218
1.26000976
1.25964355
1.25878906
1.25830078
1.26000976
1.25756835
1.25708007
1.25378417
1.25463867
1.25415039
1.25671386
1.25598144
1.25463867
1.25854492
1.25610351
1.25463867
1.25524902
1.25524902
1.25463867
1.25329589
1.25537109
1.25463867
1.25573730
1.25280761
1.25708007
1.25402832
1.25646972
1.25524902
1.25524902
1.25561523
1.25549316
1.25610351
1.25805664
1.26940917
1.26208496
1.26684570
1.26684570
1.25488281
1.26708984
1.26904296
1.26928710
1.26953125
1.26062011
1.26806640
1.26806640
1.26940917
1.26940917
1.26928710
1.26196289
1.26818847
1.26806640
1.27062988
1.26867675
1.26428222
1.26867675
1.27075195
1.26684570
1.26208496
1.26940917
1.27026367
1.25988769
1.26855468
1.26806640
1.26806640
1.26684570
1.26721191
1.25231933
1.25830078
1.26794433
1.25817871
1.25915527
1.25720214
1.26806640
1.26928710
1.25695800
1.26098632
1.26965332
1.26586914
1.26574707
1.27099609
1.26538085
1.25793457
1.25048828
1.26696777
1.26220703
1.25830078
1.26818847
1.25695800
1.26452636
1.26696777
1.26940917
1.25817871
1.26672363
1.26684570
1.25415039
1.25915527
1.25244140
1.25793457
1.26953125
1.26049804
1.25939941
1.27050781
1.25439453
1.26477050
1.27050781
1.26684570
1.26940917
1.26879882
1.26684570
1.25366210
1.26928710
1.27087402
1.27050781
1.26513671
1.26928710
1.26684570
1.27050781
1.26928710
1.26818847
1.25354003
1.25939941
1.25634765
1.25854492
1.26000976
1.26062011
1.26684570
1.26684570
1.26916503
1.26928710
1.25463867
1.26940917
1.26696777
1.25964355
1.26879882
1.26245117
1.26843261
1.25146484
1.26525878
1.25488281
1.25256347
1.25354003
1.25964355
1.26928710
1.26013183
1.26757812
1.26049804
1.26892089
1.26794433
1.27050781
1.26574707
1.26818847
1.25231933
1.26684570
1.26733398
1.27050781
1.26928710
1.25073242
1.26855468
1.26928710
1.26623535
1.26928710
1.26843261
1.26599121
1.25598144
1.26074218
1.24365234
1.26025390
1.25476074
1.25891113
1.25671386
1.25109863
1.25476074
1.25817871
1.26928710
1.26611328
1.25964355
1.26806640
1.27050781
1.26940917
1.26440429
1.27062988
