1.24951171
1.25085449
1.24914550
1.24914550
1.25134277
1.24865722
1.25073242
1.24914550
1.24841308
1.24914550
1.24914550
1.24914550
1.25549316
1.25036621
1.25024414
1.25268554
1.25073242
1.25268554
1.25317382
1.25622558
1.25659179
1.24914550
1.24768066
1.24841308
1.24548339
1.24523925
1.24670410
1.24768066
1.24536132
1.24658203
1.24804687
1.25122070
1.24804687
1.24658203
1.24902343
1.24780273
1.24841308
1.24438476
1.24389648
1.24548339
1.24658203
1.24658203
1.24902343
1.24536132
1.25109863
1.24902343
1.24658203
1.25012207
1.24902343
1.24804687
1.24865722
1.24938964
1.24902343
1.24951171
1.25231933
1.25048828
1.24548339
1.24426269
1.25036621
1.24841308
1.24792480
1.24768066
1.24768066
1.24560546
1.24536132
1.24658203
1.24462890
1.24670410
1.24645996
1.24682617
1.24670410
1.24475097
1.24523925
1.24536132
1.24780273
1.24548339
1.24902343
1.24548339
1.24658203
1.24560546
1.24670410
1.24536132
1.24536132
1.24548339
1.24658203
1.24890136
1.24560546
1.24902343
1.24450683
1.24963378
1.24658203
1.24414062
1.24414062
1.25122070
1.24548339
1.24560546
1.24523925
1.25292968
1.24560546
1.24902343
1.24902343
1.24536132
1.25146484
1.24572753
1.24768066
1.24426269
1.24816894
1.24536132
1.24902343
1.24536132
1.25219726
1.24548339
1.24914550
1.24670410
1.25280761
1.24426269
1.24658203
1.25024414
1.24902343
1.24536132
1.25073242
1.24670410
1.24902343
1.24658203
1.24597167
1.24670410
1.24682617
1.24658203
1.24536132
1.24768066
1.24536132
1.24658203
1.24438476
1.24670410
1.24792480
1.24438476
1.24487304
1.24609375
1.24414062
1.24658203
1.24536132
1.24780273
1.24426269
1.24572753
1.24536132
1.24658203
1.25207519
1.24658203
1.24853515
1.24975585
1.24865722
1.24658203
1.24853515
1.24743652
1.24670410
1.25024414
1.24938964
1.24536132
1.24792480
1.24658203
1.25390625
1.24487304
1.24658203
1.24658203
1.24719238
1.24951171
1.25158691
1.25122070
1.24853515
1.24414062
1.24816894
1.24548339
1.24536132
1.24536132
1.24670410
1.24682617
1.24572753
1.24536132
1.24401855
1.24438476
1.24536132
1.24951171
1.24548339
1.24853515
1.24853515
1.24731445
1.24719238
1.24536132
1.24975585
1.24731445
1.25024414
1.25024414
1.24829101
1.24560546
1.25097656
1.24829101
1.25012207
1.24853515
1.25024414
1.24694824
