1.25036621
1.25354003
1.25280761
1.25158691
1.25158691
1.25341796
1.24804687
1.25036621
1.25036621
1.24926757
1.25292968
1.25085449
1.25036621
1.25036621
1.25451660
1.25292968
1.24499511
1.25561523
1.26013183
1.25439453
1.25683593
1.25781250
1.25390625
1.24621582
1.24560546
1.24548339
1.24658203
1.24536132
1.25012207
1.25048828
1.24597167
1.25024414
1.25964355
1.24682617
1.24670410
1.24621582
1.25170898
1.25146484
1.24658203
1.24792480
1.24865722
1.24792480
1.25183105
1.24548339
1.24792480
1.24548339
1.24902343
1.24694824
1.24890136
1.24792480
1.24841308
1.24902343
1.25134277
1.24768066
1.24536132
1.24768066
1.24645996
1.24548339
1.24499511
1.24902343
1.24804687
1.24670410
1.25012207
1.24560546
1.24670410
1.24414062
1.25244140
1.24548339
1.24877929
1.24902343
1.24658203
1.24670410
1.24719238
1.24536132
1.24902343
1.24536132
1.24780273
1.24450683
1.24914550
1.24548339
1.24804687
1.24536132
1.24536132
1.24792480
1.24670410
1.24658203
1.24792480
1.24536132
1.24938964
1.25402832
1.25268554
1.25048828
1.24768066
1.25061035
1.24658203
1.24658203
1.24536132
1.24768066
1.24438476
1.24902343
1.24743652
1.24890136
1.24536132
1.24353027
1.24670410
1.24536132
1.24865722
1.24548339
1.24633789
1.24438476
1.25256347
1.25244140
1.25000000
1.24658203
1.24670410
1.24633789
1.24438476
1.24829101
1.24963378
1.24926757
1.24926757
1.24780273
1.24792480
1.24682617
1.24670410
1.24902343
1.24548339
1.24658203
1.24902343
1.24633789
1.24658203
1.24523925
1.24877929
1.25146484
1.25183105
1.24816894
1.24658203
1.24902343
1.24902343
1.24670410
1.24682617
1.24353027
1.24536132
1.24548339
1.24548339
1.24536132
1.24963378
1.24548339
1.24633789
1.24536132
1.24670410
1.24694824
1.24511718
1.24841308
1.24804687
1.24597167
1.25195312
1.24792480
1.24987792
1.24938964
1.24438476
1.25061035
1.24414062
1.24426269
1.25097656
1.24438476
1.24536132
1.24438476
1.24548339
1.25207519
1.24853515
1.24865722
1.25183105
1.24975585
1.24548339
1.25195312
1.24536132
1.25268554
1.24670410
1.24548339
1.24658203
1.25280761
1.25024414
1.25012207
1.24609375
1.24597167
1.24780273
1.24548339
1.24462890
1.24670410
1.24536132
1.24670410
1.24438476
1.24780273
1.24536132
1.24450683
1.24804687
1.24963378
1.24670410
1.24572753
