1.24987792
1.25378417
1.24548339
1.25024414
1.24853515
1.25048828
1.25952148
1.25390625
1.25036621
1.24511718
1.24914550
1.24865722
1.25476074
1.25695800
1.25451660
1.25402832
1.25524902
1.25537109
1.25488281
1.25500488
1.25256347
1.25549316
1.24487304
1.24816894
1.24572753
1.24438476
1.24682617
1.24755859
1.24438476
1.24658203
1.24963378
1.24731445
1.24548339
1.24658203
1.24780273
1.24548339
1.24670410
1.24938964
1.24536132
1.24792480
1.24658203
1.24951171
1.24658203
1.24780273
1.24792480
1.24987792
1.24560546
1.24426269
1.24438476
1.24902343
1.24780273
1.25012207
1.24414062
1.24670410
1.24548339
1.24902343
1.24548339
1.24365234
1.25195312
1.24536132
1.24426269
1.24768066
1.24438476
1.24414062
1.24536132
1.24536132
1.24780273
1.25317382
1.24890136
1.24536132
1.24792480
1.24780273
1.24450683
1.24438476
1.24926757
1.24768066
1.24804687
1.24926757
1.24548339
1.24523925
1.24438476
1.24560546
1.25036621
1.24548339
1.24829101
1.24572753
1.24536132
1.24414062
1.25012207
1.25500488
1.24816894
1.25280761
1.24548339
1.24658203
1.24987792
1.24670410
1.24902343
1.25207519
1.24914550
1.24841308
1.24877929
1.25000000
1.24548339
1.24780273
1.25134277
1.24548339
1.24487304
1.25036621
1.24792480
1.24804687
1.24548339
1.24536132
1.24414062
1.24414062
1.24401855
1.24768066
1.24462890
1.24548339
1.24743652
1.24462890
1.24768066
1.24548339
1.24658203
1.24304199
1.24914550
1.24414062
1.24584960
1.24780273
1.24804687
1.24645996
1.24353027
1.24670410
1.25793457
1.24633789
1.24658203
1.24230957
1.24548339
1.24572753
1.24414062
1.24438476
1.24658203
1.24780273
1.24816894
1.24865722
1.24560546
1.24890136
1.24536132
1.24609375
1.24414062
1.24548339
1.24658203
1.24658203
1.24365234
1.24511718
1.24316406
1.24658203
1.24536132
1.24536132
1.24658203
1.24853515
1.24536132
1.24536132
1.24780273
1.24694824
1.24853515
1.24548339
1.24658203
1.25097656
1.24792480
1.24792480
1.24670410
1.25085449
1.25268554
1.25280761
1.24304199
1.24658203
1.24536132
1.24755859
1.24536132
1.24670410
1.24572753
1.24536132
1.24536132
1.24438476
1.24548339
1.24536132
1.24670410
1.24414062
1.24780273
1.24670410
1.24584960
1.24865722
1.24987792
1.25134277
1.24877929
1.24865722
1.24279785
1.24438476
1.24755859
1.24877929
