1.25268554
1.25122070
1.25146484
1.25024414
1.25280761
1.25000000
1.25463867
1.25097656
1.25463867
1.25158691
1.24902343
1.25549316
1.25549316
1.25317382
1.25805664
1.25915527
1.25451660
1.25549316
1.25415039
1.25415039
1.25415039
1.25793457
1.25781250
1.24731445
1.24560546
1.24475097
1.24438476
1.24670410
1.24792480
1.24365234
1.24926757
1.24560546
1.24536132
1.25048828
1.24951171
1.24414062
1.25134277
1.24645996
1.24902343
1.24414062
1.24414062
1.24743652
1.25024414
1.24536132
1.24670410
1.24548339
1.24645996
1.24548339
1.24438476
1.25024414
1.24560546
1.24902343
1.24548339
1.24536132
1.24792480
1.24475097
1.24865722
1.25012207
1.24182128
1.24768066
1.24536132
1.24890136
1.25146484
1.24938964
1.24853515
1.24658203
1.24414062
1.24548339
1.24658203
1.24536132
1.24902343
1.24658203
1.24780273
1.24841308
1.24536132
1.24536132
1.24536132
1.24414062
1.24548339
1.24670410
1.24841308
1.24682617
1.24768066
1.24426269
1.24658203
1.24658203
1.24536132
1.24572753
1.24584960
1.24438476
1.24548339
1.24304199
1.24414062
1.24914550
1.25097656
1.24536132
1.24548339
1.24523925
1.25024414
1.24658203
1.24230957
1.24658203
1.24816894
1.25317382
1.24523925
1.24499511
1.24548339
1.24328613
1.24804687
1.24926757
1.24523925
1.24853515
1.24499511
1.24975585
1.24804687
1.24780273
1.25012207
1.24560546
1.25012207
1.24499511
1.24780273
1.24426269
1.24902343
1.24536132
1.24768066
1.24536132
1.24523925
1.24475097
1.24792480
1.24414062
1.24670410
1.24670410
1.24536132
1.24536132
1.24414062
1.24536132
1.24536132
1.24682617
1.24829101
1.24768066
1.24328613
1.24438476
1.24670410
1.24780273
1.24548339
1.24682617
1.24768066
1.24658203
1.24926757
1.24621582
1.24829101
1.24768066
1.24609375
1.24523925
1.24658203
1.24829101
1.24938964
1.24829101
1.24816894
1.24755859
1.24658203
1.25048828
1.24731445
1.24816894
1.24938964
1.24499511
1.24816894
1.25048828
1.24792480
1.24658203
1.24792480
1.24438476
1.24902343
1.24291992
1.24877929
1.24536132
1.24633789
1.24438476
1.24536132
1.24584960
1.24462890
1.24658203
1.24291992
1.24877929
1.24414062
1.24853515
1.24548339
1.24658203
1.24536132
1.24414062
1.24414062
1.24511718
1.24841308
1.24780273
1.24951171
1.24938964
1.24951171
1.24768066
1.24438476
1.25988769
