1.24914550
1.25134277
1.24926757
1.25036621
1.24987792
1.25158691
1.25158691
1.25036621
1.25207519
1.25158691
1.25329589
1.25793457
1.25500488
1.24914550
1.25537109
1.24902343
1.26135253
1.25585937
1.24926757
1.25769042
1.25744628
1.26025390
1.25292968
1.24792480
1.24938964
1.24768066
1.24914550
1.24414062
1.24743652
1.24414062
1.25024414
1.24536132
1.24792480
1.24536132
1.25146484
1.24548339
1.24780273
1.24658203
1.25244140
1.24438476
1.24902343
1.25024414
1.24340820
1.24804687
1.24658203
1.24462890
1.24438476
1.24560546
1.25012207
1.24731445
1.24658203
1.24560546
1.25036621
1.24768066
1.24658203
1.24609375
1.24560546
1.24658203
1.24450683
1.24450683
1.24536132
1.24658203
1.24597167
1.24670410
1.25012207
1.24548339
1.24670410
1.24499511
1.24902343
1.24548339
1.24963378
1.24902343
1.24768066
1.24536132
1.24658203
1.24792480
1.25402832
1.24658203
1.24792480
1.24780273
1.24645996
1.24523925
1.24902343
1.24536132
1.25024414
1.24865722
1.24536132
1.24658203
1.24792480
1.25012207
1.24877929
1.24780273
1.25219726
1.24792480
1.24462890
1.24902343
1.24536132
1.24670410
1.24438476
1.24279785
1.25549316
1.24658203
1.24475097
1.24792480
1.24658203
1.24890136
1.24536132
1.25097656
1.24902343
1.24536132
1.24902343
1.24560546
1.24304199
1.24438476
1.24536132
1.24536132
1.24670410
1.24536132
1.24780273
1.24902343
1.24658203
1.24768066
1.24670410
1.24670410
1.24645996
1.24658203
1.24291992
1.24658203
1.24926757
1.24780273
1.24719238
1.25146484
1.25158691
1.24963378
1.24658203
1.24475097
1.25073242
1.24658203
1.24914550
1.25219726
1.24890136
1.25134277
1.24987792
1.24658203
1.24658203
1.24682617
1.24841308
1.24792480
1.24536132
1.24621582
1.24670410
1.24853515
1.25134277
1.24792480
1.25146484
1.24414062
1.24926757
1.24780273
1.25207519
1.24914550
1.24670410
1.25012207
1.24536132
1.24914550
1.24536132
1.24645996
1.24597167
1.24731445
1.24536132
1.24658203
1.24816894
1.24841308
1.24316406
1.24633789
1.24877929
1.24560546
1.24536132
1.25073242
1.24560546
1.24536132
1.24536132
1.24658203
1.25207519
1.24670410
1.25134277
1.24536132
1.25146484
1.24633789
1.24438476
1.24914550
1.24938964
1.25134277
1.24548339
1.25048828
1.24523925
1.24426269
1.24658203
1.24475097
1.24926757
1.24414062
