1.24975585
1.25146484
1.25402832
1.24987792
1.25036621
1.25036621
1.25122070
1.25012207
1.25415039
1.25280761
1.24914550
1.25061035
1.24816894
1.25170898
1.25024414
1.25537109
1.25280761
1.24926757
1.25134277
1.25122070
1.25036621
1.24890136
1.25256347
1.24536132
1.24536132
1.24890136
1.24768066
1.25366210
1.24560546
1.24645996
1.24523925
1.24536132
1.25134277
1.24792480
1.25183105
1.25354003
1.24926757
1.25012207
1.24877929
1.24548339
1.24426269
1.24902343
1.24438476
1.24829101
1.25366210
1.24548339
1.24621582
1.24902343
1.24658203
1.24804687
1.24926757
1.24438476
1.24536132
1.24536132
1.24487304
1.24426269
1.24536132
1.24829101
1.24658203
1.24438476
1.24523925
1.24523925
1.24658203
1.25109863
1.24560546
1.25024414
1.24780273
1.24670410
1.24792480
1.24645996
1.25012207
1.24536132
1.24499511
1.24560546
1.24536132
1.24633789
1.24536132
1.24548339
1.24658203
1.25146484
1.24536132
1.24438476
1.24804687
1.24548339
1.24548339
1.24792480
1.24658203
1.24621582
1.24670410
1.24536132
1.24780273
1.24890136
1.24560546
1.24780273
1.24328613
1.24475097
1.25158691
1.24536132
1.24902343
1.24926757
1.24902343
1.24694824
1.25024414
1.24768066
1.24645996
1.24658203
1.24438476
1.24316406
1.24658203
1.24682617
1.24548339
1.24548339
1.24902343
1.25012207
1.24536132
1.24780273
1.24670410
1.24414062
1.24536132
1.24792480
1.24658203
1.24902343
1.24938964
1.24902343
1.25012207
1.25305175
1.24902343
1.24523925
1.24536132
1.24548339
1.24658203
1.24560546
1.24731445
1.25012207
1.25061035
1.24890136
1.24609375
1.24658203
1.24658203
1.24438476
1.24670410
1.24536132
1.24658203
1.24963378
1.24414062
1.24670410
1.24560546
1.24658203
1.24926757
1.24548339
1.24645996
1.24694824
1.24475097
1.24780273
1.24670410
1.24670410
1.24658203
1.24597167
1.24438476
1.24353027
1.24658203
1.24682617
1.24914550
1.25085449
1.24987792
1.24841308
1.24829101
1.25061035
1.25048828
1.24804687
1.25158691
1.24389648
1.24316406
1.24658203
1.24426269
1.24658203
1.24426269
1.25073242
1.24670410
1.24426269
1.24548339
1.25061035
1.24792480
1.24633789
1.24792480
1.24645996
1.24658203
1.24462890
1.24670410
1.25378417
1.24951171
1.25036621
1.24902343
1.25012207
1.24670410
1.24926757
1.24536132
1.24548339
1.24658203
1.24780273
