1.24865722
1.25073242
1.24902343
1.25476074
1.24938964
1.24804687
1.25036621
1.25646972
1.25183105
1.24926757
1.25158691
1.25500488
1.25610351
1.24938964
1.25415039
1.25415039
1.25048828
1.25561523
1.25439453
1.25573730
1.25317382
1.25671386
1.24536132
1.24804687
1.24902343
1.24902343
1.24902343
1.24768066
1.24658203
1.24645996
1.24475097
1.24523925
1.24792480
1.24548339
1.24670410
1.24792480
1.24597167
1.24414062
1.25183105
1.24304199
1.24682617
1.24792480
1.25158691
1.24963378
1.24060058
1.24536132
1.25024414
1.24487304
1.24536132
1.25146484
1.24548339
1.24475097
1.24536132
1.24780273
1.24902343
1.24670410
1.24670410
1.24560546
1.24304199
1.24670410
1.24536132
1.24426269
1.24548339
1.24426269
1.24719238
1.24377441
1.24780273
1.25317382
1.24548339
1.24780273
1.24414062
1.24316406
1.24438476
1.24890136
1.24536132
1.24792480
1.24682617
1.24938964
1.24731445
1.24548339
1.24670410
1.24548339
1.24560546
1.24536132
1.24768066
1.24548339
1.24890136
1.24426269
1.24511718
1.24426269
1.24353027
1.24536132
1.25048828
1.24560546
1.24670410
1.24670410
1.24487304
1.24804687
1.24536132
1.24951171
1.24511718
1.24450683
1.25134277
1.24560546
1.24658203
1.24902343
1.24536132
1.24414062
1.25012207
1.24853515
1.24768066
1.24841308
1.24768066
1.24536132
1.24194335
1.24438476
1.24499511
1.24755859
1.24658203
1.24975585
1.24816894
1.24414062
1.24792480
1.24414062
1.24475097
1.24658203
1.24658203
1.24536132
1.24462890
1.24438476
1.24670410
1.24560546
1.24548339
1.24853515
1.24291992
1.24658203
1.24719238
1.24658203
1.24548339
1.24841308
1.24938964
1.24841308
1.24255371
1.24670410
1.24536132
1.24279785
1.24658203
1.24768066
1.24450683
1.24975585
1.24316406
1.24536132
1.24548339
1.24499511
1.25268554
1.24951171
1.25109863
1.25000000
1.24804687
1.24536132
1.24963378
1.24548339
1.24816894
1.25146484
1.24694824
1.24536132
1.24450683
1.24853515
1.24536132
1.24536132
1.24230957
1.24768066
1.24548339
1.24536132
1.25109863
1.24414062
1.24792480
1.24645996
1.24536132
1.24658203
1.24938964
1.24975585
1.24768066
1.24914550
1.24816894
1.24963378
1.24914550
1.24658203
1.24926757
1.24609375
1.25048828
1.24853515
1.24926757
1.24902343
1.24560546
1.25122070
1.24926757
1.24645996
1.24682617
1.24658203
