1.25671386
1.25036621
1.25610351
1.26477050
1.25854492
1.25488281
1.25854492
1.25866699
1.25659179
1.26232910
1.25646972
1.25793457
1.25744628
1.25781250
1.25854492
1.26245117
1.26098632
1.25854492
1.25622558
1.25817871
1.25720214
1.25610351
1.25744628
1.26098632
1.25756835
1.25512695
1.25622558
1.25598144
1.25610351
1.26281738
1.26379394
1.25744628
1.25769042
1.26245117
1.25720214
1.26464843
1.25915527
1.25683593
1.26281738
1.26196289
1.26477050
1.26318359
1.25854492
1.26403808
1.26354980
1.26245117
1.25500488
1.26245117
1.26599121
1.26403808
1.26977539
1.25744628
1.26367187
1.25976562
1.26330566
1.25793457
1.25402832
1.25524902
1.26367187
1.26330566
1.25854492
1.25793457
1.26159667
1.26245117
1.26025390
1.26098632
1.26062011
1.26782226
1.25927734
1.26367187
1.25769042
1.26403808
1.26599121
1.26245117
1.26110839
1.26416015
1.25622558
1.26281738
1.26110839
1.25744628
1.25036621
1.25158691
1.26403808
1.25805664
1.26354980
1.26354980
1.26354980
1.26196289
1.26525878
1.26135253
1.26098632
1.26477050
1.24914550
1.25769042
1.26159667
1.26428222
1.26354980
1.25915527
1.25744628
1.25903320
1.26184082
1.26367187
1.25854492
1.25744628
1.25927734
1.26354980
1.26354980
1.26354980
1.26977539
1.26147460
1.26245117
1.26025390
1.25769042
1.26196289
1.25683593
1.25268554
1.26599121
1.26367187
1.26464843
1.26367187
1.26477050
1.25598144
1.26367187
1.24816894
1.26013183
1.25744628
1.25744628
1.26440429
1.26135253
1.26733398
1.25415039
1.26977539
1.26354980
1.26245117
1.25976562
1.25695800
1.25390625
1.26245117
1.25756835
1.26098632
1.25744628
1.25622558
1.25732421
1.26489257
1.25744628
1.26477050
1.26049804
1.25146484
1.25708007
1.26147460
1.26367187
1.26110839
1.26379394
1.26403808
1.26367187
1.25000000
1.25659179
1.26245117
1.25744628
1.26354980
1.26367187
1.26037597
1.25622558
1.25708007
1.26989746
1.26000976
1.26257324
1.26269531
1.26293945
1.26257324
1.25964355
1.26208496
1.26367187
1.26159667
1.26220703
1.26220703
1.25756835
1.25390625
1.26245117
1.26184082
1.25732421
1.26538085
1.25488281
1.26098632
1.25781250
1.26269531
1.25793457
1.26220703
1.25744628
1.26135253
1.25854492
1.26000976
1.25744628
1.26135253
1.25744628
1.26208496
1.25390625
1.25866699
1.26098632
1.25830078
