1.25146484
1.26440429
1.25952148
1.25622558
1.25927734
1.25524902
1.26208496
1.25732421
1.26257324
1.26477050
1.25708007
1.25390625
1.26452636
1.25866699
1.26123046
1.25488281
1.25842285
1.26159667
1.26770019
1.25280761
1.25866699
1.25622558
1.26599121
1.25744628
1.25976562
1.25524902
1.25939941
1.25573730
1.26574707
1.26477050
1.25732421
1.26110839
1.26123046
1.25695800
1.25988769
1.25817871
1.26159667
1.26611328
1.26196289
1.26757812
1.26489257
1.25634765
1.26269531
1.26330566
1.26086425
1.26477050
1.25305175
1.26086425
1.25769042
1.25488281
1.26098632
1.25036621
1.26379394
1.25854492
1.26135253
1.26550292
1.25537109
1.26477050
1.26477050
1.26196289
1.26354980
1.26330566
1.26281738
1.24841308
1.26269531
1.26599121
1.26403808
1.26098632
1.26489257
1.26318359
1.25598144
1.26538085
1.25463867
1.26489257
1.25988769
1.25671386
1.26684570
1.26306152
1.26635742
1.26452636
1.25646972
1.26037597
1.26660156
1.26928710
1.25793457
1.25976562
1.26599121
1.26086425
1.26782226
1.26220703
1.25634765
1.25878906
1.26232910
1.26208496
1.26000976
1.25891113
1.25671386
1.26220703
1.25598144
1.26208496
1.26574707
1.26354980
1.25622558
1.26232910
1.26354980
1.25830078
1.26245117
1.25476074
1.26330566
1.26367187
1.25598144
1.26110839
1.25537109
1.26330566
1.26489257
1.26611328
1.26000976
1.26354980
1.26721191
1.25732421
1.25537109
1.26269531
1.25988769
1.26245117
1.25964355
1.26342773
1.25866699
1.25927734
1.25183105
1.26867675
1.25866699
1.25708007
1.26477050
1.26269531
1.27111816
1.25781250
1.26416015
1.25598144
1.26599121
1.26232910
1.26220703
1.25988769
1.26489257
1.26208496
1.25659179
1.26354980
1.26086425
1.26110839
1.25708007
1.24963378
1.25610351
1.26440429
1.25927734
1.26147460
1.26196289
1.26354980
1.26257324
1.26367187
1.26464843
1.26269531
1.25744628
1.25573730
1.26135253
1.25817871
1.26171875
1.25952148
1.25939941
1.25720214
1.25769042
1.24938964
1.25708007
1.25939941
1.25927734
1.25964355
1.26257324
1.25952148
1.26147460
1.26049804
1.26013183
1.25708007
1.26013183
1.25671386
1.26232910
1.26013183
1.26184082
1.25878906
1.25988769
1.25109863
1.25708007
1.25769042
1.26159667
1.25939941
1.25708007
1.25708007
1.25769042
1.25695800
1.25634765
1.26062011
1.26367187
1.26342773
