1.25988769
1.25732421
1.26110839
1.26049804
1.25683593
1.26354980
1.26379394
1.26391601
1.25793457
1.26501464
1.25854492
1.26708984
1.26367187
1.26135253
1.26354980
1.25756835
1.26318359
1.25646972
1.26220703
1.25708007
1.25634765
1.26928710
1.27124023
1.26611328
1.26525878
1.26391601
1.25891113
1.25732421
1.25866699
1.25854492
1.26354980
1.25854492
1.25866699
1.26354980
1.25976562
1.25744628
1.25732421
1.25769042
1.26354980
1.25256347
1.26318359
1.26232910
1.26098632
1.26062011
1.25915527
1.25854492
1.26477050
1.25744628
1.26599121
1.26232910
1.26513671
1.25927734
1.25756835
1.26123046
1.26391601
1.26354980
1.25854492
1.25854492
1.24963378
1.24853515
1.25659179
1.26184082
1.26220703
1.26184082
1.26049804
1.26245117
1.25671386
1.26489257
1.26416015
1.26318359
1.26049804
1.25866699
1.26306152
1.25732421
1.26098632
1.26379394
1.26135253
1.26477050
1.25488281
1.26245117
1.26000976
1.26196289
1.25610351
1.26562500
1.26489257
1.25732421
1.25610351
1.25854492
1.26025390
1.26477050
1.26452636
1.26330566
1.26354980
1.26318359
1.26342773
1.26184082
1.25610351
1.25537109
1.25634765
1.26367187
1.24890136
1.25109863
1.25744628
1.26525878
1.26013183
1.26220703
1.25927734
1.26464843
1.26135253
1.26123046
1.26477050
1.26330566
1.26428222
1.25744628
1.26489257
1.26293945
1.26330566
1.25744628
1.25805664
1.26354980
1.26171875
1.26843261
1.25610351
1.26013183
1.26354980
1.26477050
1.25537109
1.26135253
1.26257324
1.25634765
1.26953125
1.26245117
1.26086425
1.26220703
1.26245117
1.26245117
1.26904296
1.26269531
1.25744628
1.25512695
1.25878906
1.26330566
1.26318359
1.25805664
1.26269531
1.25720214
1.26257324
1.25732421
1.26110839
1.25732421
1.25854492
1.25793457
1.25793457
1.25866699
1.25976562
1.26123046
1.26220703
1.25085449
1.25854492
1.25976562
1.25793457
1.26245117
1.25988769
1.25854492
1.25744628
1.25927734
1.26208496
1.25915527
1.25781250
1.26110839
1.25744628
1.26245117
1.25891113
1.25817871
1.25500488
1.25793457
1.26159667
1.25500488
1.25842285
1.26025390
1.26135253
1.26098632
1.26171875
1.25744628
1.26220703
1.25744628
1.25915527
1.25866699
1.25817871
1.26013183
1.25744628
1.26098632
1.25329589
1.25695800
1.25854492
1.26208496
1.25866699
1.25842285
1.26062011
1.26220703
