1.26477050
1.26220703
1.26354980
1.26098632
1.25854492
1.25744628
1.25610351
1.26428222
1.25817871
1.26354980
1.25695800
1.26550292
1.26049804
1.25732421
1.25524902
1.26000976
1.26049804
1.26477050
1.25732421
1.26269531
1.26452636
1.25744628
1.26757812
1.26354980
1.26477050
1.25976562
1.26379394
1.26269531
1.25915527
1.26354980
1.26477050
1.26257324
1.25036621
1.26989746
1.26489257
1.26354980
1.26611328
1.26391601
1.26489257
1.26245117
1.26318359
1.26245117
1.26684570
1.26245117
1.26184082
1.26159667
1.26599121
1.26159667
1.26110839
1.25976562
1.25341796
1.25146484
1.25976562
1.26110839
1.26477050
1.26245117
1.26477050
1.26098632
1.25659179
1.25598144
1.25366210
1.25610351
1.25610351
1.26159667
1.25573730
1.25732421
1.25744628
1.26098632
1.25744628
1.26245117
1.25866699
1.25915527
1.26293945
1.26049804
1.26721191
1.24584960
1.26025390
1.26245117
1.26354980
1.25854492
1.25659179
1.26245117
1.26318359
1.26257324
1.25756835
1.26513671
1.26245117
1.26025390
1.25976562
1.25891113
1.25976562
1.26403808
1.25622558
1.26489257
1.26367187
1.25012207
1.25634765
1.25854492
1.26367187
1.26123046
1.26367187
1.25500488
1.26489257
1.25976562
1.26232910
1.26354980
1.26245117
1.25744628
1.26232910
1.26477050
1.26074218
1.25744628
1.26599121
1.26599121
1.25927734
1.26037597
1.26269531
1.25646972
1.25830078
1.25854492
1.26293945
1.26379394
1.26245117
1.25610351
1.25769042
1.26013183
1.26269531
1.26062011
1.26586914
1.25866699
1.25634765
1.26733398
1.26245117
1.25744628
1.26135253
1.26354980
1.25427246
1.25988769
1.26989746
1.25573730
1.26171875
1.26123046
1.26416015
1.26281738
1.24853515
1.26367187
1.25988769
1.26147460
1.25854492
1.25488281
1.26232910
1.25805664
1.26257324
1.26220703
1.26037597
1.25744628
1.26477050
1.25146484
1.25854492
1.26037597
1.26245117
1.26257324
1.26159667
1.25854492
1.25866699
1.26184082
1.25976562
1.25866699
1.26123046
1.25866699
1.25744628
1.25744628
1.25708007
1.26110839
1.25805664
1.25146484
1.26098632
1.25744628
1.25854492
1.25744628
1.26232910
1.26293945
1.25671386
1.25939941
1.25854492
1.25988769
1.25976562
1.25854492
1.25744628
1.25817871
1.25659179
1.26062011
1.25854492
1.24926757
1.26110839
1.25610351
1.26171875
1.25854492
1.25659179
1.26354980
