1.26428222
1.26269531
1.26281738
1.25854492
1.26477050
1.26757812
1.26330566
1.25524902
1.25891113
1.25976562
1.26501464
1.25708007
1.25268554
1.26245117
1.26245117
1.26354980
1.26062011
1.26000976
1.26232910
1.26477050
1.26477050
1.26379394
1.26489257
1.26086425
1.25744628
1.25732421
1.26232910
1.26269531
1.25610351
1.26025390
1.25659179
1.26293945
1.26171875
1.26123046
1.26477050
1.25866699
1.25976562
1.25549316
1.25146484
1.26489257
1.25988769
1.25793457
1.25268554
1.25585937
1.26354980
1.26293945
1.26098632
1.26501464
1.26330566
1.26477050
1.25866699
1.26489257
1.26538085
1.25732421
1.25939941
1.26342773
1.26086425
1.25134277
1.25695800
1.26306152
1.26440429
1.26745605
1.26110839
1.26843261
1.25744628
1.26342773
1.25732421
1.26477050
1.25622558
1.25683593
1.26354980
1.25854492
1.26513671
1.26245117
1.25988769
1.26196289
1.26477050
1.25878906
1.25903320
1.25659179
1.25732421
1.25939941
1.26232910
1.25854492
1.25634765
1.26245117
1.26232910
1.25891113
1.25708007
1.25854492
1.26208496
1.25622558
1.26232910
1.26293945
1.25976562
1.26513671
1.25549316
1.26538085
1.25988769
1.25622558
1.26159667
1.26062011
1.26269531
1.25512695
1.26367187
1.26403808
1.25622558
1.26281738
1.26367187
1.26489257
1.25769042
1.26232910
1.25988769
1.25744628
1.25854492
1.25158691
1.25903320
1.26037597
1.25500488
1.26245117
1.25744628
1.26403808
1.26501464
1.26123046
1.26123046
1.26477050
1.26599121
1.26464843
1.25866699
1.25024414
1.25646972
1.25769042
1.25769042
1.25500488
1.25378417
1.25744628
1.25744628
1.25732421
1.26354980
1.25866699
1.25744628
1.25732421
1.25878906
1.26147460
1.25512695
1.26147460
1.25866699
1.25659179
1.25854492
1.25744628
1.25695800
1.26184082
1.25939941
1.25744628
1.26416015
1.26293945
1.26135253
1.25976562
1.25744628
1.25976562
1.26147460
1.25756835
1.25427246
1.25439453
1.25866699
1.25988769
1.25732421
1.25854492
1.25866699
1.25610351
1.26293945
1.26074218
1.26342773
1.25634765
1.25732421
1.25732421
1.25744628
1.25781250
1.25891113
1.25744628
1.25292968
1.26098632
1.25854492
1.25927734
1.25866699
1.25781250
1.25671386
1.25781250
1.25866699
1.26110839
1.25854492
1.25976562
1.25756835
1.25964355
1.25622558
1.25744628
1.25805664
1.26330566
1.25622558
1.25256347
