1.27551269
1.27661132
1.27600097
1.27685546
1.27709960
1.27111816
1.26672363
1.27441406
1.27075195
1.27111816
1.27416992
1.27551269
1.27294921
1.26928710
1.26916503
1.27746582
1.26599121
1.26672363
1.27136230
1.27050781
1.27416992
1.27050781
1.27026367
1.27795410
1.27673339
1.27636718
1.26770019
1.27673339
1.26672363
1.27563476
1.26940917
1.27185058
1.27246093
1.27172851
1.27185058
1.26916503
1.27294921
1.27294921
1.27282714
1.27026367
1.27270507
1.26782226
1.26794433
1.26708984
1.27136230
1.27294921
1.27709960
1.26940917
1.27136230
1.27075195
1.27648925
1.27062988
1.27062988
1.27697753
1.26892089
1.27258300
1.27807617
1.26794433
1.27612304
1.26843261
1.27746582
1.27001953
1.27563476
1.26794433
1.27673339
1.26794433
1.26745605
1.27209472
1.26782226
1.26672363
1.27697753
1.27673339
1.27148437
1.27124023
1.27075195
1.26806640
1.26940917
1.27661132
1.26562500
1.27038574
1.26916503
1.27636718
1.26672363
1.27307128
1.27294921
1.27307128
1.27185058
1.26794433
1.27124023
1.27075195
1.27661132
1.27172851
1.27624511
1.27014160
1.27551269
1.27050781
1.26696777
1.27062988
1.26855468
1.27563476
1.26806640
1.26794433
1.26977539
1.26525878
1.27514648
1.26708984
1.26928710
1.27685546
1.27307128
1.27172851
1.27185058
1.27697753
1.27172851
1.26452636
1.27062988
1.27172851
1.27807617
1.27661132
1.27697753
1.26892089
1.27124023
1.26806640
1.27050781
1.27319335
1.27099609
1.26916503
1.27478027
1.27050781
1.26794433
1.26489257
1.27233886
1.27709960
1.27648925
1.27673339
1.27099609
1.27429199
1.27575683
1.26940917
1.27526855
1.26928710
1.26660156
1.27062988
1.26794433
1.27197265
1.26196289
1.27172851
1.27221679
1.27795410
1.27673339
1.26916503
1.27172851
1.27172851
1.26733398
1.27587890
1.27600097
1.27526855
1.27709960
1.27758789
1.27197265
1.27661132
1.26708984
1.27673339
1.26684570
1.26770019
1.27539062
1.27600097
1.26916503
1.26672363
1.27075195
1.27587890
1.27673339
1.27648925
1.27429199
1.27587890
1.27014160
1.27648925
1.26879882
1.26940917
1.26684570
1.27783203
1.26794433
1.26928710
1.26843261
1.26831054
1.26794433
1.26806640
1.26794433
1.26672363
1.27172851
1.26672363
1.26416015
1.26562500
1.26550292
1.26684570
1.27209472
1.26684570
1.27111816
1.27172851
1.27355957
1.27282714
