1.26989746
1.26892089
1.26940917
1.27673339
1.27258300
1.27209472
1.27416992
1.27185058
1.27600097
1.27001953
1.26684570
1.27441406
1.26525878
1.27722167
1.27709960
1.27062988
1.27099609
1.26904296
1.27392578
1.26721191
1.26586914
1.27697753
1.26794433
1.27807617
1.27685546
1.26721191
1.26806640
1.27441406
1.27062988
1.27099609
1.26647949
1.27087402
1.26794433
1.26928710
1.26550292
1.26928710
1.26696777
1.27062988
1.27795410
1.26818847
1.26989746
1.27819824
1.27233886
1.27673339
1.27282714
1.26342773
1.26708984
1.26647949
1.27050781
1.27197265
1.26672363
1.27673339
1.27307128
1.27050781
1.27319335
1.27136230
1.26647949
1.27062988
1.27331542
1.27062988
1.27307128
1.27587890
1.26672363
1.27197265
1.27172851
1.27795410
1.27038574
1.27587890
1.27526855
1.27697753
1.27099609
1.27050781
1.27026367
1.27673339
1.26794433
1.26940917
1.26672363
1.27197265
1.27282714
1.27526855
1.27648925
1.27294921
1.26892089
1.27001953
1.27648925
1.27160644
1.27233886
1.27062988
1.27294921
1.27563476
1.27270507
1.27185058
1.26745605
1.26586914
1.26708984
1.26696777
1.27783203
1.26623535
1.27038574
1.26354980
1.26696777
1.27111816
1.27233886
1.27893066
1.27709960
1.27319335
1.27429199
1.26794433
1.27673339
1.26794433
1.27575683
1.26721191
1.27172851
1.27001953
1.27600097
1.26928710
1.26989746
1.27648925
1.27539062
1.27001953
1.26660156
1.26562500
1.27673339
1.27526855
1.26928710
1.27038574
1.26428222
1.27172851
1.26721191
1.26953125
1.27758789
1.27172851
1.26708984
1.27612304
1.27587890
1.27294921
1.26672363
1.26232910
1.27673339
1.26257324
1.27612304
1.27294921
1.27673339
1.26794433
1.27587890
1.27819824
1.27624511
1.26794433
1.27697753
1.27514648
1.26831054
1.27709960
1.27709960
1.27636718
1.27355957
1.27539062
1.26660156
1.26928710
1.27795410
1.27612304
1.27270507
1.26672363
1.26684570
1.26647949
1.26831054
1.26794433
1.27575683
1.26660156
1.27648925
1.26892089
1.26916503
1.26562500
1.26940917
1.26806640
1.26672363
1.26538085
1.26782226
1.26916503
1.26745605
1.26794433
1.26928710
1.26672363
1.26599121
1.26831054
1.26916503
1.26916503
1.26721191
1.26562500
1.26745605
1.26782226
1.26672363
1.26794433
1.26879882
1.26562500
1.26562500
1.26708984
1.26831054
1.26770019
1.26562500
1.26843261
