1.27185058
1.27185058
1.27050781
1.27331542
1.27404785
1.27160644
1.26928710
1.27185058
1.26708984
1.26818847
1.27087402
1.27539062
1.27807617
1.27551269
1.27185058
1.26916503
1.26794433
1.27246093
1.26672363
1.27551269
1.26940917
1.26696777
1.26818847
1.27294921
1.27124023
1.27416992
1.26953125
1.27648925
1.27441406
1.26562500
1.26928710
1.27062988
1.26953125
1.27563476
1.27111816
1.27709960
1.26525878
1.27539062
1.27343750
1.26916503
1.26757812
1.26794433
1.27697753
1.26940917
1.27673339
1.27563476
1.27575683
1.27038574
1.27722167
1.27807617
1.27233886
1.27294921
1.27160644
1.26782226
1.27648925
1.27197265
1.27551269
1.27795410
1.27307128
1.27050781
1.27441406
1.27795410
1.27575683
1.26672363
1.27746582
1.27075195
1.27673339
1.26794433
1.27661132
1.27783203
1.27307128
1.26586914
1.27294921
1.28515625
1.27819824
1.27075195
1.27673339
1.27001953
1.27648925
1.27685546
1.26818847
1.27124023
1.26672363
1.26684570
1.27050781
1.26806640
1.27490234
1.26440429
1.27075195
1.26708984
1.27075195
1.26953125
1.27185058
1.26953125
1.26953125
1.26953125
1.27551269
1.27075195
1.26953125
1.26672363
1.26965332
1.27331542
1.27185058
1.27758789
1.26672363
1.26953125
1.26879882
1.27673339
1.26818847
1.27185058
1.27111816
1.26794433
1.27282714
1.27172851
1.27514648
1.27087402
1.27673339
1.26953125
1.27673339
1.26562500
1.26672363
1.27319335
1.27343750
1.26672363
1.27099609
1.26794433
1.27307128
1.27075195
1.27636718
1.27600097
1.27160644
1.27819824
1.27661132
1.27624511
1.27563476
1.26757812
1.27441406
1.26684570
1.27661132
1.26562500
1.26928710
1.26770019
1.27636718
1.26794433
1.27685546
1.26794433
1.26342773
1.26367187
1.26403808
1.26818847
1.26440429
1.26525878
1.26318359
1.27441406
1.27587890
1.27551269
1.26708984
1.26916503
1.26794433
1.26086425
1.27709960
1.26672363
1.27575683
1.27819824
1.26428222
1.27648925
1.27746582
1.27539062
1.26721191
1.27661132
1.27526855
1.27526855
1.27612304
1.26916503
1.27307128
1.27294921
1.26550292
1.26843261
1.26672363
1.26550292
1.26672363
1.26672363
1.26794433
1.26672363
1.26879882
1.26672363
1.26696777
1.26672363
1.26794433
1.26904296
1.26672363
1.27062988
1.27172851
1.26574707
1.27209472
1.26574707
1.27185058
1.26684570
1.27172851
1.27294921
