1.26794433
1.26916503
1.26562500
1.27648925
1.27697753
1.27075195
1.27172851
1.27221679
1.26672363
1.27795410
1.26757812
1.27294921
1.27221679
1.27172851
1.26965332
1.27722167
1.26953125
1.27734375
1.27209472
1.27697753
1.27062988
1.27795410
1.27673339
1.27258300
1.26416015
1.26354980
1.26770019
1.26818847
1.27294921
1.27172851
1.27636718
1.26184082
1.27673339
1.26660156
1.27197265
1.26684570
1.26696777
1.27661132
1.27099609
1.26562500
1.27001953
1.27648925
1.26745605
1.27246093
1.27416992
1.27526855
1.27282714
1.27648925
1.27307128
1.27172851
1.26794433
1.26989746
1.27172851
1.27636718
1.26794433
1.27380371
1.26672363
1.27624511
1.26794433
1.26806640
1.26733398
1.27014160
1.26745605
1.27404785
1.26440429
1.27282714
1.26672363
1.27294921
1.27673339
1.27697753
1.27819824
1.27343750
1.27575683
1.26794433
1.27697753
1.27600097
1.26794433
1.27087402
1.26770019
1.27648925
1.26879882
1.26940917
1.26330566
1.26538085
1.26806640
1.27648925
1.26855468
1.26953125
1.26770019
1.27709960
1.26696777
1.27172851
1.27648925
1.26916503
1.27001953
1.26672363
1.27697753
1.26770019
1.27514648
1.26794433
1.26745605
1.26818847
1.27648925
1.27111816
1.26940917
1.27563476
1.27636718
1.26782226
1.27343750
1.27526855
1.27587890
1.27600097
1.26794433
1.26867675
1.26794433
1.27038574
1.26550292
1.26818847
1.27099609
1.26928710
1.26672363
1.26953125
1.26647949
1.27160644
1.26611328
1.26562500
1.27294921
1.27294921
1.26708984
1.26940917
1.27294921
1.27746582
1.26794433
1.27172851
1.27294921
1.27294921
1.27209472
1.26574707
1.27172851
1.26916503
1.27209472
1.27087402
1.27648925
1.27197265
1.27612304
1.26916503
1.27697753
1.27612304
1.27661132
1.27490234
1.27770996
1.27575683
1.27551269
1.26672363
1.26818847
1.27624511
1.27722167
1.27600097
1.26745605
1.27685546
1.27600097
1.26831054
1.26782226
1.27539062
1.26684570
1.27270507
1.26672363
1.27624511
1.27661132
1.27795410
1.26525878
1.27429199
1.27685546
1.27526855
1.27404785
1.27673339
1.27673339
1.27624511
1.27490234
1.27673339
1.27490234
1.27270507
1.27575683
1.26794433
1.26977539
1.27832031
1.27722167
1.26660156
1.27600097
1.27709960
1.26660156
1.27819824
1.26708984
1.27587890
1.27575683
1.26623535
1.27441406
1.27392578
1.27197265
1.27685546
