1.13073730
1.13049316
1.13134765
1.13134765
1.13073730
1.13525390
1.13635253
1.13598632
1.13598632
1.13635253
1.13500976
1.13549804
1.13574218
1.13330078
1.13586425
1.13464355
1.13549804
1.13476562
1.13574218
1.13488769
1.13549804
1.13537597
1.13525390
1.13513183
1.13488769
1.13415527
1.13586425
1.13574218
1.13537597
1.13452148
1.13366699
1.13085937
1.13098144
1.13134765
1.13134765
1.13037109
1.13122558
1.13110351
1.13073730
1.13073730
1.13122558
1.13122558
1.13171386
1.13073730
1.13146972
1.13073730
1.13134765
1.13073730
1.13073730
1.13073730
1.13073730
1.13061523
1.13073730
1.13073730
1.13073730
1.13049316
1.13134765
1.13195800
1.13159179
1.13110351
1.13073730
1.13171386
1.13073730
1.13085937
1.13110351
1.13171386
1.13195800
1.13012695
1.13049316
1.13122558
1.13049316
1.13110351
1.13134765
1.13110351
1.13073730
1.13110351
1.13049316
1.13195800
1.13134765
1.13012695
1.13073730
1.13073730
1.13073730
1.12951660
1.13073730
1.13073730
1.13183593
1.13146972
1.13049316
1.12573242
1.12597656
1.12561035
1.12609863
1.12609863
1.13110351
1.12597656
1.12963867
1.13061523
1.13085937
1.12585449
1.12695312
1.12695312
1.12609863
1.13000488
1.13134765
1.12524414
1.13061523
1.13073730
1.13073730
1.13000488
1.13134765
1.13024902
1.12976074
1.12976074
1.13049316
1.12963867
1.12866210
1.13049316
1.13024902
1.12841796
1.13000488
1.13012695
1.13012695
1.12890625
1.12866210
1.12939453
1.13037109
1.12939453
1.13012695
1.12927246
1.12976074
1.12829589
1.12963867
1.12866210
1.12988281
1.13037109
1.12963867
1.13012695
1.13037109
1.13000488
1.12939453
1.12963867
1.13024902
1.12927246
1.12866210
1.12976074
1.12976074
1.12866210
1.12988281
1.12963867
1.12841796
1.12951660
1.13037109
1.12951660
1.13012695
1.12939453
1.13037109
1.12927246
1.12963867
1.12988281
1.12951660
1.13049316
1.13024902
1.12988281
1.12841796
1.12951660
1.13073730
1.13012695
1.12976074
1.12829589
1.13000488
1.12988281
1.12939453
1.12792968
1.12963867
1.13000488
1.12939453
1.13110351
1.13061523
1.13110351
1.13146972
1.12915039
1.13098144
1.13110351
1.13134765
1.13024902
1.13134765
1.12927246
1.13122558
1.13208007
1.13159179
1.13098144
1.13684082
1.13049316
1.13598632
1.13110351
1.13195800
1.13525390
1.13708496
1.13159179
