1.13024902
1.13061523
1.13073730
1.13037109
1.13122558
1.13134765
1.13562011
1.13232421
1.13525390
1.13500976
1.13439941
1.13415527
1.13586425
1.13488769
1.13464355
1.13549804
1.13415527
1.13403320
1.13525390
1.13586425
1.13464355
1.13464355
1.13354492
1.13464355
1.13464355
1.13549804
1.13500976
1.13610839
1.13476562
1.13317871
1.13415527
1.13500976
1.13098144
1.13098144
1.13110351
1.13049316
1.13037109
1.13012695
1.13085937
1.13110351
1.13085937
1.13110351
1.13134765
1.13134765
1.13122558
1.12988281
1.13098144
1.13073730
1.13085937
1.13122558
1.12915039
1.12902832
1.13000488
1.12963867
1.13000488
1.12927246
1.12890625
1.12915039
1.12939453
1.12927246
1.12878417
1.12927246
1.12963867
1.12854003
1.12939453
1.12963867
1.12927246
1.12927246
1.13073730
1.12902832
1.13037109
1.12841796
1.12902832
1.12927246
1.12963867
1.13061523
1.12792968
1.12951660
1.13037109
1.12878417
1.13049316
1.13049316
1.12866210
1.13073730
1.12976074
1.12951660
1.13061523
1.13073730
1.12976074
1.12878417
1.13049316
1.12976074
1.13061523
1.12878417
1.12878417
1.13049316
1.12951660
1.12915039
1.12854003
1.12915039
1.12951660
1.12805175
1.12976074
1.12951660
1.12939453
1.12988281
1.13024902
1.12939453
1.12780761
1.12951660
1.12939453
1.13049316
1.12866210
1.12976074
1.12915039
1.13073730
1.12902832
1.12915039
1.13012695
1.12951660
1.13073730
1.12878417
1.12939453
1.12951660
1.12963867
1.13012695
1.13037109
1.12988281
1.13049316
1.12915039
1.12890625
1.12963867
1.12890625
1.13049316
1.12927246
1.12939453
1.12976074
1.12902832
1.12939453
1.13024902
1.12927246
1.13000488
1.13000488
1.13024902
1.13110351
1.12976074
1.12976074
1.12988281
1.13122558
1.13098144
1.12988281
1.13525390
1.13232421
1.13256835
1.13208007
1.13635253
1.13696289
1.13403320
1.13500976
1.13244628
1.12829589
1.15112304
1.20446777
1.12646484
1.12719726
1.11022949
1.15380859
1.15332031
1.10705566
1.14868164
1.14697265
1.10949707
1.15734863
1.11389160
1.11291503
1.11254882
1.10522460
1.10791015
1.11120605
1.10900878
1.11315917
1.11865234
1.11816406
1.10839843
1.15441894
1.14709472
1.15124511
1.11364746
1.11303710
1.15051269
1.11657714
1.15405273
1.15148925
1.15209960
1.11096191
1.10913085
1.15771484
1.11376953
1.11914062
1.11059570
