1.13073730
1.13061523
1.13049316
1.13049316
1.13122558
1.13537597
1.13500976
1.13354492
1.13562011
1.13525390
1.13635253
1.13391113
1.13513183
1.13488769
1.13464355
1.13476562
1.13574218
1.13500976
1.13488769
1.13403320
1.13525390
1.13525390
1.13378906
1.13500976
1.13574218
1.13537597
1.13525390
1.13525390
1.13415527
1.13623046
1.13476562
1.13110351
1.13061523
1.13134765
1.13049316
1.13073730
1.13122558
1.13110351
1.13623046
1.13110351
1.13134765
1.13134765
1.13122558
1.13110351
1.13122558
1.13122558
1.13122558
1.13012695
1.13085937
1.13037109
1.13073730
1.13073730
1.13183593
1.13134765
1.13098144
1.13110351
1.12963867
1.12963867
1.13000488
1.12988281
1.13037109
1.12915039
1.12902832
1.13024902
1.12976074
1.13024902
1.12976074
1.12988281
1.13024902
1.12927246
1.13012695
1.12927246
1.12927246
1.13000488
1.13073730
1.13085937
1.13085937
1.12963867
1.12976074
1.12963867
1.12902832
1.12939453
1.12963867
1.12976074
1.12963867
1.13024902
1.12963867
1.12878417
1.12988281
1.13061523
1.12988281
1.12854003
1.12951660
1.13049316
1.12976074
1.13073730
1.13000488
1.12927246
1.12939453
1.13403320
1.12854003
1.12963867
1.12963867
1.13378906
1.12963867
1.12939453
1.12768554
1.12939453
1.12951660
1.13024902
1.12951660
1.13330078
1.13464355
1.12927246
1.12829589
1.12976074
1.13464355
1.12951660
1.12902832
1.13024902
1.12963867
1.12805175
1.12951660
1.12939453
1.12817382
1.12963867
1.12939453
1.12792968
1.13366699
1.12951660
1.13073730
1.12854003
1.12951660
1.12927246
1.13073730
1.12841796
1.13024902
1.12915039
1.13305664
1.12841796
1.12939453
1.13037109
1.13488769
1.13098144
1.13623046
1.13525390
1.13098144
1.13146972
1.13708496
1.13562011
1.13647460
1.13708496
1.13317871
1.13476562
1.12561035
1.15380859
1.15820312
1.20544433
1.12683105
1.15136718
1.15295410
1.11389160
1.12292480
1.11340332
1.11254882
1.11853027
1.11682128
1.11291503
1.15527343
1.15844726
1.11315917
1.12048339
1.11352539
1.15539550
1.11340332
1.11950683
1.11303710
1.15917968
1.11242675
1.11877441
1.15539550
1.15808105
1.11315917
1.11303710
1.15808105
1.15661621
1.11364746
1.11035156
1.15734863
1.15783691
1.15759277
1.11364746
1.11010742
1.11083984
1.11267089
1.11035156
1.15832519
1.15820312
1.11145019
1.15856933
