1.13134765
1.13037109
1.13085937
1.12963867
1.13635253
1.13439941
1.13574218
1.13378906
1.13500976
1.13513183
1.13439941
1.13427734
1.13439941
1.13537597
1.13513183
1.13464355
1.13427734
1.13574218
1.13562011
1.13562011
1.13464355
1.13513183
1.13403320
1.13500976
1.13574218
1.13317871
1.13464355
1.13500976
1.13500976
1.13330078
1.13562011
1.13500976
1.13085937
1.13073730
1.13073730
1.13073730
1.13073730
1.13098144
1.13122558
1.13012695
1.13000488
1.12988281
1.13073730
1.13146972
1.12976074
1.13110351
1.13037109
1.13110351
1.13122558
1.13012695
1.13122558
1.13012695
1.13110351
1.13024902
1.13098144
1.13122558
1.12951660
1.13037109
1.13073730
1.13049316
1.13073730
1.13049316
1.13061523
1.12988281
1.13073730
1.13073730
1.13049316
1.13049316
1.13134765
1.13098144
1.13049316
1.13073730
1.13073730
1.13073730
1.13134765
1.13073730
1.13061523
1.13037109
1.12939453
1.13073730
1.13110351
1.13159179
1.13024902
1.13635253
1.13085937
1.13134765
1.13110351
1.13073730
1.13110351
1.13146972
1.13037109
1.12963867
1.12988281
1.13024902
1.12609863
1.13024902
1.13061523
1.13110351
1.12597656
1.12524414
1.13024902
1.12634277
1.13085937
1.13000488
1.12988281
1.12573242
1.12622070
1.13037109
1.13037109
1.13134765
1.13110351
1.13037109
1.13012695
1.12622070
1.13134765
1.13024902
1.13037109
1.13085937
1.12609863
1.13012695
1.13037109
1.13134765
1.13110351
1.13146972
1.12609863
1.13134765
1.13134765
1.13085937
1.13110351
1.13061523
1.12634277
1.13061523
1.13146972
1.13085937
1.12976074
1.13049316
1.13085937
1.12646484
1.13122558
1.13024902
1.13024902
1.13061523
1.13122558
1.12597656
1.13122558
1.13110351
1.13098144
1.13000488
1.12988281
1.13073730
1.13085937
1.13024902
1.13049316
1.12609863
1.13073730
1.12646484
1.13134765
1.13122558
1.13122558
1.13000488
1.13110351
1.13098144
1.13073730
1.12988281
1.13098144
1.13122558
1.13037109
1.12927246
1.13012695
1.13073730
1.13037109
1.13061523
1.12939453
1.13061523
1.13073730
1.13085937
1.12902832
1.13012695
1.13037109
1.13012695
1.12939453
1.13024902
1.13037109
1.12976074
1.12915039
1.13073730
1.13525390
1.13146972
1.13134765
1.13171386
1.13171386
1.12976074
1.12951660
1.13110351
1.13037109
1.13000488
1.12890625
1.13000488
1.13598632
1.13476562
