1.13073730
1.13073730
1.13134765
1.13134765
1.13549804
1.13427734
1.13500976
1.13574218
1.13635253
1.13513183
1.13562011
1.13513183
1.13354492
1.13427734
1.13415527
1.13574218
1.13500976
1.13562011
1.13427734
1.13476562
1.13439941
1.13635253
1.13476562
1.13525390
1.13574218
1.13574218
1.13476562
1.13452148
1.13574218
1.13537597
1.13439941
1.13098144
1.13073730
1.13073730
1.13134765
1.13122558
1.13073730
1.13098144
1.13073730
1.13122558
1.13134765
1.13073730
1.13085937
1.13073730
1.13073730
1.13134765
1.13134765
1.13134765
1.13134765
1.12988281
1.13037109
1.13012695
1.13024902
1.12963867
1.13220214
1.12988281
1.13146972
1.13110351
1.12939453
1.12927246
1.12902832
1.13024902
1.13012695
1.13195800
1.12927246
1.13012695
1.12854003
1.13195800
1.12915039
1.13024902
1.13073730
1.12951660
1.13000488
1.12963867
1.13073730
1.13049316
1.13049316
1.12878417
1.12927246
1.12939453
1.12976074
1.12939453
1.12768554
1.13049316
1.13024902
1.13024902
1.13073730
1.12902832
1.13037109
1.12988281
1.12963867
1.12939453
1.12927246
1.12902832
1.12963867
1.12963867
1.13073730
1.12951660
1.12976074
1.12890625
1.12939453
1.13073730
1.13012695
1.12780761
1.12817382
1.12817382
1.12963867
1.13000488
1.12976074
1.12854003
1.12817382
1.12817382
1.12792968
1.12854003
1.12963867
1.13000488
1.12854003
1.12792968
1.12841796
1.12829589
1.12829589
1.12988281
1.12976074
1.12866210
1.12805175
1.12915039
1.12841796
1.13037109
1.12854003
1.12988281
1.12939453
1.13061523
1.12866210
1.13122558
1.13159179
1.13085937
1.13085937
1.13183593
1.13134765
1.12939453
1.13073730
1.13171386
1.13171386
1.13146972
1.13183593
1.12805175
1.13232421
1.13415527
1.13195800
1.12915039
1.12976074
1.12280273
1.13342285
1.12487792
1.12414550
1.12561035
1.14953613
1.11059570
1.10400390
1.15393066
1.10534667
1.15612792
1.10510253
1.10778808
1.14819335
1.14746093
1.15270996
1.11279296
1.11523437
1.15161132
1.14685058
1.19738769
1.14685058
1.14868164
1.14831542
1.11340332
1.14880371
1.11364746
1.15344238
1.11389160
1.15637207
1.15173339
1.15332031
1.10852050
1.11657714
1.10705566
1.10437011
1.11352539
1.15258789
1.10876464
1.10876464
1.14501953
1.10803222
1.10900878
1.11401367
1.11120605
1.15417480
1.10815429
1.10986328
1.11145019
