1.13073730
1.13134765
1.13073730
1.13073730
1.13122558
1.13586425
1.13439941
1.13586425
1.13537597
1.13598632
1.13525390
1.13439941
1.13562011
1.13452148
1.13525390
1.13354492
1.13562011
1.13403320
1.13574218
1.13476562
1.13537597
1.13476562
1.13464355
1.13598632
1.13500976
1.13525390
1.13439941
1.13354492
1.13378906
1.13525390
1.13574218
1.13110351
1.13037109
1.13134765
1.13134765
1.13134765
1.13122558
1.13134765
1.13122558
1.13134765
1.13085937
1.13134765
1.13134765
1.13122558
1.13134765
1.13134765
1.13134765
1.13134765
1.13146972
1.13171386
1.12963867
1.13171386
1.13134765
1.12963867
1.13024902
1.12927246
1.12939453
1.12866210
1.13061523
1.13049316
1.12902832
1.12976074
1.12939453
1.12927246
1.12817382
1.12915039
1.13574218
1.12951660
1.12866210
1.13024902
1.12963867
1.12939453
1.12939453
1.13085937
1.12927246
1.12963867
1.12939453
1.13000488
1.12902832
1.13049316
1.12939453
1.12963867
1.12951660
1.12854003
1.12988281
1.12939453
1.12927246
1.12939453
1.13037109
1.12939453
1.12951660
1.13024902
1.12951660
1.12890625
1.12939453
1.12927246
1.12988281
1.12902832
1.12927246
1.12902832
1.12963867
1.12976074
1.12951660
1.13024902
1.12939453
1.12976074
1.12951660
1.12890625
1.12939453
1.13000488
1.13452148
1.13024902
1.12951660
1.12854003
1.13073730
1.13024902
1.12976074
1.12866210
1.13061523
1.12915039
1.12976074
1.12988281
1.13024902
1.12976074
1.12927246
1.12963867
1.12841796
1.13037109
1.12976074
1.13024902
1.12939453
1.12866210
1.12841796
1.13024902
1.13000488
1.12792968
1.13073730
1.12915039
1.12927246
1.13073730
1.12963867
1.12890625
1.12951660
1.13000488
1.13098144
1.12866210
1.13122558
1.13098144
1.13146972
1.13208007
1.13037109
1.13085937
1.13085937
1.13098144
1.12963867
1.13452148
1.13574218
1.13146972
1.13476562
1.13134765
1.13610839
1.13159179
1.12744140
1.13464355
1.11853027
1.12426757
1.13171386
1.12866210
1.15112304
1.14343261
1.10632324
1.11340332
1.11669921
1.15869140
1.15270996
1.15954589
1.15759277
1.15893554
1.15063476
1.15441894
1.15893554
1.15686035
1.15246582
1.11279296
1.15429687
1.15209960
1.15295410
1.10607910
1.10839843
1.15258789
1.11206054
1.11389160
1.11120605
1.10900878
1.15844726
1.10766601
1.10791015
1.11218261
1.14660644
1.15625000
