1.25000000
1.24914550
1.25244140
1.24914550
1.25048828
1.25036621
1.24914550
1.24877929
1.24938964
1.24694824
1.25671386
1.25036621
1.25000000
1.24804687
1.24914550
1.25000000
1.24926757
1.25036621
1.24816894
1.24914550
1.25158691
1.25451660
1.25256347
1.25207519
1.25256347
1.24987792
1.24291992
1.24438476
1.24548339
1.24426269
1.24414062
1.24938964
1.24291992
1.24194335
1.24536132
1.24499511
1.24658203
1.24829101
1.24401855
1.24645996
1.24304199
1.24780273
1.24597167
1.24499511
1.24768066
1.24414062
1.24902343
1.24523925
1.24658203
1.24536132
1.24536132
1.24670410
1.24414062
1.24633789
1.24768066
1.24926757
1.24438476
1.24438476
1.24731445
1.24523925
1.24304199
1.24536132
1.24523925
1.24414062
1.24536132
1.24291992
1.24633789
1.24365234
1.24841308
1.24658203
1.25000000
1.24536132
1.24353027
1.24194335
1.25012207
1.24768066
1.24658203
1.24536132
1.24536132
1.24523925
1.24462890
1.24438476
1.24658203
1.24768066
1.24414062
1.24536132
1.24902343
1.24670410
1.24890136
1.24414062
1.24414062
1.24523925
1.24572753
1.24414062
1.24365234
1.24804687
1.24523925
1.24584960
1.24316406
1.24304199
1.24670410
1.24401855
1.24304199
1.24865722
1.24438476
1.24511718
1.24523925
1.24902343
1.24645996
1.24267578
1.24328613
1.24462890
1.24682617
1.24829101
1.24877929
1.24304199
1.24401855
1.24414062
1.24414062
1.24548339
1.24536132
1.24621582
1.24780273
1.24536132
1.24414062
1.24511718
1.25537109
1.25610351
1.24340820
1.25488281
1.25842285
1.25671386
1.25573730
1.25585937
1.25720214
1.25598144
1.26367187
1.26013183
1.26013183
1.25146484
1.26232910
1.26123046
1.26013183
1.25549316
1.25903320
1.26013183
1.26171875
1.26269531
1.26037597
1.26025390
1.27868652
1.28234863
1.28454589
1.27478027
1.28576660
1.26818847
1.27099609
1.26843261
1.25903320
1.27099609
1.26855468
1.27978515
1.27197265
1.27294921
1.27209472
1.26586914
1.26586914
1.27087402
1.27062988
1.26562500
1.26770019
1.27075195
1.27062988
1.26306152
1.26696777
1.28991699
1.27209472
1.26599121
1.26843261
1.27099609
1.26953125
1.27087402
1.27062988
1.25964355
1.26721191
1.25988769
1.27722167
1.28320312
1.28088378
1.27197265
1.28125000
1.27197265
1.28454589
1.28234863
1.27062988
1.28198242
1.27209472
1.28710937
1.28088378
1.28686523
