1.25292968
1.25122070
1.25146484
1.25036621
1.24914550
1.25158691
1.24816894
1.25134277
1.25048828
1.24951171
1.24914550
1.25036621
1.25537109
1.25549316
1.24963378
1.25207519
1.25268554
1.25073242
1.25036621
1.25048828
1.25158691
1.25561523
1.24914550
1.25122070
1.24633789
1.24682617
1.24645996
1.24426269
1.24645996
1.24658203
1.24792480
1.24426269
1.25012207
1.25012207
1.24780273
1.24523925
1.24414062
1.24426269
1.24682617
1.24291992
1.24890136
1.24816894
1.24536132
1.24426269
1.24975585
1.24523925
1.24548339
1.24475097
1.24536132
1.24536132
1.24902343
1.24670410
1.24523925
1.24658203
1.24890136
1.24414062
1.24804687
1.24902343
1.24487304
1.24426269
1.24523925
1.24316406
1.24426269
1.24401855
1.24890136
1.24304199
1.24548339
1.24438476
1.24902343
1.24780273
1.25036621
1.24536132
1.25231933
1.25195312
1.24804687
1.24658203
1.24743652
1.24768066
1.24658203
1.24902343
1.24658203
1.24414062
1.24450683
1.24780273
1.24401855
1.24548339
1.24426269
1.24536132
1.24548339
1.24902343
1.24792480
1.24560546
1.24768066
1.24304199
1.24536132
1.24291992
1.24682617
1.24902343
1.24914550
1.25036621
1.24780273
1.24548339
1.24304199
1.24658203
1.24291992
1.24523925
1.24548339
1.24804687
1.24792480
1.24548339
1.24792480
1.24426269
1.24291992
1.24572753
1.24792480
1.24389648
1.24414062
1.24414062
1.24804687
1.24548339
1.24682617
1.24426269
1.24902343
1.24401855
1.24401855
1.24560546
1.24414062
1.24243164
1.25341796
1.24865722
1.25292968
1.26000976
1.26257324
1.26049804
1.27392578
1.25292968
1.26269531
1.26159667
1.26269531
1.25512695
1.25781250
1.25622558
1.26025390
1.25415039
1.25109863
1.27648925
1.26025390
1.26025390
1.27539062
1.26147460
1.27429199
1.25317382
1.25695800
1.27050781
1.26062011
1.26147460
1.27282714
1.27526855
1.25976562
1.26599121
1.26269531
1.28063964
1.26611328
1.25402832
1.27099609
1.26611328
1.26831054
1.28198242
1.27062988
1.27075195
1.25976562
1.26916503
1.26867675
1.27087402
1.26928710
1.26721191
1.28222656
1.28320312
1.27075195
1.26977539
1.27099609
1.27062988
1.28625488
1.27062988
1.26782226
1.25634765
1.26611328
1.30004882
1.27050781
1.27099609
1.26232910
1.26977539
1.25366210
1.26965332
1.27221679
1.27099609
1.26342773
1.26818847
1.26977539
1.26843261
