1.24816894
1.24951171
1.25036621
1.25158691
1.24902343
1.25036621
1.25158691
1.25183105
1.24975585
1.25048828
1.24877929
1.25061035
1.25170898
1.24987792
1.25036621
1.24694824
1.25024414
1.25036621
1.25170898
1.24938964
1.25024414
1.25158691
1.25048828
1.24914550
1.24902343
1.24633789
1.24841308
1.24401855
1.24414062
1.24426269
1.25305175
1.25402832
1.24670410
1.24707031
1.25292968
1.24304199
1.24426269
1.24536132
1.24536132
1.24499511
1.24450683
1.25427246
1.24536132
1.24475097
1.24414062
1.24401855
1.24780273
1.24536132
1.24768066
1.24902343
1.25231933
1.24499511
1.24536132
1.24414062
1.24792480
1.24658203
1.24414062
1.25158691
1.24670410
1.24670410
1.24780273
1.25244140
1.25024414
1.24401855
1.25024414
1.25097656
1.24609375
1.24536132
1.24523925
1.24975585
1.24670410
1.24499511
1.24768066
1.25012207
1.25158691
1.24890136
1.24523925
1.24890136
1.25000000
1.24414062
1.24902343
1.25036621
1.24401855
1.24414062
1.24755859
1.24414062
1.24841308
1.24548339
1.24658203
1.24401855
1.24536132
1.24902343
1.24682617
1.24768066
1.24938964
1.24658203
1.24377441
1.25219726
1.24768066
1.24194335
1.24536132
1.24890136
1.24548339
1.24414062
1.24414062
1.24316406
1.24414062
1.24804687
1.24792480
1.24536132
1.24621582
1.24902343
1.24890136
1.24523925
1.24401855
1.24890136
1.24414062
1.24401855
1.24743652
1.24902343
1.24560546
1.24291992
1.24487304
1.24902343
1.24536132
1.24658203
1.24426269
1.24938964
1.24401855
1.24511718
1.25341796
1.25109863
1.25463867
1.24731445
1.25378417
1.24353027
1.25061035
1.25305175
1.25231933
1.26269531
1.26135253
1.28051757
1.25292968
1.26245117
1.26257324
1.26232910
1.27783203
1.25183105
1.26025390
1.26013183
1.25659179
1.26269531
1.25634765
1.26147460
1.26257324
1.24694824
1.26147460
1.25659179
1.26013183
1.25537109
1.26513671
1.26135253
1.26123046
1.25988769
1.24694824
1.27282714
1.25891113
1.26831054
1.27185058
1.28833007
1.27258300
1.28405761
1.27050781
1.26306152
1.27111816
1.27062988
1.26940917
1.28247070
1.28637695
1.27099609
1.27160644
1.27087402
1.27209472
1.26074218
1.26330566
1.26599121
1.27099609
1.27062988
1.27832031
1.27099609
1.27111816
1.26574707
1.27966308
1.26489257
1.27062988
1.28320312
1.27062988
1.26806640
1.27880859
1.26452636
