1.24926757
1.24804687
1.25488281
1.24938964
1.24804687
1.25024414
1.25000000
1.25036621
1.25170898
1.25158691
1.25537109
1.25256347
1.24963378
1.24926757
1.25170898
1.25671386
1.25292968
1.25671386
1.25427246
1.25439453
1.25415039
1.25903320
1.25012207
1.24914550
1.25976562
1.25305175
1.24511718
1.24426269
1.24621582
1.24536132
1.24890136
1.24902343
1.24401855
1.24902343
1.25000000
1.24670410
1.24316406
1.24511718
1.24450683
1.24902343
1.24804687
1.24414062
1.24414062
1.24426269
1.24548339
1.24658203
1.24462890
1.24853515
1.24316406
1.24523925
1.24536132
1.25109863
1.24621582
1.24816894
1.24780273
1.24291992
1.24291992
1.24658203
1.24829101
1.24438476
1.24462890
1.24792480
1.24670410
1.24548339
1.24316406
1.24426269
1.24658203
1.24450683
1.24560546
1.24291992
1.24414062
1.24218750
1.24475097
1.24414062
1.24804687
1.24316406
1.24377441
1.24401855
1.24658203
1.24426269
1.24279785
1.24780273
1.24658203
1.25231933
1.25244140
1.24914550
1.24755859
1.24304199
1.24414062
1.24560546
1.24536132
1.25109863
1.24633789
1.24719238
1.24560546
1.24414062
1.24877929
1.24316406
1.24365234
1.24316406
1.24621582
1.24316406
1.24304199
1.25134277
1.24560546
1.24414062
1.24328613
1.24389648
1.24694824
1.24450683
1.24438476
1.24304199
1.24792480
1.24548339
1.24816894
1.24414062
1.24658203
1.24902343
1.24414062
1.24658203
1.24194335
1.24658203
1.24536132
1.24768066
1.24548339
1.24487304
1.24414062
1.24243164
1.24145507
1.24389648
1.24291992
1.24414062
1.25915527
1.27587890
1.26147460
1.26013183
1.27404785
1.25878906
1.25976562
1.27001953
1.26586914
1.29687500
1.26208496
1.26574707
1.27185058
1.27062988
1.27075195
1.26037597
1.27172851
1.26855468
1.28259277
1.27062988
1.26916503
1.26257324
1.26794433
1.26599121
1.26586914
1.28564453
1.27075195
1.15576171
1.15563964
1.15832519
1.16931152
1.16064453
1.16052246
1.17053222
1.15429687
1.16052246
1.15869140
1.17016601
1.16723632
1.26989746
1.28210449
1.28125000
1.26049804
1.28088378
1.28601074
1.27661132
1.26574707
1.26770019
1.28479003
1.26940917
1.28698730
1.28076171
1.27062988
1.27185058
1.27062988
1.26623535
1.27062988
1.26843261
1.27221679
1.26599121
1.28564453
1.26965332
1.27954101
1.28320312
1.26599121
1.28332519
1.26953125
1.26843261
