1.24902343
1.24914550
1.24780273
1.25012207
1.24865722
1.24792480
1.25146484
1.24865722
1.25036621
1.24914550
1.25268554
1.25158691
1.25439453
1.24853515
1.25415039
1.25366210
1.24804687
1.25341796
1.25476074
1.25036621
1.25793457
1.24816894
1.25537109
1.25622558
1.25317382
1.24536132
1.24597167
1.24560546
1.24194335
1.25036621
1.25036621
1.24536132
1.24572753
1.24414062
1.24316406
1.24914550
1.24291992
1.24548339
1.24291992
1.24987792
1.24914550
1.24523925
1.24560546
1.24401855
1.24719238
1.24462890
1.24768066
1.24780273
1.24414062
1.24658203
1.24536132
1.24780273
1.24426269
1.24316406
1.24328613
1.24536132
1.24658203
1.24890136
1.24316406
1.24536132
1.24804687
1.24536132
1.24536132
1.24401855
1.24316406
1.24780273
1.24536132
1.24304199
1.24658203
1.24816894
1.24890136
1.24340820
1.24658203
1.24414062
1.24536132
1.24426269
1.24670410
1.24536132
1.24841308
1.25244140
1.24682617
1.24316406
1.24890136
1.24475097
1.24291992
1.24926757
1.24768066
1.24426269
1.24438476
1.24414062
1.24523925
1.24926757
1.24682617
1.25219726
1.24414062
1.24426269
1.24597167
1.25012207
1.24438476
1.24462890
1.24621582
1.24353027
1.24414062
1.24536132
1.24414062
1.24414062
1.24291992
1.24536132
1.24316406
1.24291992
1.24426269
1.24658203
1.24658203
1.24658203
1.24291992
1.24291992
1.24377441
1.24304199
1.24768066
1.24548339
1.24487304
1.24316406
1.24670410
1.24511718
1.24536132
1.24304199
1.25451660
1.25744628
1.25036621
1.26489257
1.25292968
1.23242187
1.26257324
1.26025390
1.26208496
1.26245117
1.27197265
1.27294921
1.25915527
1.26916503
1.25830078
1.27648925
1.26159667
1.25634765
1.27526855
1.25988769
1.26892089
1.27111816
1.26818847
1.26501464
1.28466796
1.27331542
1.27197265
1.25744628
1.26086425
1.28332519
1.27062988
1.27075195
1.26586914
1.26574707
1.27062988
1.26696777
1.27185058
1.28210449
1.27099609
1.26586914
1.26086425
1.26818847
1.26818847
1.26501464
1.26623535
1.27062988
1.26818847
1.26855468
1.26831054
1.26599121
1.27062988
1.26745605
1.28137207
1.26977539
1.26818847
1.26123046
1.27075195
1.26818847
1.25976562
1.26892089
1.26953125
1.25817871
1.25622558
1.28149414
1.27014160
1.26818847
1.27099609
1.26940917
1.26733398
1.26025390
1.26757812
1.26098632
1.26940917
1.26867675
