1.24926757
1.25036621
1.25146484
1.24938964
1.25000000
1.24938964
1.25012207
1.25573730
1.25036621
1.25158691
1.25549316
1.25512695
1.25488281
1.25048828
1.25903320
1.25317382
1.25463867
1.25671386
1.25549316
1.25549316
1.24743652
1.25061035
1.25427246
1.25793457
1.25305175
1.24511718
1.24951171
1.24670410
1.24401855
1.24414062
1.24523925
1.24658203
1.24389648
1.24694824
1.24377441
1.24438476
1.24536132
1.24572753
1.24389648
1.25207519
1.24365234
1.24328613
1.24584960
1.24426269
1.24584960
1.24743652
1.24902343
1.24426269
1.24609375
1.24658203
1.24743652
1.24768066
1.24377441
1.24414062
1.24755859
1.24658203
1.24340820
1.24267578
1.24816894
1.24902343
1.24316406
1.24414062
1.24255371
1.25012207
1.24755859
1.24499511
1.24755859
1.24450683
1.24316406
1.24377441
1.24377441
1.24780273
1.24682617
1.24865722
1.24548339
1.24316406
1.25402832
1.24353027
1.24377441
1.25000000
1.24890136
1.24438476
1.25036621
1.24731445
1.24450683
1.24865722
1.24255371
1.24609375
1.24658203
1.24328613
1.24414062
1.24584960
1.24865722
1.24414062
1.24963378
1.24267578
1.24682617
1.24987792
1.24401855
1.24694824
1.24377441
1.24597167
1.24792480
1.24743652
1.24377441
1.24536132
1.24340820
1.24255371
1.25183105
1.24450683
1.24804687
1.24291992
1.24450683
1.24536132
1.25024414
1.24548339
1.24511718
1.24377441
1.24780273
1.24426269
1.24377441
1.24633789
1.24401855
1.25012207
1.24377441
1.24316406
1.24243164
1.24475097
1.24426269
1.25585937
1.25341796
1.25219726
1.25451660
1.25219726
1.26513671
1.24548339
1.25378417
1.25463867
1.25805664
1.25097656
1.25329589
1.25329589
1.24438476
1.26147460
1.26269531
1.26147460
1.26586914
1.26696777
1.28637695
1.26953125
1.27062988
1.26660156
1.28527832
1.27099609
1.26464843
1.25988769
1.27062988
1.26599121
1.26086425
1.26940917
1.25402832
1.27062988
1.26147460
1.26342773
1.27062988
1.26684570
1.26000976
1.26818847
1.26574707
1.27062988
1.26843261
1.28564453
1.26977539
1.27075195
1.28369140
1.25500488
1.26989746
1.27185058
1.26135253
1.26770019
1.27062988
1.26855468
1.27160644
1.26354980
1.27233886
1.29455566
1.26501464
1.26843261
1.26477050
1.27062988
1.27795410
1.26000976
1.26696777
1.27062988
1.26892089
1.27075195
1.29357910
1.26379394
1.27026367
1.26110839
