1.25109863
1.25036621
1.25036621
1.24792480
1.24938964
1.25036621
1.25195312
1.25134277
1.25183105
1.25048828
1.25048828
1.25000000
1.25036621
1.24938964
1.25048828
1.25268554
1.24987792
1.24914550
1.25219726
1.24963378
1.24914550
1.24987792
1.25170898
1.25036621
1.24963378
1.25390625
1.25402832
1.24829101
1.24536132
1.24792480
1.25134277
1.25207519
1.25134277
1.24182128
1.24304199
1.25219726
1.24426269
1.25024414
1.24511718
1.24548339
1.24914550
1.24902343
1.24414062
1.24963378
1.24426269
1.24890136
1.24414062
1.24658203
1.24414062
1.24743652
1.24548339
1.24694824
1.24902343
1.24414062
1.24536132
1.24645996
1.24902343
1.24658203
1.24658203
1.24475097
1.24536132
1.25024414
1.24511718
1.24902343
1.24462890
1.24536132
1.24890136
1.24279785
1.24279785
1.24658203
1.24536132
1.24523925
1.24768066
1.25024414
1.24536132
1.24670410
1.24780273
1.24450683
1.25659179
1.24462890
1.25720214
1.24536132
1.24536132
1.24304199
1.24401855
1.24536132
1.24804687
1.24670410
1.24414062
1.24365234
1.24890136
1.25256347
1.24304199
1.24499511
1.24426269
1.24670410
1.24536132
1.24304199
1.24804687
1.24536132
1.24536132
1.24316406
1.24523925
1.24975585
1.24536132
1.24194335
1.24548339
1.24548339
1.24548339
1.24584960
1.24670410
1.24316406
1.24902343
1.24462890
1.24426269
1.24414062
1.24291992
1.24523925
1.24438476
1.24865722
1.24414062
1.24560546
1.24768066
1.24780273
1.24780273
1.24548339
1.24536132
1.24304199
1.24243164
1.24218750
1.24426269
1.25781250
1.25622558
1.25402832
1.25488281
1.25732421
1.24902343
1.25720214
1.26489257
1.25610351
1.25720214
1.25720214
1.25695800
1.26196289
1.25061035
1.25134277
1.26147460
1.29101562
1.28356933
1.26818847
1.27124023
1.24877929
1.26586914
1.27197265
1.28320312
1.29199218
1.27221679
1.27136230
1.27099609
1.26940917
1.26611328
1.26953125
1.26464843
1.27062988
1.26940917
1.26794433
1.29699707
1.26599121
1.26708984
1.28576660
1.27050781
1.27197265
1.26818847
1.27062988
1.25891113
1.26098632
1.26684570
1.28088378
1.29516601
1.26818847
1.27185058
1.26220703
1.27197265
1.27087402
1.26245117
1.28662109
1.28454589
1.27734375
1.27197265
1.25842285
1.28198242
1.28442382
1.26770019
1.26831054
1.27062988
1.26818847
1.27172851
1.28564453
1.27087402
1.27185058
