1.25036621
1.25024414
1.24792480
1.25158691
1.24865722
1.25036621
1.25036621
1.24926757
1.25646972
1.25268554
1.25158691
1.24780273
1.25231933
1.24694824
1.25036621
1.25024414
1.25036621
1.24816894
1.25073242
1.25256347
1.25207519
1.25244140
1.25549316
1.25451660
1.25476074
1.24792480
1.24401855
1.24548339
1.24890136
1.24194335
1.24682617
1.24804687
1.24414062
1.24475097
1.24548339
1.24682617
1.24731445
1.24304199
1.24902343
1.24414062
1.24536132
1.24719238
1.24523925
1.24768066
1.24548339
1.24560546
1.24902343
1.24487304
1.24304199
1.24304199
1.24169921
1.24438476
1.24780273
1.24243164
1.24670410
1.24694824
1.25000000
1.24768066
1.24304199
1.24426269
1.25183105
1.24804687
1.24414062
1.24768066
1.24682617
1.24414062
1.24414062
1.24426269
1.24987792
1.24304199
1.24658203
1.24414062
1.24597167
1.24304199
1.24658203
1.24499511
1.24658203
1.24316406
1.24487304
1.25048828
1.24414062
1.24316406
1.25183105
1.24816894
1.24536132
1.24890136
1.24536132
1.24401855
1.24426269
1.24780273
1.25244140
1.24426269
1.24780273
1.24768066
1.24414062
1.24536132
1.24694824
1.24291992
1.24353027
1.24218750
1.24902343
1.24243164
1.24987792
1.24768066
1.24536132
1.24401855
1.24536132
1.24768066
1.24548339
1.24621582
1.25109863
1.24328613
1.24792480
1.24902343
1.24291992
1.24536132
1.24414062
1.24682617
1.24316406
1.24536132
1.24414062
1.24291992
1.24426269
1.24291992
1.24548339
1.24426269
1.24353027
1.24169921
1.25280761
1.24438476
1.24365234
1.24523925
1.24316406
1.24060058
1.24511718
1.25305175
1.26049804
1.25292968
1.25671386
1.26013183
1.25292968
1.25537109
1.25170898
1.27380371
1.26025390
1.26257324
1.25915527
1.25537109
1.26147460
1.26623535
1.26342773
1.27868652
1.28576660
1.27099609
1.27075195
1.27185058
1.29455566
1.27185058
1.27221679
1.27856445
1.26965332
1.27185058
1.26501464
1.27087402
1.28698730
1.26806640
1.27062988
1.27697753
1.26904296
1.26330566
1.28771972
1.26599121
1.26940917
1.25488281
1.27197265
1.26977539
1.26940917
1.27050781
1.25549316
1.27160644
1.26586914
1.27197265
1.27221679
1.27197265
1.29333496
1.28698730
1.26831054
1.27185058
1.26855468
1.28112792
1.27062988
1.27087402
1.26013183
1.27795410
1.27062988
1.28576660
1.27404785
1.27062988
1.28588867
1.28100585
