1.25158691
1.25085449
1.25146484
1.24987792
1.25402832
1.24804687
1.24865722
1.25671386
1.25402832
1.25292968
1.24963378
1.25048828
1.25048828
1.25158691
1.25549316
1.25256347
1.24914550
1.24792480
1.25146484
1.25549316
1.24694824
1.24914550
1.25415039
1.25427246
1.25427246
1.25732421
1.25439453
1.25659179
1.24877929
1.24804687
1.24670410
1.24475097
1.24682617
1.25012207
1.24902343
1.24841308
1.24401855
1.24523925
1.24377441
1.24291992
1.24792480
1.24536132
1.24536132
1.24316406
1.24682617
1.24365234
1.24487304
1.24536132
1.24401855
1.24902343
1.24328613
1.24536132
1.24841308
1.24523925
1.24658203
1.24902343
1.24536132
1.24682617
1.24536132
1.24987792
1.24279785
1.24426269
1.24536132
1.24548339
1.24902343
1.24304199
1.24792480
1.24792480
1.24414062
1.24865722
1.25329589
1.24816894
1.24548339
1.24438476
1.24658203
1.24426269
1.24316406
1.24304199
1.24182128
1.24365234
1.24414062
1.24426269
1.24548339
1.24768066
1.24414062
1.24523925
1.24316406
1.24536132
1.24536132
1.24316406
1.24768066
1.24633789
1.24450683
1.24536132
1.24414062
1.25476074
1.24450683
1.24401855
1.24548339
1.24426269
1.24902343
1.24438476
1.24987792
1.25000000
1.24426269
1.24645996
1.24658203
1.24426269
1.24792480
1.24548339
1.24475097
1.25024414
1.24414062
1.24401855
1.24792480
1.24450683
1.24902343
1.24536132
1.24536132
1.24670410
1.24462890
1.24670410
1.24841308
1.24438476
1.24426269
1.24304199
1.24450683
1.24414062
1.24438476
1.24548339
1.24304199
1.24511718
1.24426269
1.25573730
1.26013183
1.25292968
1.25451660
1.25463867
1.25292968
1.25134277
1.25231933
1.24743652
1.25024414
1.25329589
1.25317382
1.25903320
1.25415039
1.24987792
1.26025390
1.26159667
1.27539062
1.26220703
1.27587890
1.26269531
1.26269531
1.28173828
1.26147460
1.26147460
1.25524902
1.26293945
1.27539062
1.25878906
1.26025390
1.25659179
1.25903320
1.26208496
1.25183105
1.25756835
1.28161621
1.27221679
1.27001953
1.27990722
1.26623535
1.26367187
1.27612304
1.26110839
1.27221679
1.25659179
1.28015136
1.26965332
1.27331542
1.27209472
1.26818847
1.26708984
1.26818847
1.29565429
1.27185058
1.28564453
1.26599121
1.27062988
1.28271484
1.28125000
1.27075195
1.26232910
1.27087402
1.27221679
1.28210449
1.28076171
1.26855468
1.25634765
