1.25268554
1.25488281
1.24902343
1.25036621
1.25109863
1.25170898
1.24963378
1.25488281
1.24926757
1.24829101
1.25439453
1.25158691
1.25256347
1.25476074
1.25036621
1.25036621
1.25317382
1.25195312
1.25793457
1.25451660
1.25598144
1.24914550
1.25537109
1.25305175
1.25378417
1.24804687
1.25012207
1.24536132
1.24536132
1.24853515
1.24536132
1.24560546
1.24658203
1.24536132
1.24902343
1.24536132
1.24475097
1.24780273
1.24658203
1.24316406
1.24804687
1.24658203
1.24414062
1.25207519
1.24633789
1.25231933
1.24548339
1.24450683
1.24450683
1.24548339
1.24658203
1.24438476
1.24426269
1.24658203
1.24536132
1.24768066
1.24658203
1.24536132
1.24890136
1.24511718
1.24694824
1.24353027
1.24768066
1.24536132
1.24194335
1.24182128
1.24560546
1.24536132
1.24340820
1.24536132
1.24536132
1.24536132
1.24548339
1.24365234
1.24414062
1.24816894
1.24548339
1.24511718
1.24475097
1.24536132
1.24291992
1.24792480
1.24560546
1.25244140
1.24743652
1.24536132
1.24194335
1.24841308
1.24707031
1.24621582
1.24658203
1.24560546
1.24340820
1.24194335
1.24438476
1.24316406
1.24731445
1.24414062
1.24401855
1.24670410
1.24829101
1.24194335
1.24804687
1.24267578
1.24560546
1.24328613
1.24536132
1.24560546
1.24670410
1.25073242
1.24389648
1.24414062
1.24291992
1.24768066
1.24194335
1.24316406
1.25012207
1.24414062
1.24426269
1.24328613
1.24414062
1.24304199
1.24414062
1.24426269
1.24536132
1.24291992
1.24304199
1.24072265
1.24426269
1.24414062
1.25280761
1.25842285
1.25903320
1.26025390
1.26147460
1.26025390
1.25659179
1.27502441
1.25793457
1.26269531
1.27404785
1.25952148
1.27197265
1.26000976
1.26025390
1.27624511
1.25891113
1.25659179
1.27392578
1.26147460
1.26159667
1.26123046
1.26257324
1.25549316
1.26135253
1.25659179
1.25830078
1.28173828
1.26025390
1.26269531
1.28186035
1.25878906
1.30187988
1.26818847
1.27075195
1.28454589
1.27978515
1.26818847
1.28576660
1.27062988
1.27062988
1.28076171
1.27185058
1.28332519
1.26696777
1.27062988
1.28320312
1.26940917
1.26928710
1.27502441
1.26818847
1.27197265
1.28564453
1.26574707
1.26599121
1.26831054
1.26843261
1.27185058
1.26953125
1.27099609
1.26574707
1.30566406
1.27185058
1.27136230
1.26940917
1.26049804
1.27062988
1.27075195
1.27099609
1.26794433
