1.11755371
1.11767578
1.12048339
1.10803222
1.10766601
1.10571289
1.11145019
1.11279296
1.10900878
1.12280273
1.11816406
1.12609863
1.13037109
1.13098144
1.12915039
1.12780761
1.13793945
1.13854980
1.13769531
1.13684082
1.13476562
1.13952636
1.14062500
1.13562011
1.11511230
1.11376953
1.10913085
1.11657714
1.11901855
1.11633300
1.12133789
1.10583496
1.11535644
1.11938476
1.11340332
1.10705566
1.10888671
1.11047363
1.10595703
1.10205078
1.13269042
1.13098144
1.12670898
1.13183593
1.12829589
1.12939453
1.14025878
1.13830566
1.13745117
1.13525390
1.13562011
1.13903808
1.13916015
1.12585449
1.12597656
1.11486816
1.12524414
1.13415527
1.13220214
1.13024902
1.12622070
1.12744140
1.13537597
1.12817382
1.12719726
1.12927246
1.12915039
1.12475585
1.12939453
1.13037109
1.12634277
1.13793945
1.14025878
1.13586425
1.13720703
1.13476562
1.12731933
1.13415527
1.14050292
1.12927246
1.15954589
1.11633300
1.12170410
1.10717773
1.11804199
1.11218261
1.10290527
1.11364746
1.11853027
1.10607910
1.12145996
1.10900878
1.11755371
1.11291503
1.12121582
1.10217285
1.10888671
1.12219238
1.11291503
1.12683105
1.12719726
1.13146972
1.12939453
1.13146972
1.13305664
1.14025878
1.13989257
1.13696289
1.13781738
1.13940429
1.13842773
1.13403320
1.11315917
1.11010742
1.11145019
1.11572265
1.11059570
1.11975097
1.12219238
1.11718750
1.11743164
1.11523437
1.12219238
1.11889648
1.12243652
1.10827636
1.12060546
1.12780761
1.11804199
1.10900878
1.11010742
1.12341308
1.13305664
1.12780761
1.13049316
1.13574218
1.13171386
1.13073730
1.12707519
1.13830566
1.13781738
1.13916015
1.13293457
1.13391113
1.13293457
1.12854003
1.13806152
1.12915039
1.11962890
1.13403320
1.13330078
1.13073730
1.13171386
1.13342285
1.13073730
1.13330078
1.13256835
1.13098144
1.12988281
1.13037109
1.12683105
1.13073730
1.13452148
1.13671875
1.13854980
1.13989257
1.13720703
1.13745117
1.12951660
1.12963867
1.12695312
1.13244628
1.12939453
1.13500976
1.13012695
1.13244628
1.12561035
1.13037109
1.12756347
1.12597656
1.12548828
1.12988281
1.12731933
1.12707519
1.12866210
1.13183593
1.13598632
1.13830566
1.14025878
1.13647460
1.13769531
1.13610839
1.13476562
1.13732910
1.13171386
1.14013671
1.12817382
1.13916015
1.13391113
1.13183593
