1.15039062
1.16247558
1.11242675
1.10681152
1.10644531
1.10400390
1.11987304
1.10998535
1.10900878
1.11364746
1.10839843
1.13012695
1.13232421
1.13427734
1.13244628
1.13720703
1.14074707
1.13647460
1.14050292
1.13684082
1.11804199
1.11511230
1.11181640
1.11352539
1.11938476
1.12658691
1.12646484
1.13623046
1.13330078
1.12890625
1.12878417
1.13049316
1.12683105
1.12915039
1.13317871
1.13708496
1.12817382
1.12646484
1.13354492
1.13659667
1.13891601
1.13977050
1.13854980
1.13867187
1.13781738
1.13024902
1.13818359
1.13586425
1.13940429
1.13427734
1.13403320
1.13037109
1.13354492
1.13000488
1.13305664
1.12817382
1.12622070
1.12866210
1.12756347
1.12915039
1.12951660
1.13049316
1.12719726
1.13305664
1.13952636
1.14123535
1.13549804
1.13427734
1.13854980
1.13159179
1.12988281
1.12817382
1.13391113
1.12829589
1.13049316
1.13964843
1.13037109
1.13354492
1.12866210
1.12683105
1.12597656
1.12963867
1.12988281
1.12731933
1.13366699
1.13134765
1.13513183
1.14001464
1.14050292
1.13732910
1.13305664
1.13452148
1.14001464
1.11437988
1.11608886
1.15502929
1.11315917
1.10742187
1.11083984
1.12036132
1.11303710
1.11682128
1.11120605
1.11291503
1.10693359
1.11779785
1.12109375
1.10815429
1.11010742
1.12255859
1.11547851
1.11877441
1.11730957
1.11254882
1.10925292
1.12622070
1.13269042
1.13122558
1.12817382
1.12634277
1.13989257
1.13586425
1.13879394
1.13891601
1.13464355
1.13586425
1.13720703
1.13476562
1.13598632
1.13342285
1.12121582
1.13391113
1.13671875
1.12976074
1.12683105
1.13171386
1.12548828
1.12805175
1.13073730
1.13098144
1.12915039
1.12951660
1.12597656
1.13842773
1.13659667
1.13916015
1.13854980
1.13452148
1.13452148
1.13305664
1.14086914
1.12988281
1.13586425
1.13635253
1.12780761
1.12524414
1.12854003
1.12854003
1.13134765
1.12951660
1.13781738
1.12841796
1.12695312
1.13195800
1.13024902
1.12792968
1.13378906
1.13574218
1.13745117
1.13696289
1.13916015
1.13769531
1.13732910
1.13586425
1.12866210
1.13415527
1.12915039
1.13110351
1.12634277
1.13476562
1.12475585
1.12475585
1.13757324
1.13452148
1.12780761
1.12963867
1.13134765
1.12805175
1.13305664
1.12841796
1.13952636
1.13903808
1.13525390
1.13891601
1.13439941
1.13195800
1.13842773
1.13879394
1.13427734
1.12670898
