1.12976074
1.13378906
1.12939453
1.13220214
1.13110351
1.12707519
1.13232421
1.13989257
1.14233398
1.13269042
1.13940429
1.14013671
1.13281250
1.13916015
1.13757324
1.13439941
1.13964843
1.12963867
1.13818359
1.12634277
1.12841796
1.12768554
1.13110351
1.13427734
1.13195800
1.13195800
1.12915039
1.13293457
1.12890625
1.13854980
1.13903808
1.13671875
1.13940429
1.13159179
1.13439941
1.11352539
1.15771484
1.11450195
1.13330078
1.13439941
1.11560058
1.10815429
1.09875488
1.11401367
1.11779785
1.12243652
1.11010742
1.11730957
1.10815429
1.11730957
1.10192871
1.11364746
1.10839843
1.11389160
1.12158203
1.13659667
1.12805175
1.12915039
1.13085937
1.13012695
1.12927246
1.13793945
1.13977050
1.14062500
1.13342285
1.14074707
1.13281250
1.13549804
1.14038085
1.13391113
1.13989257
1.12719726
1.13476562
1.13232421
1.12597656
1.12829589
1.13317871
1.13195800
1.12731933
1.12622070
1.14062500
1.13415527
1.12780761
1.12988281
1.13708496
1.13891601
1.13781738
1.13806152
1.13500976
1.13232421
1.13354492
1.13513183
1.13745117
1.13818359
1.11840820
1.13549804
1.13098144
1.12524414
1.13305664
1.13244628
1.13525390
1.12890625
1.12756347
1.13208007
1.13085937
1.12695312
1.12829589
1.13293457
1.13232421
1.13696289
1.13586425
1.14038085
1.13500976
1.13708496
1.13842773
1.13647460
1.12988281
1.12109375
1.11486816
1.11828613
1.10876464
1.10937500
1.11315917
1.11743164
1.12011718
1.11328125
1.12036132
1.11157226
1.10766601
1.11511230
1.11352539
1.12048339
1.11889648
1.12158203
1.12780761
1.12976074
1.13012695
1.13305664
1.12988281
1.13452148
1.13842773
1.13928222
1.13464355
1.13940429
1.14099121
1.13427734
1.13830566
1.13500976
1.13159179
1.13488769
1.12951660
1.09655761
1.10095214
1.12255859
1.12194824
1.11328125
1.11767578
1.11059570
1.12268066
1.10961914
1.10607910
1.10742187
1.12084960
1.11584472
1.12097167
1.11877441
1.12939453
1.12951660
1.13134765
1.12683105
1.12805175
1.12854003
1.13964843
1.13610839
1.13574218
1.13732910
1.14050292
1.13525390
1.13281250
1.12915039
1.12451171
1.12475585
1.12158203
1.12951660
1.13769531
1.13366699
1.12829589
1.13781738
1.12854003
1.12829589
1.13293457
1.12902832
1.13073730
1.12695312
1.13122558
1.13684082
1.13879394
1.13818359
1.13061523
1.13635253
