1.11083984
1.10791015
1.11206054
1.12426757
1.12585449
1.13610839
1.12695312
1.12756347
1.13867187
1.13647460
1.13879394
1.13659667
1.15759277
1.11547851
1.11486816
1.10998535
1.11462402
1.11254882
1.11682128
1.11718750
1.11621093
1.11096191
1.11254882
1.11901855
1.12036132
1.11547851
1.11169433
1.11840820
1.11450195
1.10742187
1.13159179
1.13281250
1.13708496
1.12976074
1.13098144
1.12683105
1.13854980
1.13818359
1.13562011
1.13610839
1.13964843
1.13244628
1.13452148
1.13403320
1.13415527
1.13562011
1.12524414
1.13281250
1.13293457
1.12597656
1.12585449
1.12854003
1.13183593
1.12780761
1.13269042
1.12646484
1.12707519
1.13000488
1.13159179
1.13671875
1.13903808
1.13977050
1.13732910
1.14038085
1.13378906
1.12011718
1.12915039
1.12597656
1.13806152
1.13244628
1.11926269
1.12866210
1.12805175
1.13183593
1.12805175
1.12573242
1.13146972
1.12609863
1.13195800
1.13085937
1.13000488
1.13061523
1.13769531
1.13708496
1.13586425
1.13769531
1.13720703
1.13562011
1.11987304
1.11779785
1.12939453
1.13977050
1.13146972
1.12854003
1.13586425
1.13171386
1.12609863
1.13427734
1.13171386
1.13281250
1.12805175
1.13305664
1.12866210
1.12585449
1.12792968
1.12878417
1.12719726
1.14086914
1.13586425
1.13769531
1.13745117
1.14013671
1.13867187
1.13293457
1.13256835
1.12670898
1.12854003
1.13488769
1.12719726
1.12707519
1.13159179
1.13146972
1.13000488
1.13049316
1.13000488
1.12719726
1.13220214
1.12817382
1.13098144
1.13305664
1.13610839
1.13659667
1.13952636
1.13928222
1.13793945
1.12963867
1.12939453
1.12829589
1.13964843
1.13684082
1.13391113
1.13146972
1.12683105
1.12524414
1.13110351
1.12927246
1.13195800
1.12719726
1.13159179
1.12536621
1.12927246
1.12927246
1.12902832
1.12951660
1.13806152
1.13977050
1.14257812
1.13488769
1.13427734
1.13940429
1.13659667
1.13964843
1.13183593
1.11291503
1.11901855
1.11437988
1.10290527
1.10913085
1.10791015
1.11230468
1.12487792
1.11218261
1.10339355
1.10864257
1.11010742
1.12951660
1.11999511
1.11010742
1.11425781
1.12792968
1.12988281
1.13244628
1.12866210
1.13110351
1.12756347
1.13964843
1.13916015
1.13854980
1.14013671
1.13610839
1.13818359
1.14013671
1.13610839
1.12768554
1.12609863
1.13183593
1.13110351
1.13171386
1.12866210
1.13195800
