1.10375976
1.10388183
1.10290527
1.13220214
1.13049316
1.13220214
1.12646484
1.12878417
1.12622070
1.13549804
1.13110351
1.13317871
1.14001464
1.13879394
1.13940429
1.12573242
1.13391113
1.13427734
1.13818359
1.12927246
1.13134765
1.11328125
1.10998535
1.11560058
1.11340332
1.11694335
1.11206054
1.11547851
1.12316894
1.11303710
1.10424804
1.12121582
1.11474609
1.12097167
1.10485839
1.11987304
1.11242675
1.12463378
1.10827636
1.13232421
1.12646484
1.12963867
1.13122558
1.13073730
1.13244628
1.13708496
1.13427734
1.13122558
1.13879394
1.13439941
1.13317871
1.12963867
1.13525390
1.12731933
1.13391113
1.12561035
1.13366699
1.12597656
1.12951660
1.12707519
1.12707519
1.13012695
1.12524414
1.12866210
1.13073730
1.12768554
1.13110351
1.13488769
1.12792968
1.13952636
1.13989257
1.13903808
1.13745117
1.14050292
1.13525390
1.13854980
1.13354492
1.13464355
1.13024902
1.13464355
1.13281250
1.12658691
1.13195800
1.12487792
1.13085937
1.12670898
1.12817382
1.13208007
1.13830566
1.12890625
1.12976074
1.13586425
1.13879394
1.13830566
1.13757324
1.13842773
1.13684082
1.13049316
1.13415527
1.13830566
1.13830566
1.12634277
1.12475585
1.13220214
1.12597656
1.12731933
1.12536621
1.12817382
1.13513183
1.13073730
1.12792968
1.13281250
1.12854003
1.13073730
1.13208007
1.12963867
1.13916015
1.13977050
1.13537597
1.13720703
1.13806152
1.13928222
1.12524414
1.11425781
1.11828613
1.10852050
1.10534667
1.12231445
1.11669921
1.11315917
1.12158203
1.11938476
1.11804199
1.11840820
1.11108398
1.12011718
1.11621093
1.11132812
1.11230468
1.11901855
1.11987304
1.11145019
1.12121582
1.11901855
1.12866210
1.12573242
1.12646484
1.13049316
1.13159179
1.13818359
1.13867187
1.13940429
1.12988281
1.10913085
1.15698242
1.11218261
1.11743164
1.11877441
1.11267089
1.10791015
1.11938476
1.11572265
1.11633300
1.10498046
1.11560058
1.12207031
1.11376953
1.10791015
1.11413574
1.12341308
1.10498046
1.11157226
1.11193847
1.12121582
1.12841796
1.12719726
1.12683105
1.12756347
1.12866210
1.12854003
1.13061523
1.13818359
1.13989257
1.13916015
1.13720703
1.13659667
1.13891601
1.14147949
1.11755371
1.12023925
1.11914062
1.12011718
1.11108398
1.10803222
1.11254882
1.10876464
1.10339355
1.12048339
1.12133789
1.10205078
