1.13110351
1.12963867
1.12927246
1.13037109
1.13562011
1.13183593
1.13891601
1.14086914
1.13830566
1.13769531
1.13391113
1.13256835
1.14013671
1.13354492
1.11877441
1.11596679
1.11352539
1.11779785
1.11474609
1.09936523
1.11328125
1.11254882
1.12011718
1.11816406
1.11486816
1.11267089
1.11657714
1.11706542
1.12097167
1.11376953
1.12268066
1.10485839
1.11804199
1.11621093
1.14196777
1.12670898
1.12915039
1.12792968
1.12719726
1.13452148
1.12768554
1.13903808
1.13964843
1.13671875
1.13891601
1.13745117
1.12915039
1.13037109
1.12902832
1.13146972
1.11926269
1.12207031
1.10754394
1.10546875
1.10229492
1.12658691
1.12292480
1.11181640
1.12207031
1.14147949
1.12585449
1.12890625
1.13403320
1.12719726
1.13427734
1.13342285
1.13195800
1.13269042
1.13244628
1.13781738
1.13684082
1.14099121
1.13977050
1.13769531
1.12829589
1.11291503
1.11474609
1.12048339
1.11401367
1.12182617
1.11425781
1.10705566
1.11486816
1.10449218
1.12255859
1.10705566
1.11389160
1.11352539
1.10949707
1.11230468
1.12231445
1.11181640
1.10156250
1.12219238
1.12976074
1.12634277
1.13146972
1.13134765
1.12670898
1.13110351
1.12951660
1.13684082
1.13916015
1.13720703
1.13842773
1.12951660
1.13867187
1.13391113
1.13659667
1.13916015
1.13012695
1.12878417
1.13061523
1.12487792
1.13122558
1.13024902
1.12646484
1.13110351
1.12731933
1.12707519
1.12878417
1.12695312
1.13305664
1.13610839
1.13586425
1.14013671
1.14025878
1.13146972
1.13891601
1.13122558
1.13488769
1.13879394
1.13159179
1.12902832
1.13940429
1.13525390
1.13159179
1.12548828
1.13269042
1.13220214
1.13098144
1.13378906
1.12902832
1.12756347
1.13061523
1.13061523
1.12841796
1.13696289
1.13989257
1.13525390
1.13745117
1.13781738
1.13488769
1.13513183
1.13549804
1.13891601
1.13220214
1.13537597
1.13073730
1.13208007
1.13281250
1.13488769
1.12561035
1.13171386
1.12683105
1.13256835
1.13085937
1.12829589
1.12878417
1.12622070
1.14099121
1.13806152
1.13610839
1.13659667
1.13928222
1.13940429
1.13024902
1.12573242
1.13720703
1.14001464
1.13232421
1.12609863
1.13793945
1.12719726
1.13220214
1.12683105
1.12866210
1.12695312
1.13549804
1.12878417
1.13342285
1.12695312
1.12731933
1.12719726
1.14062500
1.13476562
1.13818359
1.13830566
1.13952636
1.13610839
