1.13793945
1.13818359
1.13439941
1.14001464
1.14221191
1.13256835
1.13415527
1.13244628
1.10644531
1.12353515
1.11865234
1.12084960
1.10778808
1.11791992
1.11181640
1.10339355
1.10876464
1.11804199
1.12109375
1.11303710
1.12316894
1.12548828
1.10766601
1.13415527
1.12731933
1.12670898
1.12683105
1.13085937
1.12866210
1.12927246
1.13659667
1.13830566
1.14025878
1.13671875
1.13232421
1.13037109
1.12438964
1.13781738
1.11132812
1.10803222
1.11535644
1.09777832
1.12304687
1.11413574
1.12207031
1.11315917
1.10852050
1.12158203
1.10949707
1.12133789
1.10803222
1.11108398
1.10961914
1.10742187
1.11437988
1.11096191
1.13037109
1.12902832
1.12670898
1.13317871
1.13269042
1.12915039
1.12658691
1.13830566
1.13439941
1.13916015
1.14074707
1.13708496
1.13964843
1.13525390
1.13012695
1.13977050
1.13464355
1.12805175
1.13134765
1.12841796
1.13525390
1.12658691
1.12878417
1.12890625
1.13098144
1.12902832
1.12524414
1.13037109
1.12707519
1.12695312
1.13891601
1.13830566
1.13903808
1.13427734
1.13684082
1.14123535
1.13037109
1.11315917
1.11303710
1.13354492
1.10839843
1.11169433
1.11791992
1.12072753
1.10803222
1.10803222
1.11718750
1.11523437
1.11486816
1.11633300
1.11279296
1.11376953
1.12536621
1.12365722
1.12121582
1.13317871
1.12817382
1.12670898
1.12573242
1.13269042
1.12695312
1.13378906
1.12951660
1.14001464
1.14038085
1.13549804
1.13940429
1.13684082
1.13464355
1.13012695
1.13403320
1.13916015
1.13281250
1.12268066
1.13525390
1.13195800
1.13403320
1.13720703
1.13244628
1.13024902
1.12939453
1.13427734
1.12927246
1.12634277
1.12915039
1.12817382
1.12854003
1.12939453
1.13793945
1.13696289
1.13964843
1.13110351
1.13452148
1.14074707
1.13745117
1.13977050
1.14050292
1.13146972
1.12927246
1.12744140
1.13403320
1.12634277
1.12829589
1.13061523
1.12573242
1.12585449
1.13708496
1.13562011
1.13037109
1.12988281
1.13012695
1.13696289
1.13867187
1.13708496
1.13745117
1.11303710
1.11804199
1.11547851
1.11535644
1.16210937
1.10266113
1.11279296
1.10339355
1.10070800
1.11193847
1.10681152
1.11853027
1.11865234
1.10998535
1.11572265
1.10778808
1.12170410
1.11364746
1.11645507
1.11962890
1.12023925
1.11840820
1.13134765
1.12768554
1.13317871
1.12988281
1.12658691
1.13293457
1.13232421
