1.13684082
1.13940429
1.13745117
1.14050292
1.14025878
1.14147949
1.11572265
1.12951660
1.13208007
1.13781738
1.14135742
1.13317871
1.13647460
1.13354492
1.12841796
1.13232421
1.13256835
1.12756347
1.13073730
1.13342285
1.13452148
1.12695312
1.13085937
1.13806152
1.13928222
1.13732910
1.13330078
1.13305664
1.13842773
1.13732910
1.13732910
1.13989257
1.12988281
1.13049316
1.12573242
1.12963867
1.13220214
1.12768554
1.12536621
1.12609863
1.13134765
1.13427734
1.12878417
1.12780761
1.13110351
1.13134765
1.13061523
1.13000488
1.13916015
1.14013671
1.13684082
1.13769531
1.14062500
1.13562011
1.13757324
1.13952636
1.13793945
1.13061523
1.13293457
1.12866210
1.12683105
1.13732910
1.12963867
1.13269042
1.13073730
1.13293457
1.12878417
1.13098144
1.13220214
1.12963867
1.12951660
1.12707519
1.14025878
1.13916015
1.13610839
1.13854980
1.13940429
1.13208007
1.13342285
1.13500976
1.13195800
1.13854980
1.12634277
1.13171386
1.12451171
1.12548828
1.12622070
1.12744140
1.12927246
1.12622070
1.13244628
1.12902832
1.12841796
1.13293457
1.12854003
1.12866210
1.14013671
1.13537597
1.13952636
1.13818359
1.13940429
1.13720703
1.13928222
1.13562011
1.13525390
1.13793945
1.13439941
1.13769531
1.13439941
1.12524414
1.13098144
1.13049316
1.12939453
1.13000488
1.12988281
1.13122558
1.13098144
1.12829589
1.12683105
1.13232421
1.13476562
1.13952636
1.13977050
1.13537597
1.13684082
1.13769531
1.13623046
1.12988281
1.13232421
1.13024902
1.13525390
1.12646484
1.13098144
1.12585449
1.12854003
1.13000488
1.12658691
1.12573242
1.13134765
1.13269042
1.12988281
1.13037109
1.12841796
1.13879394
1.13488769
1.14038085
1.13586425
1.13952636
1.13623046
1.13403320
1.13879394
1.13635253
1.13146972
1.12390136
1.12585449
1.13293457
1.13171386
1.13037109
1.12976074
1.13171386
1.13012695
1.12768554
1.13024902
1.12927246
1.13061523
1.13208007
1.12915039
1.13500976
1.13854980
1.13806152
1.13562011
1.13464355
1.13439941
1.11169433
1.11328125
1.11291503
1.11706542
1.11401367
1.12121582
1.11926269
1.15747070
1.11120605
1.10974121
1.11975097
1.11938476
1.12133789
1.11340332
1.10705566
1.10644531
1.12072753
1.12048339
1.12524414
1.11218261
1.10864257
1.11914062
1.12585449
1.12854003
1.12829589
1.13146972
1.12805175
