1.13073730
1.13317871
1.12902832
1.12609863
1.13342285
1.14086914
1.13500976
1.13647460
1.13818359
1.13769531
1.13366699
1.13891601
1.13305664
1.13305664
1.14062500
1.13464355
1.12414550
1.12683105
1.12854003
1.12829589
1.13391113
1.12988281
1.12963867
1.13256835
1.13110351
1.13098144
1.12951660
1.12780761
1.13879394
1.14013671
1.13854980
1.13500976
1.12744140
1.13598632
1.12817382
1.11401367
1.12805175
1.11706542
1.11181640
1.11816406
1.10998535
1.11181640
1.10742187
1.11828613
1.10607910
1.11047363
1.10974121
1.10534667
1.11633300
1.12145996
1.11682128
1.11584472
1.11389160
1.11169433
1.10937500
1.10473632
1.13049316
1.13073730
1.13159179
1.13354492
1.13146972
1.13940429
1.13964843
1.13989257
1.14001464
1.14086914
1.13671875
1.13537597
1.11413574
1.11938476
1.11523437
1.11303710
1.12036132
1.11718750
1.12243652
1.11010742
1.12121582
1.11987304
1.11096191
1.10803222
1.11706542
1.12683105
1.11047363
1.11791992
1.11242675
1.13305664
1.13049316
1.12976074
1.13012695
1.13317871
1.13110351
1.13293457
1.13879394
1.13989257
1.13635253
1.13977050
1.13720703
1.13562011
1.13000488
1.12805175
1.13232421
1.13659667
1.13464355
1.13415527
1.13879394
1.12451171
1.12890625
1.12805175
1.13476562
1.12866210
1.13000488
1.12658691
1.12829589
1.13037109
1.12866210
1.12841796
1.13635253
1.13476562
1.13806152
1.13232421
1.13891601
1.13635253
1.13964843
1.13500976
1.11267089
1.11218261
1.11633300
1.10266113
1.11413574
1.09704589
1.10375976
1.11047363
1.11413574
1.11730957
1.10449218
1.12097167
1.11462402
1.10949707
1.11669921
1.13952636
1.13122558
1.12658691
1.13403320
1.13256835
1.12878417
1.13269042
1.13342285
1.13757324
1.13928222
1.13610839
1.13842773
1.13757324
1.13073730
1.13586425
1.12390136
1.11791992
1.15917968
1.10192871
1.11511230
1.11950683
1.10522460
1.11706542
1.12207031
1.10815429
1.11364746
1.11633300
1.11535644
1.11181640
1.12255859
1.11889648
1.12292480
1.10607910
1.12060546
1.10351562
1.13537597
1.12902832
1.13208007
1.13305664
1.12890625
1.13586425
1.13525390
1.13891601
1.13659667
1.13757324
1.13952636
1.13061523
1.13366699
1.13537597
1.13110351
1.13464355
1.12695312
1.12561035
1.13256835
1.12695312
1.12902832
1.13330078
1.12878417
1.12951660
1.12817382
1.13122558
