1.11267089
1.12292480
1.12402343
1.11120605
1.11462402
1.10498046
1.14257812
1.12854003
1.13586425
1.12915039
1.13000488
1.13378906
1.13940429
1.13964843
1.13916015
1.13305664
1.12768554
1.13403320
1.13623046
1.11560058
1.11096191
1.11437988
1.11413574
1.10815429
1.11694335
1.10217285
1.11425781
1.11218261
1.11718750
1.11730957
1.10974121
1.10937500
1.12292480
1.11975097
1.10693359
1.10595703
1.12011718
1.12219238
1.11035156
1.11132812
1.13037109
1.13195800
1.13134765
1.13159179
1.12658691
1.13745117
1.14038085
1.13781738
1.13415527
1.13476562
1.13818359
1.14086914
1.13598632
1.12902832
1.10961914
1.10949707
1.11914062
1.11340332
1.11267089
1.10693359
1.11633300
1.11340332
1.11059570
1.11291503
1.11242675
1.12036132
1.10717773
1.11364746
1.11340332
1.11694335
1.10546875
1.11901855
1.12780761
1.13061523
1.13049316
1.12951660
1.13073730
1.13281250
1.13952636
1.14001464
1.13928222
1.13195800
1.13635253
1.12902832
1.13305664
1.13464355
1.13024902
1.11999511
1.12658691
1.13366699
1.12451171
1.13073730
1.13159179
1.12976074
1.12878417
1.12573242
1.13024902
1.12976074
1.13244628
1.12658691
1.13281250
1.13708496
1.13806152
1.14001464
1.13732910
1.12805175
1.13854980
1.13476562
1.13586425
1.13391113
1.12719726
1.12402343
1.13000488
1.13720703
1.12963867
1.12683105
1.13146972
1.13671875
1.13720703
1.12915039
1.13012695
1.13134765
1.12683105
1.12731933
1.12841796
1.13867187
1.14086914
1.13647460
1.14074707
1.13781738
1.13537597
1.13610839
1.12854003
1.15466308
1.16320800
1.11596679
1.11828613
1.11364746
1.10229492
1.12109375
1.11547851
1.11267089
1.12207031
1.10205078
1.12219238
1.12084960
1.10717773
1.12072753
1.10998535
1.12414550
1.13256835
1.12902832
1.12854003
1.12792968
1.13403320
1.13317871
1.13635253
1.14001464
1.13732910
1.13830566
1.13989257
1.13757324
1.13989257
1.13513183
1.13549804
1.12487792
1.12084960
1.12707519
1.13696289
1.13000488
1.12548828
1.13049316
1.13720703
1.13073730
1.13293457
1.13159179
1.13549804
1.13098144
1.12805175
1.12951660
1.12683105
1.14062500
1.13500976
1.13684082
1.13696289
1.13806152
1.13952636
1.13403320
1.13183593
1.13391113
1.14086914
1.13000488
1.12976074
1.13061523
1.13220214
1.13098144
1.12768554
1.12646484
1.13098144
1.13024902
