1.26696777
1.27185058
1.27197265
1.26696777
1.26904296
1.26672363
1.26464843
1.26708984
1.26831054
1.26586914
1.26843261
1.26818847
1.26696777
1.26611328
1.25756835
1.26953125
1.26965332
1.26574707
1.26525878
1.27197265
1.27233886
1.26843261
1.26953125
1.27050781
1.26574707
1.26623535
1.26745605
1.26220703
1.26818847
1.26989746
1.26684570
1.26074218
1.26696777
1.26208496
1.26635742
1.26696777
1.26770019
1.27014160
1.26660156
1.26635742
1.26635742
1.26696777
1.26574707
1.26708984
1.27075195
1.26708984
1.26477050
1.26843261
1.26550292
1.26696777
1.26342773
1.26525878
1.26696777
1.26562500
1.26696777
1.26672363
1.26696777
1.27172851
1.26538085
1.27160644
1.26574707
1.26953125
1.27062988
1.26953125
1.26696777
1.26342773
1.26721191
1.26586914
1.26745605
1.26574707
1.26574707
1.26574707
1.26623535
1.26599121
1.26000976
1.26586914
1.26611328
1.26599121
1.26586914
1.27136230
1.26721191
1.26574707
1.26953125
1.26684570
1.26904296
1.26208496
1.26831054
1.26684570
1.27075195
1.26721191
1.27075195
1.26574707
1.26721191
1.26672363
1.26831054
1.26696777
1.26342773
1.26586914
1.26965332
1.26879882
1.26586914
1.26843261
1.27026367
1.26586914
1.27050781
1.26647949
1.26477050
1.26489257
1.26623535
1.26965332
1.26721191
1.26477050
1.26684570
1.26696777
1.26574707
1.26757812
1.26708984
1.26953125
1.27075195
1.26574707
1.26721191
1.26721191
1.26452636
1.26538085
1.26684570
1.26489257
1.26708984
1.26818847
1.26721191
1.27197265
1.26611328
1.26550292
1.27001953
1.26208496
1.26708984
1.27087402
1.26953125
1.26647949
1.26953125
1.26757812
1.26574707
1.26306152
1.26586914
1.26684570
1.26489257
1.26708984
1.26440429
1.26599121
1.26904296
1.27160644
1.26635742
1.26342773
1.26843261
1.27185058
1.27075195
1.27185058
1.27075195
1.26684570
1.26696777
1.26672363
1.27075195
1.27075195
1.26574707
1.26452636
1.27062988
1.26953125
1.26843261
1.26843261
1.26892089
1.27075195
1.27075195
1.26953125
1.27062988
1.27062988
1.26965332
1.27160644
1.26989746
1.26452636
1.26953125
1.26696777
1.26562500
1.26953125
1.27197265
1.26965332
1.26684570
1.26293945
1.26574707
1.26806640
1.26843261
1.26696777
1.26501464
1.26660156
1.26452636
1.26916503
1.26452636
1.26708984
1.26696777
1.26501464
1.26489257
1.26574707
