1.26708984
1.26831054
1.26562500
1.26477050
1.26098632
1.26721191
1.26831054
1.26208496
1.26965332
1.26843261
1.27331542
1.26574707
1.26696777
1.26452636
1.26708984
1.26464843
1.26452636
1.26574707
1.26428222
1.26672363
1.26696777
1.26513671
1.27026367
1.26452636
1.25964355
1.26464843
1.26574707
1.26159667
1.26696777
1.26208496
1.26452636
1.26574707
1.26452636
1.26696777
1.26684570
1.26562500
1.26452636
1.26696777
1.26684570
1.26318359
1.26684570
1.26953125
1.27001953
1.27075195
1.26684570
1.26159667
1.26354980
1.27075195
1.26562500
1.26147460
1.25927734
1.27795410
1.27075195
1.27062988
1.26647949
1.26770019
1.26452636
1.26745605
1.27062988
1.26196289
1.26831054
1.27075195
1.26831054
1.26953125
1.27075195
1.27075195
1.26599121
1.27099609
1.26562500
1.26660156
1.26586914
1.27075195
1.26721191
1.26721191
1.26843261
1.27075195
1.27087402
1.27075195
1.26843261
1.27209472
1.26611328
1.26696777
1.26562500
1.26574707
1.26647949
1.26452636
1.26770019
1.26416015
1.26464843
1.26525878
1.27062988
1.26586914
1.26696777
1.26684570
1.26879882
1.26953125
1.26525878
1.26574707
1.26635742
1.26074218
1.26574707
1.26452636
1.26513671
1.26953125
1.26599121
1.26538085
1.26525878
1.26452636
1.26892089
1.26562500
1.26574707
1.27001953
1.26562500
1.26953125
1.26977539
1.26477050
1.26770019
1.26647949
1.27075195
1.26477050
1.26696777
1.26562500
1.27148437
1.26562500
1.26586914
1.26574707
1.27197265
1.26416015
1.26708984
1.26953125
1.26757812
1.26953125
1.26940917
1.26708984
1.26843261
1.26831054
1.26953125
1.26574707
1.26721191
1.26696777
1.26831054
1.26562500
1.26843261
1.27062988
1.26574707
1.26843261
1.27075195
1.26721191
1.26696777
1.26721191
1.26562500
1.26684570
1.26477050
1.26708984
1.26831054
1.26696777
1.26684570
1.26708984
1.26574707
1.27062988
1.26708984
1.26745605
1.26818847
1.26721191
1.27087402
1.26965332
1.26330566
1.26696777
1.26599121
1.27197265
1.26977539
1.26953125
1.26953125
1.27087402
1.26843261
1.27075195
1.27197265
1.27038574
1.26977539
1.26940917
1.27209472
1.26953125
1.26953125
1.26452636
1.26574707
1.26501464
1.27001953
1.26977539
1.27111816
1.26940917
1.26965332
1.26831054
1.26965332
1.26745605
1.26599121
1.27197265
1.26452636
1.26452636
1.26757812
1.27197265
