1.27185058
1.26953125
1.26721191
1.26843261
1.26647949
1.27209472
1.26696777
1.27075195
1.26953125
1.26684570
1.26940917
1.26525878
1.26574707
1.27075195
1.26843261
1.26953125
1.26586914
1.26574707
1.27136230
1.26831054
1.26696777
1.26940917
1.26013183
1.27197265
1.26953125
1.26904296
1.26672363
1.26586914
1.26708984
1.26599121
1.26721191
1.26196289
1.27075195
1.26843261
1.26940917
1.26953125
1.27075195
1.26574707
1.27075195
1.26831054
1.26708984
1.26867675
1.26770019
1.26196289
1.26953125
1.26831054
1.26721191
1.26831054
1.26953125
1.26831054
1.26367187
1.26843261
1.26574707
1.27075195
1.26574707
1.26220703
1.27124023
1.26831054
1.26843261
1.26953125
1.26220703
1.26794433
1.26953125
1.26953125
1.27075195
1.26684570
1.26684570
1.26501464
1.26684570
1.26684570
1.26452636
1.26562500
1.27209472
1.26684570
1.26293945
1.26696777
1.26391601
1.25781250
1.26452636
1.26208496
1.26696777
1.26684570
1.26574707
1.26843261
1.26696777
1.26708984
1.27172851
1.26721191
1.26599121
1.27648925
1.26843261
1.27307128
1.27197265
1.26708984
1.26586914
1.26599121
1.26818847
1.27026367
1.26721191
1.27062988
1.26513671
1.27075195
1.27197265
1.27197265
1.26696777
1.27099609
1.27026367
1.26843261
1.26611328
1.26586914
1.26684570
1.27062988
1.26770019
1.27001953
1.26708984
1.26953125
1.26354980
1.26232910
1.26708984
1.26831054
1.26416015
1.27075195
1.26574707
1.27209472
1.26562500
1.27087402
1.27075195
1.26708984
1.26696777
1.26464843
1.26928710
1.27062988
1.26574707
1.26611328
1.26623535
1.26843261
1.26611328
1.26782226
1.26599121
1.27197265
1.26696777
1.26770019
1.27075195
1.27124023
1.27075195
1.26818847
1.26599121
1.26354980
1.26953125
1.27014160
1.27062988
1.26696777
1.26965332
1.26562500
1.26843261
1.27136230
1.26696777
1.27075195
1.27062988
1.26574707
1.26745605
1.27075195
1.26586914
1.27075195
1.26953125
1.26953125
1.27160644
1.26562500
1.26489257
1.26831054
1.27050781
1.26574707
1.26953125
1.26330566
1.26574707
1.26452636
1.26452636
1.26525878
1.26464843
1.26684570
1.26953125
1.26696777
1.26696777
1.26440429
1.26440429
1.26513671
1.26696777
1.26440429
1.26562500
1.26452636
1.26257324
1.26220703
1.26208496
1.26293945
1.26269531
1.26599121
1.26562500
1.26562500
1.26452636
1.26696777
