1.02661132
1.02673339
1.02770996
1.02880859
1.02880859
1.02526855
1.02636718
1.02856445
1.02966308
1.02673339
1.02673339
1.02661132
1.02673339
1.02587890
1.02600097
1.02807617
1.02856445
1.02856445
1.02832031
1.02551269
1.02587890
1.02551269
1.02502441
1.02465820
1.02478027
1.02539062
1.02124023
1.02429199
1.02148437
1.02136230
1.02209472
1.02172851
1.02319335
1.02148437
1.02050781
1.02099609
1.02148437
1.02148437
1.02111816
1.02197265
1.02429199
1.02014160
1.02148437
1.02197265
1.01965332
1.02136230
1.02026367
1.02197265
1.01989746
1.01953125
1.01904296
1.02221679
1.02197265
1.02062988
1.02038574
1.02001953
1.02014160
1.01892089
1.02087402
1.02136230
1.02087402
1.02136230
1.02111816
1.01977539
1.02160644
1.02026367
1.02075195
1.02075195
1.02136230
1.01965332
1.02331542
1.02270507
1.02062988
1.02075195
1.02136230
1.02282714
1.02185058
1.01989746
1.02233886
1.02221679
1.02001953
1.02148437
1.02099609
1.02099609
1.02258300
1.02319335
1.02099609
1.02099609
1.02136230
1.02099609
1.02648925
1.02111816
1.01965332
1.01953125
1.02465820
1.02307128
1.02294921
1.02282714
1.02392578
1.02770996
1.02148437
1.02111816
1.02026367
1.02233886
1.02197265
1.02233886
1.02075195
1.02355957
1.00891113
1.00817871
1.00549316
1.00830078
1.00891113
1.00634765
1.00854492
1.00854492
1.00695800
1.00756835
1.00659179
1.00769042
1.00891113
1.00708007
1.00842285
1.00598144
1.00720214
1.00598144
1.00939941
1.00744628
1.00744628
1.00744628
1.00866699
1.00842285
1.00878906
1.00769042
1.00659179
1.00573730
1.00830078
1.00708007
1.00671386
1.00842285
1.00720214
1.00939941
1.00854492
1.00830078
1.00439453
1.00708007
1.00708007
1.00708007
1.00622558
1.00756835
1.00695800
1.00671386
1.00720214
1.00659179
1.00671386
1.01232910
1.00830078
1.00939941
1.00756835
1.00903320
1.00720214
1.00756835
1.00585937
1.00915527
1.00622558
1.00720214
1.00854492
1.00756835
1.00830078
1.00854492
1.00830078
1.00793457
1.00817871
1.01049804
1.00891113
.98864746
.98852539
.99023437
.98828125
.99157714
.99279785
.99304199
.99047851
.98828125
.99035644
.98828125
.98840332
.98889160
.99047851
.98657226
.99401855
.98937988
.98791503
.99218750
.98742675
.98925781
.99511718
.98913574
.98730468
.98901367
