1.02807617
1.02624511
1.03015136
1.02770996
1.02954101
1.02563476
1.02563476
1.02758789
1.02697753
1.02868652
1.02575683
1.02832031
1.02758789
1.02697753
1.02685546
1.02905273
1.02722167
1.02807617
1.02929687
1.03088378
1.03002929
1.02770996
1.02905273
1.02624511
1.02368164
1.02429199
1.02807617
1.02709960
1.02111816
1.02185058
1.02355957
1.02099609
1.02050781
1.02136230
1.02233886
1.02111816
1.02172851
1.02380371
1.02282714
1.02246093
1.02087402
1.02160644
1.02038574
1.02124023
1.02038574
1.02050781
1.01965332
1.02075195
1.02185058
1.02136230
1.02014160
1.01953125
1.02160644
1.02075195
1.01953125
1.01965332
1.01989746
1.02111816
1.01953125
1.01940917
1.02075195
1.02075195
1.02197265
1.02197265
1.02001953
1.02124023
1.02099609
1.02087402
1.02197265
1.02429199
1.02172851
1.02099609
1.02209472
1.02294921
1.02331542
1.00573730
1.00988769
1.01049804
1.00988769
1.00988769
1.00952148
1.00781250
1.01037597
1.00854492
1.00781250
1.00988769
1.00854492
1.00537109
1.00720214
1.00708007
1.00561523
1.00964355
1.00805664
1.00952148
1.00964355
1.00866699
1.00720214
1.00708007
1.00927734
1.00683593
1.00769042
1.00927734
1.00610351
1.00805664
1.00988769
1.01000976
1.00817871
.99755859
.99365234
.99340820
.98706054
.99011230
.98876953
.98840332
.98889160
.98742675
.98840332
.99511718
.99401855
.99084472
.98803710
.99426269
.99072265
.99365234
.99291992
.98620605
.98571777
.98913574
.98925781
.98815917
.99035644
.98974609
.98925781
.97412109
.98022460
.97387695
.97741699
.97314453
.97265625
.97277832
.97192382
.97863769
.97778320
.97216796
.97265625
.97912597
.97314453
.97351074
.97448730
.97424316
.97399902
.97204589
.97290039
.97485351
.97290039
.97375488
.97314453
.97399902
.97729492
.97436523
.97436523
.97424316
.97961425
.97546386
.97399902
.97668457
.97448730
.97302246
.97583007
.97570800
.97644042
.97656250
.97546386
.97204589
.97375488
.97351074
.98046875
.97570800
.97375488
.97399902
.97399902
.97192382
.97399902
.97570800
.97265625
.97399902
.97277832
.97412109
.97399902
.97363281
.97265625
.97534179
.97497558
.97436523
.97436523
.97302246
.97436523
.97314453
.97546386
.97375488
