1.02807617
1.02795410
1.02514648
1.02661132
1.02734375
1.02832031
1.02795410
1.02917480
1.02929687
1.03088378
1.02624511
1.03039550
1.02819824
1.02905273
1.02746582
1.02722167
1.02758789
1.02978515
1.02795410
1.02111816
1.02111816
1.02294921
1.02307128
1.02160644
1.02050781
1.02319335
1.02282714
1.02062988
1.02429199
1.02514648
1.00695800
1.00622558
1.01037597
1.00903320
1.00830078
1.00805664
1.00964355
1.00610351
1.01135253
1.00903320
1.00708007
1.00878906
1.00659179
1.00756835
1.00927734
1.00720214
1.00793457
1.00720214
1.00964355
1.00781250
1.00671386
1.00695800
1.00842285
1.01037597
1.01000976
1.00793457
1.00756835
.99047851
.98742675
.98767089
.98828125
.98876953
.99291992
.98840332
.99340820
.98754882
.98791503
.99047851
.98901367
.98840332
.98852539
.98876953
.99389648
.98803710
.99243164
.99206542
.99316406
.98693847
.99218750
.99096679
.98693847
.98535156
.98791503
.99194335
.99462890
.98718261
.98815917
.99304199
.99401855
.99279785
.99145507
.99353027
.98754882
.99340820
.98889160
.98583984
.99255371
.99243164
.98669433
.99230957
.99316406
.98840332
.98840332
.99243164
.99182128
.98889160
.98889160
.98681640
.98706054
.98657226
.99511718
.97619628
.97509765
.97436523
.97473144
.97558593
.97558593
.97119140
.97351074
.97644042
.97619628
.97583007
.97473144
.97338867
.97375488
.97961425
.97387695
.97387695
.97216796
.97253417
.97155761
.97546386
.97290039
.97229003
.97155761
.97656250
.97387695
.97521972
.97412109
.97302246
.97473144
.97521972
.97460937
.97399902
.97387695
.97265625
.97485351
.97546386
1.12768554
1.12353515
1.12451171
1.12561035
1.12316894
1.12182617
1.12255859
1.12390136
1.13012695
1.12292480
1.12316894
1.12365722
1.12438964
1.12451171
1.12634277
1.12243652
1.12756347
1.12695312
1.12487792
1.12536621
1.12512207
1.12353515
1.12182617
1.12463378
1.12377929
1.12414550
1.12609863
1.12658691
1.12451171
1.12622070
1.12463378
1.12597656
1.13159179
1.12963867
1.12390136
1.12500000
1.12573242
1.12670898
1.12817382
1.12768554
1.13000488
1.12817382
1.12609863
1.12524414
1.12585449
1.12658691
1.12548828
1.12731933
1.12658691
1.12780761
1.12780761
1.12731933
