1.02770996
1.02819824
1.03076171
1.02783203
1.02563476
1.02526855
1.02673339
1.02746582
1.02612304
1.02685546
1.02905273
1.03063964
1.03002929
1.02709960
1.02795410
1.02514648
1.02758789
1.02954101
1.02734375
1.02746582
1.02563476
1.02490234
1.02246093
1.02124023
1.02490234
1.02075195
1.02270507
1.02429199
1.02209472
1.02404785
1.02075195
1.00683593
1.00915527
1.00842285
1.00671386
1.00842285
1.00939941
1.00903320
1.00781250
1.00781250
1.00964355
1.00830078
1.00708007
1.00744628
1.00817871
1.00854492
1.00769042
1.00708007
1.00598144
1.00610351
1.00756835
1.00744628
1.00866699
1.00683593
1.00805664
1.00573730
1.00744628
1.00683593
.99194335
.99707031
.99450683
.99365234
.98718261
.98840332
.99121093
.99255371
.99267578
.99475097
.98681640
.99243164
.98803710
.98645019
.98730468
.98596191
.98803710
.99487304
.98828125
.99243164
.98632812
.99340820
.98791503
.99426269
.98791503
.98693847
.98852539
.98706054
.99169921
.98620605
.99304199
.98962402
.99169921
.99108886
.98864746
.99597167
.99450683
.98791503
.98815917
.98742675
.98803710
.99291992
.98754882
.99206542
.98693847
.98608398
.98840332
.98779296
.98803710
.99133300
.98925781
.99267578
.99475097
.98828125
.98889160
.98730468
.99291992
.99487304
.98608398
.99377441
.98583984
.98571777
.99279785
.98767089
.98864746
.99401855
.98718261
.99194335
.98730468
.99365234
.98876953
.99304199
.99279785
.99365234
.99194335
.98754882
.98803710
.99157714
.98779296
.99230957
.98950195
.98962402
.98742675
.98815917
.98828125
.99145507
.98925781
.98583984
.98681640
.99133300
.98779296
.98742675
.97229003
.97583007
.98461914
.97473144
.97216796
.97497558
.97460937
.97607421
.97448730
.97229003
.97326660
.97326660
.97326660
.97229003
.97473144
.97290039
.98376464
.97277832
.97241210
.97607421
.97509765
.97521972
.97766113
.97534179
.97473144
.97241210
.97265625
.97424316
.97314453
.97314453
.97290039
.97387695
.97241210
.97338867
.97314453
.97338867
.97216796
.97241210
.97485351
.97460937
.97314453
.97314453
.97216796
.97265625
.97399902
.97302246
.97521972
.97424316
.97619628
.97412109
