1.02709960
1.02563476
1.02783203
1.02856445
1.02758789
1.02661132
1.02819824
1.02795410
1.02709960
1.02819824
1.02697753
1.02758789
1.02746582
1.02612304
1.02563476
1.02429199
1.02612304
1.02832031
1.02819824
1.02868652
1.02807617
1.02233886
1.02062988
1.02294921
1.02148437
1.02075195
1.02075195
1.02368164
1.02050781
1.02014160
1.02099609
1.01391601
1.00659179
1.00744628
1.00878906
1.00805664
1.00866699
1.00646972
1.00695800
1.00549316
1.00573730
1.00732421
1.00659179
1.00634765
1.00939941
1.00622558
1.00988769
1.00708007
1.00708007
1.00500488
1.00732421
1.00512695
1.00744628
1.00878906
1.00708007
1.00939941
1.00769042
1.00683593
1.00915527
1.00720214
1.00769042
1.00671386
1.00646972
1.00634765
1.00756835
1.00891113
1.00671386
1.00830078
1.00866699
1.00610351
1.00756835
1.00659179
1.00561523
1.00744628
1.00659179
1.00622558
1.00744628
1.00732421
1.00732421
1.00830078
1.00756835
1.00769042
1.00561523
1.00732421
1.00708007
1.00622558
1.00805664
1.00708007
1.00708007
1.00866699
1.00549316
1.00976562
1.00561523
1.00842285
1.00659179
1.00585937
1.00512695
1.00598144
1.00720214
1.00622558
1.00842285
1.00634765
1.00805664
1.00708007
1.00744628
1.00683593
1.00695800
1.00683593
1.00793457
1.00610351
1.00683593
1.00732421
1.00781250
1.00769042
1.00769042
1.00756835
1.00598144
1.00683593
1.00659179
1.00781250
1.00927734
1.00634765
1.00793457
1.00659179
1.00720214
1.00720214
1.00695800
1.00585937
1.00512695
1.00695800
1.00598144
1.00708007
1.00585937
1.00598144
1.00671386
1.00622558
1.00683593
1.00683593
1.00878906
1.00866699
1.01037597
1.00817871
1.00488281
1.00732421
1.00671386
.99194335
.98754882
.99316406
.99218750
.98901367
.98730468
.98901367
.99084472
.98754882
.99377441
.98742675
.98864746
.99340820
.98693847
.98852539
.99194335
.98913574
.99536132
.99426269
.98901367
.99206542
.98730468
.98742675
.98815917
.98815917
.98681640
.98730468
.98791503
.99279785
.99218750
.99377441
.99340820
.98718261
.99536132
.99340820
.98852539
.98767089
.99487304
.98901367
.98950195
.99047851
.98876953
.99475097
.99291992
.98901367
.98950195
.99267578
.99023437
.99060058
.99182128
.98754882
.98828125
.98730468
.98632812
.98742675
