1.02709960
1.02856445
1.02856445
1.02746582
1.02600097
1.02636718
1.02954101
1.02758789
1.02709960
1.02746582
1.02966308
1.02648925
1.02917480
1.02832031
1.02868652
1.02661132
1.02868652
1.02636718
1.02575683
1.02795410
1.02966308
1.02233886
1.01965332
1.02722167
1.02197265
1.02648925
1.02685546
1.02087402
1.02099609
1.02160644
1.02539062
1.02258300
1.02111816
1.02014160
1.01989746
1.02502441
1.02087402
1.02026367
1.02111816
1.02062988
1.02783203
1.02807617
1.02685546
1.02136230
1.02172851
1.02111816
1.02221679
1.02001953
1.01989746
1.02124023
1.02014160
1.02111816
1.01965332
1.02075195
1.02075195
1.02099609
1.02014160
1.02172851
1.02319335
1.02331542
1.02270507
1.02282714
1.02136230
1.01977539
1.02636718
1.02087402
1.02624511
1.02209472
1.02062988
1.02319335
1.02624511
1.02185058
1.01379394
1.00817871
1.00793457
1.00585937
1.00842285
1.00695800
1.00830078
1.00585937
1.00549316
1.00793457
1.00622558
1.00756835
1.00769042
1.00720214
1.00573730
1.00866699
1.00646972
1.00817871
1.00769042
1.00573730
1.00659179
1.00622558
1.00732421
1.00793457
1.00720214
1.00598144
1.00695800
1.00756835
1.00708007
1.00793457
1.00842285
1.00427246
1.00622558
1.00610351
1.00683593
1.00537109
1.00634765
1.00512695
1.00683593
1.00524902
1.00878906
1.00878906
1.00720214
1.00732421
1.00695800
1.00549316
1.00732421
1.00683593
1.00866699
1.00732421
1.00769042
1.00671386
1.00622558
1.00659179
1.00671386
1.00695800
1.00512695
1.00744628
1.00878906
1.00708007
1.00646972
1.00708007
1.00793457
1.00524902
1.00805664
1.00927734
1.00744628
1.00866699
1.00866699
1.00671386
1.00769042
1.00793457
1.00805664
1.00708007
1.00830078
1.00842285
1.00732421
1.00964355
1.00781250
1.00744628
1.00646972
1.00585937
1.00573730
1.00659179
1.00573730
1.00708007
1.00488281
.98754882
.98828125
.98913574
.98815917
.99157714
.98901367
.99377441
.98864746
.98852539
.98742675
.98937988
.98767089
.98840332
.98974609
.98913574
.98669433
.99194335
.99243164
.98937988
.99035644
.98730468
.98889160
.98815917
.98889160
.98889160
.98815917
.98754882
.98718261
.97473144
.97265625
.97473144
.97436523
.97509765
.97302246
.97619628
.97460937
.97229003
.97253417
.97314453
.97363281
.97460937
