1.02844238
1.02954101
1.02807617
1.02819824
1.02807617
1.02673339
1.02917480
1.02758789
1.02661132
1.02648925
1.02966308
1.02807617
1.02685546
1.02648925
1.02575683
1.02990722
1.02905273
1.02795410
1.02722167
1.02819824
1.02819824
1.02478027
1.02246093
1.02343750
1.02221679
1.02294921
1.02209472
1.02197265
1.02294921
1.02136230
1.02160644
1.02539062
1.01965332
1.02124023
1.00512695
1.00817871
1.00732421
1.00634765
1.00695800
1.00708007
1.00866699
1.00573730
1.00683593
1.00439453
1.00537109
1.00573730
1.00524902
1.00524902
1.00573730
1.00610351
1.00671386
1.00744628
1.00598144
1.00585937
1.00537109
1.00512695
1.00573730
1.00622558
1.00476074
1.00708007
1.00537109
1.00512695
1.00512695
1.00683593
1.00476074
1.00512695
1.00585937
1.00708007
1.00537109
1.00512695
1.00622558
1.00524902
1.00512695
1.00488281
1.00476074
1.00634765
1.00585937
1.00512695
1.00646972
1.00512695
1.00622558
1.00708007
1.00659179
1.00622558
1.00610351
1.00756835
1.00878906
1.00708007
1.00756835
1.00695800
1.00744628
1.00891113
1.00585937
1.00598144
1.00610351
1.00549316
1.00585937
1.00720214
1.00537109
1.00732421
1.00549316
1.00695800
1.00634765
1.00695800
1.00695800
1.00720214
1.00659179
1.00659179
1.00695800
1.00732421
1.00671386
1.00854492
1.00671386
1.00659179
1.00585937
1.00805664
1.00708007
1.00744628
1.00756835
1.00817871
1.00720214
1.00695800
1.00634765
1.00781250
1.00903320
1.00671386
1.00756835
.98754882
.98815917
.98718261
.98962402
.98657226
.98840332
.99536132
.99426269
.98754882
.98986816
.98815917
.99316406
.99401855
.98828125
.99401855
.98706054
.98986816
.98974609
.98950195
.99230957
.99426269
.99194335
.98730468
.98852539
.98767089
.98986816
.97863769
.97570800
.97302246
.97412109
.97546386
.97583007
.97668457
.97412109
.97485351
.97363281
.97082519
.97399902
.97277832
.97265625
.97277832
.97485351
.97167968
.97338867
.97412109
.97399902
.97326660
.97314453
.97204589
.97448730
.97351074
.97399902
.97412109
.97534179
.97338867
.97802734
.97338867
.97802734
.97216796
.97399902
.97399902
.97436523
.97473144
.97497558
.97290039
.97497558
.97302246
.97375488
.97558593
.97570800
.97558593
.97436523
.97448730
