1.02465820
1.02917480
1.02685546
1.02673339
1.02807617
1.02392578
1.02905273
1.02795410
1.02893066
1.02636718
1.02770996
1.02575683
1.02819824
1.02832031
1.02587890
1.02722167
1.02807617
1.02673339
1.03088378
1.02770996
1.02880859
1.02246093
1.02307128
1.02270507
1.02136230
1.02233886
1.02172851
1.02136230
1.02331542
1.02539062
1.02209472
1.02416992
1.01013183
1.00756835
1.00708007
1.00732421
1.00683593
1.00671386
1.00769042
1.00573730
1.00634765
1.00549316
1.00622558
1.00622558
1.00598144
1.00573730
1.00805664
1.00573730
1.00488281
1.00573730
1.00598144
1.00549316
1.00695800
1.00598144
1.00585937
1.00781250
1.00842285
1.00646972
1.00537109
1.00573730
1.00671386
1.00744628
1.00573730
1.00451660
1.00646972
1.00695800
1.00793457
1.00720214
1.00769042
1.00610351
1.00793457
1.00573730
1.00683593
1.00573730
1.00756835
1.00732421
1.00671386
1.00756835
1.00744628
1.00622558
1.00659179
1.00573730
1.00500488
1.00756835
1.00854492
1.00732421
1.00720214
1.00720214
1.00683593
1.00537109
1.00537109
1.00512695
1.00524902
1.00524902
1.00524902
1.00927734
1.00866699
1.00866699
1.00854492
1.00634765
1.00585937
1.00732421
1.00671386
1.00622558
1.00561523
1.00683593
1.00732421
1.00708007
1.00671386
1.00610351
1.00817871
1.00769042
1.00805664
1.00744628
1.00976562
1.00646972
1.00585937
1.00781250
1.00903320
1.00830078
1.00769042
1.00683593
.99169921
.99230957
.98889160
.98901367
.99035644
.98608398
.99340820
.98779296
.98901367
.99499511
.99182128
.98864746
.98852539
.98815917
.98779296
.98706054
.99523925
.98815917
.98889160
.99475097
.98803710
.98681640
.98681640
.98791503
.98864746
.98864746
.98852539
.98693847
.98730468
.99377441
.99316406
.98718261
.99291992
.99572753
.99035644
.99035644
.98730468
.98840332
.98718261
.98742675
.99279785
.98681640
.99035644
.99475097
.98889160
.98754882
.98767089
.98889160
.99206542
.98742675
.99145507
.98742675
.98925781
.98864746
.98779296
.98937988
.98901367
.99450683
.98583984
.99365234
.98754882
.98742675
.98828125
.98901367
.98730468
.98937988
.99475097
.98803710
.99169921
.98779296
.98852539
.98815917
.98669433
.98693847
.98937988
.98901367
.98791503
.98791503
