1.02575683
1.02807617
1.03039550
1.02758789
1.02746582
1.02514648
1.02685546
1.02661132
1.02795410
1.02917480
1.02758789
1.02722167
1.02734375
1.02709960
1.02844238
1.02600097
1.02685546
1.02551269
1.02587890
1.02954101
1.02307128
1.02294921
1.02880859
1.02307128
1.02197265
1.02038574
1.02807617
1.02221679
1.02172851
1.02270507
1.00744628
1.00720214
1.00561523
1.00769042
1.00878906
1.00793457
1.00817871
1.00939941
1.00524902
1.00817871
1.00646972
1.00756835
1.00695800
1.01025390
1.00744628
1.00720214
1.00769042
1.00927734
1.00659179
1.00878906
1.00695800
1.00708007
1.00756835
1.00854492
1.00720214
1.00708007
1.00793457
1.00805664
.99414062
.98803710
.99243164
.99475097
.98889160
.99365234
.98828125
.98864746
.98815917
.98962402
.99560546
.98876953
.98876953
.98864746
.98645019
.99291992
.99487304
.98779296
.98864746
.98864746
.98730468
.98852539
.98718261
.99328613
.98718261
.99291992
.97497558
.97570800
.97424316
.97253417
.97436523
.97265625
.97436523
.97387695
.97448730
.97241210
.97485351
.97570800
.97277832
.97473144
.97314453
.97387695
.97387695
.97399902
.97436523
.97900390
.97753906
.97412109
.97399902
.97375488
.97399902
.97399902
.97375488
.97436523
.97265625
.97363281
.97375488
.97924804
.97399902
.97851562
.97729492
.97839355
.97863769
.97949218
.97863769
.97668457
.97607421
.97558593
.97766113
.97924804
.97912597
.97985839
.97521972
.97546386
.98083496
.97973632
.97888183
.98181152
.98071289
.97509765
.98046875
.97937011
.98071289
.97888183
.98010253
.98022460
.97839355
.98120117
.98229980
.98022460
.97607421
.97985839
.97998046
.97998046
.97473144
.98156738
.98156738
.98144531
.97937011
.98095703
.98059082
.98132324
.97973632
.97558593
.98156738
.98327636
.98132324
.97900390
.97497558
.98071289
.98059082
.98181152
.97607421
.97705078
.98193359
.98120117
.97534179
.97631835
.97631835
.97607421
.97570800
.97595214
.97607421
.97497558
.97485351
.98034667
.98156738
.98083496
.98083496
.98168945
.97570800
.98168945
.98193359
.98095703
.98095703
.97668457
.98083496
.97973632
.98132324
.98205566
.98046875
.97863769
