1.02941894
1.02746582
1.02734375
1.03027343
1.02734375
1.02819824
1.02929687
1.02746582
1.02648925
1.02929687
1.02905273
1.02648925
1.03002929
1.03015136
1.02551269
1.02844238
1.02575683
1.02685546
1.02905273
1.02612304
1.02246093
1.02221679
1.02709960
1.02185058
1.02136230
1.02185058
1.02185058
1.02526855
1.02856445
1.02258300
1.02307128
1.00744628
1.00805664
1.00720214
1.00634765
1.01123046
1.00866699
1.00988769
1.00805664
1.00830078
1.00781250
1.00781250
1.00622558
1.00866699
1.00646972
1.00805664
1.00708007
1.00671386
1.00708007
1.00903320
1.00769042
1.00744628
1.00842285
1.00610351
1.00720214
1.00878906
1.00683593
1.00842285
1.00976562
1.00659179
1.00830078
1.00878906
1.00634765
1.00756835
1.00939941
1.00683593
.99304199
.99255371
.98803710
.98742675
.99548339
.99340820
.99072265
.98815917
.98889160
.98986816
.99340820
.99316406
.98852539
.99621582
.99060058
.99487304
.99511718
.98901367
.99169921
.99340820
.98754882
.99340820
.99499511
.98974609
.99243164
.99133300
.99182128
.99340820
.99230957
.98632812
.98718261
.99365234
.99328613
.98791503
.99340820
.98889160
.98864746
.99353027
.99353027
.99230957
.98779296
.99475097
.99072265
.98608398
.98693847
.98974609
.99426269
.98754882
.99414062
.98718261
.99377441
.98986816
.99438476
.98730468
.99279785
.98962402
.97521972
.97277832
.97375488
.97814941
.97314453
.97375488
.97326660
.97314453
.97314453
.97363281
.97534179
.97644042
.97485351
.97351074
.97192382
.97351074
.97338867
.97253417
.97387695
.97265625
.97314453
.97949218
.97595214
.97497558
.98571777
.97534179
.97473144
.98205566
.97607421
.97448730
.97448730
.97546386
.97570800
.97497558
.97949218
.97949218
.97973632
.97912597
.97448730
.97485351
.97497558
.97485351
.97375488
.97583007
.97619628
.97583007
.97546386
.97558593
.97607421
.97619628
.97668457
.97705078
.97692871
.97668457
.97570800
.97631835
.97631835
.97692871
.97668457
.97326660
.97412109
.97692871
.97570800
.97485351
.98254394
.97521972
.97595214
.97619628
.97619628
.97546386
.97607421
.97668457
.97583007
.97607421
.97656250
.98083496
.97583007
.98059082
