1.13244628
1.13806152
1.13269042
1.13232421
1.13256835
1.13232421
1.13305664
1.13232421
1.13269042
1.13366699
1.13208007
1.13281250
1.13256835
1.13317871
1.13281250
1.13244628
1.13244628
1.13269042
1.13171386
1.13342285
1.13293457
1.13232421
1.13256835
1.13342285
1.13232421
1.13330078
1.13244628
1.13208007
1.13281250
1.13244628
1.13305664
1.13269042
1.13305664
1.13342285
1.13293457
1.13720703
1.13232421
1.13342285
1.13269042
1.13244628
1.13647460
1.13232421
1.13342285
1.13269042
1.13220214
1.13305664
1.13122558
1.13342285
1.13269042
1.13220214
1.13171386
1.13342285
1.13342285
1.13732910
1.13269042
1.13183593
1.13342285
1.13208007
1.13305664
1.13342285
1.13806152
1.13305664
1.13232421
1.13781738
1.13281250
1.13159179
1.13806152
1.13208007
1.13195800
1.13269042
1.13317871
1.13269042
1.13342285
1.13305664
1.13232421
1.13208007
1.13732910
1.13305664
1.13134765
1.13232421
1.13232421
1.13293457
1.13342285
1.13220214
1.13635253
1.13342285
1.13342285
1.13806152
1.13806152
1.13671875
1.13830566
1.13745117
1.13269042
1.13281250
1.13256835
1.13610839
1.13281250
1.13623046
1.13708496
1.13244628
1.13452148
1.13342285
1.13452148
1.12841796
1.13281250
1.13366699
1.13366699
1.12780761
1.13415527
1.13464355
1.12890625
1.12854003
1.13403320
1.13293457
1.12841796
1.12902832
1.13366699
1.13403320
1.13476562
1.13269042
1.13293457
1.12744140
1.13403320
1.13366699
1.12414550
1.12011718
1.13452148
1.13513183
1.13256835
1.13232421
1.13378906
1.13427734
1.13208007
1.13305664
1.13342285
1.13378906
1.13452148
1.13256835
1.13378906
1.13854980
1.11950683
1.11816406
1.11938476
1.11901855
1.11828613
1.11828613
1.11938476
1.11853027
1.11914062
1.11926269
1.11962890
1.11987304
1.11901855
1.12316894
1.12341308
1.11950683
1.11975097
1.11853027
1.11877441
1.11853027
1.11950683
1.11865234
1.11926269
1.11499023
1.11840820
1.11975097
1.12426757
1.13415527
1.11389160
1.11853027
1.12329101
1.11865234
1.12023925
1.11535644
1.11523437
1.11572265
1.11560058
1.11547851
1.11584472
1.11987304
1.11584472
1.12036132
1.11511230
1.11486816
1.11547851
1.11560058
1.11462402
1.11523437
1.11499023
1.11511230
1.12011718
1.11511230
1.11462402
1.12011718
1.11669921
1.11535644
1.12060546
1.12133789
1.12255859
1.11767578
