1.13244628
1.13317871
1.13232421
1.13317871
1.13269042
1.13354492
1.13232421
1.13342285
1.13354492
1.13146972
1.13269042
1.13293457
1.13293457
1.13342285
1.13293457
1.13183593
1.13256835
1.13818359
1.13305664
1.13281250
1.13256835
1.13317871
1.13134765
1.13281250
1.13208007
1.13635253
1.13659667
1.13269042
1.13806152
1.13366699
1.13562011
1.13244628
1.13159179
1.13269042
1.13305664
1.13378906
1.13269042
1.13769531
1.13781738
1.13378906
1.13293457
1.13366699
1.13464355
1.13378906
1.13391113
1.13757324
1.13244628
1.13842773
1.13891601
1.13769531
1.13293457
1.13842773
1.13269042
1.13903808
1.13354492
1.13342285
1.13354492
1.13427734
1.13232421
1.13488769
1.13330078
1.13391113
1.13342285
1.13342285
1.13671875
1.13281250
1.13330078
1.13781738
1.13793945
1.13281250
1.13354492
1.12890625
1.13452148
1.13366699
1.13500976
1.13342285
1.11889648
1.11413574
1.11584472
1.11511230
1.12084960
1.11523437
1.11523437
1.11499023
1.11584472
1.11572265
1.11523437
1.11450195
1.11511230
1.11437988
1.11413574
1.11633300
1.12084960
1.11499023
1.12060546
1.11596679
1.12036132
1.11572265
1.11474609
1.11535644
1.11621093
1.11511230
1.11987304
1.11621093
1.11523437
1.11511230
1.11621093
1.11572265
1.11572265
1.11584472
1.11535644
1.11547851
1.11547851
1.11499023
1.11560058
1.11560058
1.12170410
1.11926269
1.12036132
1.11828613
1.12023925
1.11901855
1.13378906
1.13439941
1.13549804
1.13427734
1.13403320
1.13391113
1.13415527
1.13537597
1.13586425
1.13037109
1.13806152
1.11865234
1.12011718
1.12414550
1.11376953
1.11877441
1.11547851
1.11901855
1.12426757
1.11730957
1.11730957
1.11743164
1.11657714
1.11804199
1.11608886
1.11767578
1.11157226
1.11572265
1.15905761
1.15759277
1.12438964
1.11718750
1.11730957
1.11694335
1.11767578
1.12072753
1.12170410
1.12036132
1.11755371
1.11743164
1.11914062
1.11645507
1.11743164
1.11706542
1.11743164
1.11743164
1.11669921
1.11657714
1.11706542
1.11572265
1.11633300
1.11743164
1.11791992
1.11242675
1.11901855
1.11853027
1.11791992
1.11865234
1.11999511
1.11425781
1.11804199
1.12377929
1.11987304
1.12023925
1.11779785
1.12402343
1.11206054
1.10937500
1.11816406
1.11853027
1.15966796
1.11218261
1.11828613
1.10876464
1.11706542
1.11450195
1.11938476
1.11889648
