1.13317871
1.13293457
1.13256835
1.13232421
1.13793945
1.13305664
1.13330078
1.13378906
1.13330078
1.13903808
1.13427734
1.13452148
1.13269042
1.13342285
1.13281250
1.13256835
1.13293457
1.13232421
1.13305664
1.13232421
1.13769531
1.13281250
1.13256835
1.13830566
1.13269042
1.13232421
1.13452148
1.13208007
1.13769531
1.13269042
1.13256835
1.13366699
1.13269042
1.13842773
1.13403320
1.13415527
1.13842773
1.13354492
1.13403320
1.13403320
1.13781738
1.13403320
1.13317871
1.13671875
1.13256835
1.13281250
1.13391113
1.13281250
1.13342285
1.13330078
1.13317871
1.13391113
1.13232421
1.13146972
1.13281250
1.13757324
1.13232421
1.13281250
1.13330078
1.13256835
1.13452148
1.13757324
1.13793945
1.13317871
1.13623046
1.13391113
1.13269042
1.13781738
1.13281250
1.13757324
1.13342285
1.13293457
1.13732910
1.13171386
1.13244628
1.13403320
1.13232421
1.13391113
1.13732910
1.13769531
1.13220214
1.13342285
1.13220214
1.13769531
1.13732910
1.13244628
1.13452148
1.13269042
1.13806152
1.13769531
1.13879394
1.13293457
1.13818359
1.13732910
1.13781738
1.13806152
1.13220214
1.13830566
1.13757324
1.13867187
1.13171386
1.13793945
1.13366699
1.13806152
1.13732910
1.13330078
1.13830566
1.13842773
1.13342285
1.13793945
1.13696289
1.13757324
1.13830566
1.13769531
1.13806152
1.13757324
1.13757324
1.13256835
1.13818359
1.13281250
1.13269042
1.13293457
1.13806152
1.13354492
1.13757324
1.13854980
1.13305664
1.13769531
1.13366699
1.13305664
1.13342285
1.13366699
1.13342285
1.13342285
1.13366699
1.13806152
1.13330078
1.13317871
1.13879394
1.13439941
1.13439941
1.13342285
1.13342285
1.13232421
1.13305664
1.13867187
1.13342285
1.13269042
1.13708496
1.13293457
1.13903808
1.13281250
1.13403320
1.13818359
1.13781738
1.13488769
1.13366699
1.13366699
1.13391113
1.13342285
1.13305664
1.13391113
1.13378906
1.13818359
1.13464355
1.13439941
1.13403320
1.13293457
1.13342285
1.13305664
1.13806152
1.13745117
1.13366699
1.13366699
1.13366699
1.13879394
1.13391113
1.13317871
1.13708496
1.13769531
1.13708496
1.13305664
1.13757324
1.13342285
1.13879394
1.13378906
1.13366699
1.13317871
1.13269042
1.13256835
1.13916015
1.13830566
1.13281250
1.13867187
1.13244628
1.13244628
1.13793945
1.13317871
1.13342285
1.13366699
