1.13793945
1.13745117
1.13244628
1.13134765
1.13806152
1.13220214
1.13232421
1.13781738
1.13305664
1.13305664
1.13769531
1.13781738
1.13781738
1.13366699
1.13330078
1.13146972
1.13208007
1.13110351
1.13623046
1.13732910
1.13220214
1.13330078
1.13281250
1.13757324
1.13232421
1.13781738
1.13232421
1.13195800
1.13049316
1.13281250
1.13330078
1.13256835
1.13293457
1.13232421
1.13732910
1.13745117
1.13732910
1.13232421
1.13171386
1.13391113
1.13403320
1.13281250
1.13781738
1.13232421
1.13232421
1.13330078
1.13171386
1.13330078
1.13830566
1.13342285
1.13281250
1.13232421
1.13818359
1.13354492
1.13281250
1.13232421
1.13781738
1.13269042
1.13671875
1.13830566
1.13208007
1.13305664
1.13244628
1.13305664
1.13757324
1.13732910
1.13269042
1.13232421
1.13293457
1.13317871
1.13195800
1.13403320
1.13793945
1.13317871
1.13378906
1.13342285
1.13342285
1.13256835
1.13244628
1.13342285
1.13244628
1.13354492
1.13391113
1.13269042
1.13293457
1.13391113
1.13317871
1.13281250
1.13317871
1.13330078
1.13732910
1.13342285
1.13342285
1.13317871
1.13366699
1.13281250
1.13818359
1.13378906
1.13354492
1.13330078
1.13403320
1.13403320
1.13818359
1.13342285
1.13415527
1.13378906
1.13354492
1.13427734
1.13330078
1.13818359
1.13781738
1.13330078
1.13403320
1.13891601
1.13293457
1.13415527
1.13513183
1.13488769
1.13452148
1.13293457
1.13415527
1.13464355
1.13647460
1.13391113
1.13989257
1.13537597
1.13574218
1.13452148
1.13537597
1.13500976
1.13537597
1.13415527
1.13232421
1.14013671
1.13476562
1.13586425
1.13452148
1.13598632
1.13696289
1.13415527
1.13574218
1.13488769
1.13525390
1.13098144
1.13171386
1.13562011
1.13183593
1.13317871
1.13000488
1.11718750
1.12158203
1.12194824
1.12097167
1.11694335
1.15466308
1.11682128
1.11669921
1.11669921
1.11779785
1.11682128
1.11743164
1.11718750
1.11633300
1.11718750
1.11706542
1.10681152
1.11303710
1.11828613
1.11437988
1.11767578
1.11840820
1.11730957
1.11840820
1.11523437
1.11926269
1.11889648
1.11547851
1.11242675
1.11706542
1.11499023
1.11767578
1.11206054
1.15686035
1.15649414
1.11743164
1.11791992
1.11669921
1.11853027
1.11914062
1.12060546
1.11914062
1.11389160
1.11425781
1.12170410
1.11914062
1.11621093
1.11779785
1.11303710
1.11840820
1.11914062
