1.13244628
1.13244628
1.13830566
1.13146972
1.13317871
1.13269042
1.13342285
1.13171386
1.13244628
1.13366699
1.13269042
1.13195800
1.13269042
1.13171386
1.13610839
1.13244628
1.13354492
1.13256835
1.13366699
1.13391113
1.13256835
1.13391113
1.13305664
1.13305664
1.13342285
1.13122558
1.13403320
1.13317871
1.13293457
1.13293457
1.13232421
1.13745117
1.13256835
1.13317871
1.13281250
1.13244628
1.13403320
1.13342285
1.13378906
1.13879394
1.13195800
1.13183593
1.13317871
1.13354492
1.13757324
1.13220214
1.13366699
1.13269042
1.13391113
1.13793945
1.13232421
1.13513183
1.13305664
1.13330078
1.13244628
1.13244628
1.13708496
1.13244628
1.13269042
1.13403320
1.13281250
1.13342285
1.13342285
1.13830566
1.13269042
1.13330078
1.13330078
1.13403320
1.13244628
1.13281250
1.13305664
1.13769531
1.13769531
1.13403320
1.13232421
1.13232421
1.13745117
1.13891601
1.13403320
1.13671875
1.13659667
1.13671875
1.13342285
1.13671875
1.13293457
1.13342285
1.13781738
1.13220214
1.13293457
1.13391113
1.13244628
1.13940429
1.13891601
1.13305664
1.13781738
1.13378906
1.12841796
1.13330078
1.13342285
1.13305664
1.13330078
1.11999511
1.11547851
1.12036132
1.11535644
1.11499023
1.11584472
1.11938476
1.11633300
1.11462402
1.12133789
1.11511230
1.11462402
1.11633300
1.11511230
1.11523437
1.11511230
1.11511230
1.11523437
1.11535644
1.11633300
1.12060546
1.11572265
1.12072753
1.12036132
1.12011718
1.11523437
1.11987304
1.11926269
1.12414550
1.12292480
1.13317871
1.13293457
1.13378906
1.13305664
1.13293457
1.13256835
1.13269042
1.13952636
1.12780761
1.13342285
1.13293457
1.11572265
1.12890625
1.13464355
1.12011718
1.11499023
1.11901855
1.11987304
1.11914062
1.11730957
1.13305664
1.13244628
1.13391113
1.13403320
1.11999511
1.11523437
1.11914062
1.11950683
1.11938476
1.12023925
1.12023925
1.11962890
1.11621093
1.11962890
1.12072753
1.11608886
1.11596679
1.11621093
1.12023925
1.12109375
1.12109375
1.11975097
1.11523437
1.12109375
1.11950683
1.11718750
1.11621093
1.11560058
1.12060546
1.11657714
1.12097167
1.12121582
1.11962890
1.12133789
1.12036132
1.12048339
1.13684082
1.13574218
1.13488769
1.13439941
1.13427734
1.13403320
1.13427734
1.13940429
1.13439941
1.13464355
1.13439941
1.13427734
1.13500976
