1.15625000
1.14965820
1.14550781
1.12145996
1.11596679
1.11340332
1.10864257
1.10815429
1.11169433
1.11364746
1.11364746
1.10412597
1.11315917
1.11596679
1.11669921
1.11376953
1.11511230
1.11425781
1.11035156
1.11242675
1.11499023
1.11169433
1.11535644
1.11059570
1.11059570
1.11547851
1.11584472
1.13256835
1.13342285
1.13745117
1.15783691
1.13037109
1.12829589
1.11315917
1.11816406
1.11511230
1.11462402
1.11621093
1.11071777
1.15917968
1.16003417
1.11425781
1.11535644
1.11291503
1.11486816
1.11572265
1.10144042
1.11474609
1.11596679
1.10644531
1.10839843
1.11486816
1.11474609
1.10949707
1.11108398
1.11486816
1.11572265
1.11560058
1.11645507
1.11254882
1.11633300
1.11474609
1.12036132
1.11486816
1.10803222
1.11364746
1.11486816
1.11193847
1.11572265
1.11181640
1.10913085
1.11596679
1.11523437
1.11059570
1.11352539
1.11437988
1.10803222
1.11450195
1.11401367
1.11499023
1.11267089
1.11242675
1.11486816
1.11279296
1.11511230
1.11596679
1.11267089
1.10766601
1.11474609
1.11511230
1.11511230
1.11572265
1.11108398
1.11474609
1.11560058
1.10180664
1.12133789
1.11572265
1.11621093
1.11169433
1.10070800
1.11022949
1.12133789
1.10449218
1.10656738
1.11352539
1.11499023
1.11181640
1.11523437
1.11535644
1.10607910
1.10473632
1.11535644
1.11206054
1.11474609
1.11865234
1.10351562
1.11254882
1.11291503
1.11486816
1.11242675
1.11450195
1.11486816
1.11169433
1.10852050
1.10131835
1.11535644
1.11621093
1.11340332
1.11682128
1.11083984
1.11083984
1.11486816
1.11926269
1.11328125
1.12023925
1.10852050
1.11474609
1.10852050
1.15759277
1.11962890
1.11889648
1.11621093
1.11645507
1.10400390
1.10803222
1.12145996
1.11010742
1.11755371
1.11657714
1.11499023
1.11242675
1.11645507
1.11071777
1.11608886
1.11584472
1.11352539
1.16418457
1.16052246
1.11303710
1.11657714
1.11145019
1.11511230
1.11560058
1.11364746
1.11450195
1.11511230
1.11450195
1.11511230
1.11584472
1.11193847
1.11523437
1.11596679
1.11315917
1.11596679
1.11621093
1.13183593
1.11486816
1.11071777
1.11572265
1.11230468
1.11755371
1.10595703
1.10546875
1.10510253
1.15112304
1.11975097
1.10961914
1.11108398
1.11315917
1.10534667
1.10803222
1.11840820
1.11486816
1.11364746
1.10681152
1.10510253
1.11071777
1.12072753
1.10046386
