1.15136718
1.14843750
1.14038085
1.11120605
1.11474609
1.11254882
1.11169433
1.11108398
1.10400390
1.11511230
1.11291503
1.10900878
1.11425781
1.10864257
1.11022949
1.11145019
1.10656738
1.11499023
1.11010742
1.11389160
1.11572265
1.11096191
1.10913085
1.11389160
1.11267089
1.10583496
1.11022949
1.11706542
1.10632324
1.10339355
1.12341308
1.11364746
1.12829589
1.13122558
1.10900878
1.10827636
1.11315917
1.11425781
1.11547851
1.11938476
1.10668945
1.11303710
1.11572265
1.10571289
1.11499023
1.11499023
1.12939453
1.12902832
1.12792968
1.13391113
1.13598632
1.13159179
1.13549804
1.12780761
1.12377929
1.11474609
1.15478515
1.11596679
1.11975097
1.11779785
1.11059570
1.12072753
1.11572265
1.11572265
1.11462402
1.11486816
1.11474609
1.11389160
1.11010742
1.11535644
1.11657714
1.11376953
1.10888671
1.11120605
1.11230468
1.11474609
1.11254882
1.10900878
1.11535644
1.11059570
1.10668945
1.10632324
1.10131835
1.10473632
1.11425781
1.10656738
1.11547851
1.11462402
1.11230468
1.10595703
1.11938476
1.10949707
1.11279296
1.11352539
1.11608886
1.11279296
1.11547851
1.11474609
1.11096191
1.11535644
1.11279296
1.11511230
1.11535644
1.11352539
1.11560058
1.11279296
1.11450195
1.11608886
1.11596679
1.11584472
1.11279296
1.11657714
1.11621093
1.10827636
1.11511230
1.11169433
1.10998535
1.11547851
1.10925292
1.11474609
1.12084960
1.11328125
1.10974121
1.11511230
1.10241699
1.11499023
1.11254882
1.11547851
1.11486816
1.11450195
1.11535644
1.11267089
1.11047363
1.10925292
1.11523437
1.11657714
1.10778808
1.11413574
1.11279296
1.11547851
1.10864257
1.10742187
1.11621093
1.11621093
1.11389160
1.11560058
1.11621093
1.11267089
1.11376953
1.11315917
1.10888671
1.10766601
1.11254882
1.11254882
1.11425781
1.11511230
1.11096191
1.10937500
1.11389160
1.10644531
1.11022949
1.11523437
1.11242675
1.11474609
1.12048339
1.11267089
1.10754394
1.10961914
1.11108398
1.10791015
1.11523437
1.10461425
1.10620117
1.10229492
1.10705566
1.11535644
1.12036132
1.11303710
1.11303710
1.10925292
1.11230468
1.10229492
1.11437988
1.11242675
1.11279296
1.11218261
1.11279296
1.11462402
1.11511230
1.11877441
1.11389160
1.11437988
1.11975097
1.11315917
1.12817382
1.13061523
1.13000488
1.13708496
1.13513183
1.12805175
