1.11596679
1.16345214
1.16357421
1.11791992
1.11511230
1.11193847
1.11645507
1.12658691
1.11767578
1.12145996
1.12011718
1.11804199
1.12487792
1.11926269
1.11547851
1.11608886
1.12072753
1.11999511
1.11987304
1.11730957
1.11962890
1.11926269
1.12036132
1.12121582
1.11523437
1.11755371
1.11486816
1.12060546
1.11999511
1.12097167
1.11840820
1.11657714
1.11840820
1.11621093
1.11999511
1.12377929
1.11877441
1.12036132
1.11547851
1.11962890
1.12438964
1.11901855
1.15539550
1.11145019
1.12304687
1.11816406
1.11657714
1.11999511
1.12097167
1.11523437
1.15820312
1.11669921
1.11877441
1.12158203
1.11657714
1.11706542
1.11560058
1.11889648
1.11791992
1.11987304
1.11987304
1.11718750
1.12097167
1.11743164
1.11987304
1.11499023
1.11975097
1.12951660
1.11999511
1.12097167
1.11767578
1.12048339
1.11962890
1.11938476
1.12011718
1.11853027
1.11877441
1.11853027
1.11962890
1.11877441
1.12048339
1.12048339
1.11743164
1.12023925
1.11938476
1.12036132
1.11804199
1.11901855
1.12048339
1.12316894
1.11950683
1.11645507
1.12133789
1.11828613
1.11938476
1.12255859
1.12109375
1.12121582
1.11669921
1.11804199
1.11718750
1.12072753
1.12536621
1.11975097
1.11840820
1.11047363
1.11999511
1.11962890
1.12023925
1.11987304
1.11816406
1.12097167
1.11767578
1.12011718
1.11853027
1.11669921
1.11853027
1.11706542
1.12133789
1.11462402
1.11730957
1.11877441
1.11718750
1.12023925
1.12304687
1.11828613
1.12109375
1.11975097
1.12072753
1.11877441
1.11816406
1.11914062
1.11706542
1.11914062
1.11804199
1.11950683
1.12500000
1.11853027
1.12121582
1.12829589
1.11950683
1.11816406
1.12243652
1.12011718
1.12048339
1.12280273
1.11218261
1.12072753
1.11877441
1.12109375
1.12634277
1.11608886
1.11950683
1.12097167
1.12072753
1.11877441
1.11816406
1.11962890
1.11999511
1.11816406
1.11682128
1.11877441
1.11804199
1.12634277
1.11425781
1.12011718
1.12353515
1.15979003
1.15881347
1.12036132
1.12194824
1.11938476
1.11938476
1.12780761
1.11584472
1.11901855
1.12524414
1.11706542
1.11962890
1.11901855
1.11560058
1.12048339
1.11962890
1.11608886
1.11791992
1.12133789
1.12268066
1.12622070
1.12243652
1.11962890
1.11535644
1.11999511
1.12084960
1.12084960
1.11975097
1.11877441
1.12536621
1.11816406
1.12023925
1.11657714
