1.15087890
1.11096191
1.15002441
1.10363769
1.11608886
1.10998535
1.10949707
1.11132812
1.11523437
1.10791015
1.11389160
1.11462402
1.11401367
1.11511230
1.11486816
1.12878417
1.12463378
1.11499023
1.11328125
1.11486816
1.11450195
1.11035156
1.11132812
1.11145019
1.10876464
1.12951660
1.13171386
1.13403320
1.12622070
1.11169433
1.13000488
1.15551757
1.10888671
1.15954589
1.11462402
1.11230468
1.11486816
1.11486816
1.11254882
1.10705566
1.11523437
1.10131835
1.11584472
1.11462402
1.11389160
1.11596679
1.11108398
1.11718750
1.10815429
1.11547851
1.15820312
1.11621093
1.11242675
1.11511230
1.15759277
1.15844726
1.11059570
1.16125488
1.11010742
1.11523437
1.12121582
1.10949707
1.12170410
1.10888671
1.11462402
1.11010742
1.11303710
1.11462402
1.11010742
1.11560058
1.11059570
1.10998535
1.11486816
1.10827636
1.11657714
1.11352539
1.11401367
1.11083984
1.11621093
1.11303710
1.11340332
1.11096191
1.11230468
1.11645507
1.11621093
1.11193847
1.11621093
1.11450195
1.11486816
1.12878417
1.13122558
1.11511230
1.10217285
1.14855957
1.16015625
1.16076660
1.10546875
1.11865234
1.11352539
1.11401367
1.11389160
1.11499023
1.11401367
1.11486816
1.11352539
1.11254882
1.11315917
1.12023925
1.11389160
1.15563964
1.11340332
1.10217285
1.15405273
1.10925292
1.11926269
1.11914062
1.13073730
1.12255859
1.13696289
1.11047363
1.11413574
1.11218261
1.10961914
1.16369628
1.11572265
1.10937500
1.11730957
1.10668945
1.15332031
1.11010742
1.10559082
1.11499023
1.11242675
1.11157226
1.11425781
1.11462402
1.12023925
1.11706542
1.16149902
1.11328125
1.10937500
1.10852050
1.10681152
1.11560058
1.13317871
1.15783691
1.15917968
1.11511230
1.11291503
1.11389160
1.11108398
1.10803222
1.11560058
1.11303710
1.11145019
1.11462402
1.10986328
1.12158203
1.11303710
1.11425781
1.11364746
1.11499023
1.11315917
1.11499023
1.10766601
1.11376953
1.11560058
1.11022949
1.11596679
1.11328125
1.11608886
1.11425781
1.11608886
1.11425781
1.11376953
1.11633300
1.11364746
1.11560058
1.11523437
1.11816406
1.11608886
1.11279296
1.11425781
1.11608886
1.11376953
1.11364746
1.11108398
1.10913085
1.11621093
1.11218261
1.11474609
1.11364746
1.12121582
1.11975097
1.11621093
1.10888671
1.11523437
1.11047363
1.11572265
1.11291503
