1.15393066
1.15063476
1.14501953
1.10925292
1.11511230
1.10766601
1.10986328
1.11108398
1.11279296
1.11547851
1.10961914
1.10974121
1.11999511
1.12036132
1.11950683
1.11828613
1.11889648
1.12023925
1.12487792
1.11889648
1.12084960
1.11608886
1.11938476
1.11730957
1.11718750
1.11730957
1.11877441
1.10852050
1.11877441
1.11706542
1.11608886
1.12463378
1.11547851
1.11828613
1.11901855
1.11730957
1.11743164
1.11633300
1.11413574
1.11511230
1.11926269
1.11694335
1.11962890
1.11364746
1.12048339
1.12524414
1.11608886
1.11743164
1.11914062
1.11975097
1.11840820
1.11999511
1.11694335
1.12475585
1.11291503
1.12377929
1.12109375
1.11828613
1.12597656
1.12170410
1.12133789
1.11877441
1.11877441
1.11779785
1.11938476
1.12011718
1.12207031
1.11962890
1.11975097
1.11633300
1.11853027
1.11889648
1.11938476
1.11938476
1.12084960
1.12304687
1.11816406
1.15844726
1.12072753
1.12109375
1.12048339
1.11853027
1.12512207
1.12097167
1.11804199
1.12084960
1.11975097
1.12048339
1.11938476
1.12036132
1.12536621
1.11950683
1.11499023
1.11865234
1.12438964
1.12304687
1.12133789
1.11791992
1.12487792
1.12048339
1.11352539
1.12048339
1.11853027
1.12329101
1.12158203
1.12023925
1.12023925
1.12011718
1.12561035
1.12243652
1.11938476
1.11730957
1.11987304
1.12292480
1.12390136
1.12487792
1.12060546
1.16357421
1.11669921
1.11718750
1.12573242
1.11877441
1.11877441
1.11987304
1.12304687
1.11730957
1.12536621
1.11401367
1.11987304
1.12500000
1.12109375
1.12304687
1.12255859
1.12048339
1.12121582
1.12011718
1.11914062
1.11840820
1.11840820
1.11962890
1.11755371
1.12109375
1.12243652
1.11975097
1.12414550
1.12072753
1.12121582
1.11816406
1.11901855
1.12194824
1.11914062
1.11633300
1.11987304
1.12524414
1.11816406
1.11877441
1.12304687
1.12463378
1.12548828
1.11999511
1.11962890
1.12255859
1.12426757
1.12438964
1.12084960
1.12097167
1.11560058
1.12023925
1.11828613
1.11962890
1.11962890
1.11853027
1.12060546
1.11816406
1.11950683
1.11791992
1.12097167
1.12268066
1.12597656
1.12145996
1.11706542
1.12658691
1.11584472
1.11853027
1.11291503
1.11254882
1.11315917
1.11975097
1.12121582
1.12597656
1.12097167
1.12243652
1.11938476
1.11730957
1.11962890
1.11877441
1.12158203
1.12084960
1.11853027
1.11938476
