1.11010742
1.15002441
1.10522460
1.10559082
1.10559082
1.11035156
1.10913085
1.11633300
1.11083984
1.10949707
1.11083984
1.11193847
1.11437988
1.11608886
1.11450195
1.11401367
1.10668945
1.10412597
1.10949707
1.12011718
1.11596679
1.11425781
1.10766601
1.11425781
1.10986328
1.11633300
1.11657714
1.11022949
1.11083984
1.11645507
1.11486816
1.11572265
1.11596679
1.10681152
1.10864257
1.10803222
1.11535644
1.11279296
1.11584472
1.11462402
1.11364746
1.10913085
1.11486816
1.11340332
1.11450195
1.11791992
1.11608886
1.11547851
1.10754394
1.11584472
1.11254882
1.11389160
1.11657714
1.11096191
1.11108398
1.11633300
1.11596679
1.10986328
1.11303710
1.11254882
1.15856933
1.11303710
1.10974121
1.11608886
1.11633300
1.11645507
1.15490722
1.15893554
1.10803222
1.11083984
1.10742187
1.10803222
1.11547851
1.10974121
1.10632324
1.11474609
1.11254882
1.11279296
1.11242675
1.11914062
1.11474609
1.10217285
1.10852050
1.11523437
1.11352539
1.11853027
1.11535644
1.10876464
1.11010742
1.10852050
1.11608886
1.11401367
1.11596679
1.11645507
1.11608886
1.11657714
1.11047363
1.10949707
1.11657714
1.11401367
1.11157226
1.11364746
1.11450195
1.10815429
1.11523437
1.11584472
1.10815429
1.11010742
1.11206054
1.11547851
1.11560058
1.11474609
1.11474609
1.11328125
1.10888671
1.11047363
1.10913085
1.11462402
1.11120605
1.11047363
1.11315917
1.11547851
1.10876464
1.11499023
1.10949707
1.11486816
1.11145019
1.11462402
1.11608886
1.11450195
1.11511230
1.11328125
1.11132812
1.10949707
1.11584472
1.11608886
1.10998535
1.11145019
1.11035156
1.11474609
1.11560058
1.11108398
1.11035156
1.11572265
1.11352539
1.10839843
1.11096191
1.11572265
1.11169433
1.11633300
1.10900878
1.11560058
1.11303710
1.11499023
1.11206054
1.11035156
1.11633300
1.10888671
1.10888671
1.10217285
1.11425781
1.10205078
1.10498046
1.10571289
1.11425781
1.10620117
1.11547851
1.11206054
1.11633300
1.10839843
1.10375976
1.11621093
1.10314941
1.10717773
1.11975097
1.12023925
1.11206054
1.11035156
1.10974121
1.11462402
1.11047363
1.11022949
1.10900878
1.11157226
1.11132812
1.11401367
1.10705566
1.10937500
1.10900878
1.11621093
1.11230468
1.10888671
1.11059570
1.11145019
1.11535644
1.10131835
1.10668945
1.10534667
1.10644531
1.11059570
