1.14599609
1.15161132
1.10485839
1.10546875
1.11645507
1.10864257
1.11303710
1.10522460
1.11657714
1.11145019
1.11315917
1.10900878
1.11181640
1.11572265
1.11071777
1.10754394
1.11486816
1.11169433
1.10815429
1.11389160
1.10961914
1.11364746
1.11535644
1.11376953
1.11035156
1.10815429
1.11499023
1.11059570
1.10595703
1.10559082
1.10986328
1.10778808
1.10925292
1.11352539
1.10986328
1.10668945
1.11047363
1.11120605
1.11535644
1.10827636
1.10705566
1.11279296
1.11096191
1.11303710
1.11132812
1.10754394
1.11328125
1.10839843
1.10778808
1.10815429
1.10595703
1.10925292
1.11645507
1.10168457
1.10375976
1.10693359
1.10974121
1.10693359
1.11083984
1.11010742
1.10900878
1.11157226
1.10888671
1.11645507
1.10900878
1.11181640
1.10913085
1.10656738
1.11120605
1.11645507
1.11560058
1.11511230
1.11328125
1.11621093
1.11083984
1.10729980
1.10461425
1.11584472
1.11450195
1.11511230
1.10644531
1.11193847
1.10961914
1.11059570
1.11010742
1.10766601
1.11035156
1.11462402
1.10717773
1.11169433
1.10937500
1.10644531
1.11376953
1.10791015
1.11462402
1.11230468
1.10852050
1.11120605
1.10961914
1.10571289
1.11340332
1.11340332
1.10974121
1.10974121
1.11010742
1.10949707
1.11596679
1.11547851
1.11315917
1.11535644
1.11254882
1.10729980
1.10705566
1.11010742
1.10644531
1.10351562
1.11474609
1.11535644
1.11132812
1.11376953
1.11071777
1.10803222
1.10986328
1.10864257
1.10925292
1.10986328
1.11328125
1.11450195
1.11547851
1.11633300
1.11499023
1.10974121
1.11376953
1.11035156
1.11523437
1.10217285
1.10473632
1.11340332
1.11022949
1.11633300
1.11901855
1.11303710
1.12878417
1.12878417
1.13098144
1.12597656
1.13330078
1.13049316
1.11547851
1.13073730
1.13500976
1.13000488
1.13000488
1.13134765
1.13586425
1.12634277
1.13598632
1.10681152
1.11816406
1.10473632
1.11328125
1.11999511
1.11999511
1.11010742
1.10900878
1.11376953
1.11022949
1.11328125
1.11413574
1.10742187
1.11499023
1.10900878
1.11035156
1.11157226
1.11621093
1.11462402
1.11413574
1.10974121
1.10778808
1.11035156
1.11303710
1.11547851
1.11413574
1.10986328
1.11401367
1.11230468
1.10729980
1.11389160
1.11022949
1.11474609
1.10876464
1.11511230
1.11303710
1.11657714
1.11071777
1.10827636
1.11401367
1.11279296
1.11560058
1.11010742
