1.12145996
1.10424804
1.14160156
1.10351562
1.11047363
1.10864257
1.11132812
1.10522460
1.10424804
1.11022949
1.11242675
1.11474609
1.10974121
1.10961914
1.11547851
1.10693359
1.11022949
1.11560058
1.11193847
1.11315917
1.11535644
1.11291503
1.11511230
1.10302734
1.11547851
1.10900878
1.10852050
1.11462402
1.10693359
1.11108398
1.10913085
1.11022949
1.10803222
1.10717773
1.10815429
1.11315917
1.11303710
1.10827636
1.11694335
1.11535644
1.10742187
1.11474609
1.11499023
1.10766601
1.10742187
1.10986328
1.11303710
1.11315917
1.11450195
1.11340332
1.11608886
1.10241699
1.11218261
1.11340332
1.11401367
1.11425781
1.11486816
1.11499023
1.11633300
1.11376953
1.11389160
1.11010742
1.11450195
1.11547851
1.12133789
1.11462402
1.10571289
1.11584472
1.11633300
1.10485839
1.10583496
1.11621093
1.10571289
1.15917968
1.11499023
1.11523437
1.11206054
1.11315917
1.15844726
1.15917968
1.11828613
1.11425781
1.11486816
1.11425781
1.11169433
1.10766601
1.10998535
1.15942382
1.12976074
1.12768554
1.13049316
1.13452148
1.12585449
1.12304687
1.13403320
1.13476562
1.13574218
1.13171386
1.12988281
1.11340332
1.11083984
1.15832519
1.15979003
1.11450195
1.11132812
1.11450195
1.10803222
1.11291503
1.15783691
1.11352539
1.11450195
1.10961914
1.10974121
1.10998535
1.11230468
1.16540527
1.11267089
1.11474609
1.11608886
1.11328125
1.10278320
1.10400390
1.15588378
1.11059570
1.10900878
1.11462402
1.11755371
1.11511230
1.15356445
1.10583496
1.11108398
1.11083984
1.11437988
1.10546875
1.11474609
1.10681152
1.10876464
1.11169433
1.10937500
1.11035156
1.15380859
1.12036132
1.10522460
1.11035156
1.11376953
1.11560058
1.11291503
1.11560058
1.11010742
1.11560058
1.11621093
1.10974121
1.10888671
1.10424804
1.11096191
1.11059570
1.11596679
1.11145019
1.11560058
1.10668945
1.10241699
1.10559082
1.11975097
1.11315917
1.11340332
1.10681152
1.10949707
1.11145019
1.15795898
1.10620117
1.11096191
1.11450195
1.11242675
1.11108398
1.10937500
1.10998535
1.10937500
1.11535644
1.10998535
1.11315917
1.10974121
1.10839843
1.11169433
1.11096191
1.10803222
1.10949707
1.11022949
1.11083984
1.11364746
1.11291503
1.11511230
1.11059570
1.11376953
1.10864257
1.11303710
1.11376953
1.11657714
1.11328125
1.11547851
1.11535644
