1.12011718
1.10607910
1.10473632
1.10961914
1.11157226
1.10559082
1.11657714
1.10949707
1.10705566
1.11572265
1.10937500
1.10852050
1.11291503
1.10986328
1.11047363
1.10778808
1.11010742
1.11108398
1.11132812
1.10717773
1.11376953
1.11035156
1.11035156
1.11315917
1.10986328
1.11926269
1.11535644
1.11340332
1.11840820
1.11523437
1.11340332
1.11669921
1.10937500
1.10827636
1.11547851
1.11584472
1.11474609
1.11572265
1.11096191
1.10815429
1.11535644
1.10839843
1.10583496
1.11401367
1.11291503
1.11511230
1.11535644
1.11071777
1.11596679
1.11120605
1.11083984
1.11535644
1.11242675
1.10632324
1.10461425
1.11291503
1.11560058
1.11145019
1.11511230
1.11193847
1.11389160
1.11352539
1.11584472
1.11486816
1.11523437
1.11450195
1.11877441
1.11071777
1.10913085
1.10839843
1.11340332
1.10583496
1.11413574
1.11462402
1.11010742
1.11010742
1.11279296
1.11193847
1.10717773
1.10949707
1.11010742
1.11242675
1.11462402
1.11169433
1.11474609
1.11242675
1.11083984
1.10949707
1.10852050
1.11413574
1.11279296
1.11596679
1.12023925
1.11328125
1.11560058
1.10766601
1.10974121
1.11254882
1.11132812
1.11486816
1.11157226
1.11596679
1.11572265
1.11132812
1.11108398
1.10815429
1.11169433
1.12145996
1.11547851
1.10913085
1.11474609
1.11230468
1.11328125
1.10974121
1.11474609
1.11376953
1.11621093
1.11291503
1.10925292
1.11413574
1.11572265
1.10705566
1.10534667
1.11486816
1.11535644
1.11535644
1.11901855
1.11596679
1.10974121
1.11108398
1.11535644
1.11364746
1.12976074
1.11340332
1.11450195
1.11572265
1.11206054
1.11340332
1.13037109
1.11474609
1.11328125
1.11401367
1.11083984
1.11315917
1.10449218
1.11145019
1.11047363
1.11511230
1.10949707
1.11755371
1.11499023
1.11230468
1.11450195
1.15319824
1.15625000
1.11218261
1.11462402
1.16113281
1.11352539
1.11437988
1.11499023
1.16308593
1.10546875
1.11999511
1.11425781
1.16259765
1.15905761
1.11730957
1.11303710
1.11291503
1.11364746
1.11401367
1.11376953
1.11474609
1.11437988
1.10705566
1.11462402
1.11389160
1.11254882
1.12695312
1.13330078
1.13012695
1.14099121
1.13061523
1.11303710
1.10900878
1.12011718
1.11230468
1.11560058
1.11730957
1.11511230
1.11083984
1.11267089
1.11474609
1.11486816
1.11328125
1.10656738
1.14892578
1.11059570
1.10571289
