1.10974121
1.14965820
1.10559082
1.11010742
1.11560058
1.11279296
1.10351562
1.11022949
1.11218261
1.10913085
1.10900878
1.11560058
1.11340332
1.10986328
1.11145019
1.10913085
1.11132812
1.11303710
1.10925292
1.10632324
1.11132812
1.11352539
1.11157226
1.11315917
1.11108398
1.10925292
1.11047363
1.10778808
1.11437988
1.11303710
1.11157226
1.11120605
1.10559082
1.11950683
1.11352539
1.11560058
1.11242675
1.10937500
1.11401367
1.11462402
1.11145019
1.11364746
1.11267089
1.11474609
1.10974121
1.11315917
1.11425781
1.11267089
1.11035156
1.10778808
1.10778808
1.11010742
1.11535644
1.11657714
1.11083984
1.10363769
1.11083984
1.11425781
1.11547851
1.10681152
1.11083984
1.11376953
1.10925292
1.11047363
1.15820312
1.11474609
1.11181640
1.11010742
1.10827636
1.11560058
1.11389160
1.11425781
1.14868164
1.11547851
1.11352539
1.11169433
1.11547851
1.11230468
1.11486816
1.11169433
1.10620117
1.10778808
1.11401367
1.10693359
1.10974121
1.11511230
1.11486816
1.11059570
1.10888671
1.10974121
1.11511230
1.10632324
1.11657714
1.10937500
1.11364746
1.11560058
1.11389160
1.11157226
1.11523437
1.11584472
1.11206054
1.10546875
1.11499023
1.11523437
1.11389160
1.11633300
1.11193847
1.10925292
1.11108398
1.15478515
1.11389160
1.11657714
1.11279296
1.11145019
1.11596679
1.10424804
1.10913085
1.11499023
1.11645507
1.11499023
1.11010742
1.11254882
1.11682128
1.11596679
1.11840820
1.11535644
1.10986328
1.15869140
1.10949707
1.11450195
1.10742187
1.11193847
1.11511230
1.11547851
1.10900878
1.11352539
1.11596679
1.11596679
1.11376953
1.11096191
1.11059570
1.11206054
1.11535644
1.11596679
1.11633300
1.11657714
1.11547851
1.11474609
1.11523437
1.11145019
1.11816406
1.10937500
1.10546875
1.11572265
1.10607910
1.10949707
1.11511230
1.11254882
1.11560058
1.11071777
1.11047363
1.11535644
1.11596679
1.11291503
1.11608886
1.11633300
1.11376953
1.11596679
1.11645507
1.11523437
1.15454101
1.11743164
1.11437988
1.10986328
1.11425781
1.11413574
1.10571289
1.10241699
1.10791015
1.11108398
1.11511230
1.11523437
1.15588378
1.11584472
1.10375976
1.10620117
1.11657714
1.10766601
1.10668945
1.11120605
1.11523437
1.10156250
1.11132812
1.10449218
1.10266113
1.11535644
1.10449218
1.10473632
1.11425781
1.11254882
