1.16052246
1.12438964
1.11901855
1.14611816
1.12646484
1.12145996
1.12060546
1.12170410
1.14208984
1.12438964
1.12536621
1.14233398
1.13940429
1.14587402
1.14013671
1.13269042
1.13696289
1.13427734
1.13464355
1.13879394
1.16455078
1.13366699
1.13708496
1.14318847
1.13330078
1.13757324
1.13867187
1.13879394
1.13488769
1.13867187
1.13928222
1.13806152
1.14099121
1.13903808
1.21069335
1.14062500
1.12475585
1.12463378
1.12561035
1.12890625
1.12353515
1.12756347
1.12475585
1.12438964
1.12487792
1.13891601
1.14868164
1.14135742
1.13623046
1.12695312
1.13928222
1.12463378
1.11950683
1.12341308
1.13549804
1.12500000
1.12463378
1.14587402
1.11999511
1.16235351
1.12438964
1.12145996
1.14257812
1.12609863
1.11596679
1.13708496
1.13659667
1.13574218
1.13916015
1.13879394
1.13964843
1.13769531
1.13903808
1.13842773
1.13708496
1.13586425
1.13903808
1.13903808
1.13952636
1.13037109
1.12695312
1.14465332
1.14013671
1.14050292
1.13903808
1.16137695
1.13122558
1.13977050
1.13940429
1.13378906
1.14001464
1.13891601
1.12939453
1.13842773
1.14392089
1.13806152
1.14660644
1.13525390
1.14099121
1.15673828
1.13916015
1.13513183
1.13415527
1.14001464
1.13903808
1.13708496
1.13793945
1.13781738
1.14367675
1.14538574
1.12658691
1.13513183
1.13439941
1.13879394
1.13854980
1.13879394
1.13745117
1.13928222
1.13061523
1.13903808
1.12377929
1.12548828
1.12414550
1.13952636
1.13391113
1.14135742
1.12011718
1.12707519
1.12695312
1.13476562
1.13867187
1.13842773
1.14440917
1.14001464
1.13781738
1.12561035
1.13647460
1.13854980
1.13659667
1.13146972
1.13696289
1.13818359
1.13793945
1.13537597
1.14013671
1.13391113
1.13940429
1.13879394
1.14428710
1.13098144
1.17053222
1.13903808
1.13903808
1.14111328
1.13842773
1.12670898
1.16052246
1.12597656
1.13793945
1.13830566
1.13732910
1.13916015
1.14343261
1.13842773
1.14270019
1.13842773
1.13464355
1.13732910
1.14038085
1.13720703
1.12451171
1.12939453
1.13049316
1.12988281
1.13403320
1.14111328
1.13842773
1.13745117
1.15991210
1.13879394
1.13732910
1.13842773
1.14074707
1.13745117
1.13842773
1.13830566
1.13977050
1.13403320
1.13806152
1.13842773
1.14062500
1.13818359
1.13330078
1.14135742
1.14050292
1.13574218
1.13793945
1.13781738
1.13928222
1.13781738
