1.13928222
1.12622070
1.16076660
1.12426757
1.11877441
1.12512207
1.11389160
1.13305664
1.11608886
1.12866210
1.13940429
1.13684082
1.15625000
1.13842773
1.14294433
1.13769531
1.14025878
1.13940429
1.13977050
1.15832519
1.14562988
1.13903808
1.14123535
1.13647460
1.17321777
1.13842773
1.13781738
1.14392089
1.13867187
1.13171386
1.14123535
1.13818359
1.16296386
1.13647460
1.14038085
1.13098144
1.13232421
1.14306640
1.13867187
1.13818359
1.14318847
1.14099121
1.13952636
1.13867187
1.13317871
1.12927246
1.12963867
1.14160156
1.15649414
1.13842773
1.13769531
1.13916015
1.13928222
1.14184570
1.11877441
1.11914062
1.11865234
1.11389160
1.12463378
1.12414550
1.11975097
1.11962890
1.14086914
1.13012695
1.12927246
1.13818359
1.13952636
1.14233398
1.13842773
1.14099121
1.14184570
1.13842773
1.14001464
1.14147949
1.14099121
1.13952636
1.13891601
1.14196777
1.16577148
1.14270019
1.13916015
1.13867187
1.13757324
1.12988281
1.13916015
1.13964843
1.13928222
1.13830566
1.13574218
1.13073730
1.12915039
1.13867187
1.14001464
1.13916015
1.13867187
1.12451171
1.14196777
1.13842773
1.13842773
1.13830566
1.13793945
1.16601562
1.13525390
1.13867187
1.14099121
1.12402343
1.13842773
1.13952636
1.13000488
1.12438964
1.13842773
1.13781738
1.13842773
1.13891601
1.13940429
1.13745117
1.13891601
1.14282226
1.13891601
1.13879394
1.14025878
1.13842773
1.13842773
1.13879394
1.13867187
1.13867187
1.12182617
1.14270019
1.12927246
1.13940429
1.13745117
1.13525390
1.13940429
1.13684082
1.14233398
1.13977050
1.13842773
1.12829589
1.14282226
1.13732910
1.13818359
1.13867187
1.13879394
1.14123535
1.14270019
1.13500976
1.14160156
1.13989257
1.13854980
1.13745117
1.13793945
1.13806152
1.13427734
1.13867187
1.14025878
1.13757324
1.14575195
1.13769531
1.12451171
1.12597656
1.12744140
1.12426757
1.13916015
1.13293457
1.13854980
1.13830566
1.14440917
1.13879394
1.13427734
1.15869140
1.12512207
1.12475585
1.11926269
1.12426757
1.12280273
1.13891601
1.12268066
1.12377929
1.13647460
1.13586425
1.15832519
1.12426757
1.14074707
1.14685058
1.13549804
1.04748535
1.13134765
1.13244628
1.13220214
1.13879394
1.13769531
1.14062500
1.12377929
1.12365722
1.13928222
1.13391113
1.13891601
1.13830566
1.13732910
1.14196777
