1.12487792
1.11560058
1.12878417
1.13781738
1.12609863
1.12121582
1.12731933
1.12670898
1.14721679
1.14221191
1.14111328
1.13195800
1.16320800
1.13916015
1.14685058
1.13549804
1.12500000
1.13916015
1.14099121
1.11877441
1.11633300
1.14184570
1.12451171
1.13891601
1.12463378
1.12524414
1.12243652
1.13879394
1.13940429
1.12194824
1.11230468
1.13842773
1.13378906
1.13696289
1.13269042
1.14318847
1.14123535
1.14306640
1.13891601
1.14050292
1.14038085
1.12475585
1.12585449
1.14208984
1.13916015
1.14062500
1.13427734
1.14086914
1.13476562
1.13635253
1.13793945
1.14062500
1.13916015
1.13891601
1.13867187
1.13793945
1.13684082
1.14062500
1.13830566
1.13598632
1.13903808
1.13940429
1.13793945
1.13940429
1.14123535
1.12915039
1.12841796
1.13940429
1.13903808
1.15795898
1.13842773
1.13879394
1.13854980
1.13952636
1.13977050
1.12438964
1.12390136
1.12402343
1.14184570
1.12377929
1.13891601
1.12084960
1.16113281
1.13928222
1.16394042
1.14135742
1.13269042
1.14221191
1.13916015
1.14465332
1.12780761
1.14147949
1.13928222
1.13964843
1.14001464
1.13403320
1.13903808
1.13317871
1.13842773
1.13842773
1.14147949
1.13879394
1.13928222
1.12573242
1.14257812
1.13903808
1.12402343
1.13903808
1.13891601
1.13928222
1.14099121
1.12866210
1.14318847
1.12145996
1.12524414
1.14001464
1.13842773
1.14343261
1.12976074
1.14208984
1.13952636
1.13842773
1.13464355
1.14221191
1.13488769
1.13903808
1.13647460
1.12524414
1.13903808
1.13916015
1.14050292
1.13842773
1.13818359
1.16308593
1.14184570
1.13818359
1.13623046
1.12963867
1.13598632
1.13720703
1.13916015
1.13818359
1.13732910
1.13854980
1.13073730
1.13891601
1.13781738
1.13281250
1.14123535
1.13647460
1.13842773
1.13879394
1.14587402
1.13720703
1.12402343
1.13867187
1.13208007
1.14477539
1.14306640
1.13671875
1.13977050
1.13110351
1.14294433
1.13708496
1.15881347
1.14147949
1.14147949
1.13708496
1.13769531
1.14233398
1.13977050
1.13781738
1.13745117
1.15722656
1.13562011
1.13854980
1.14013671
1.13879394
1.13403320
1.13830566
1.13903808
1.13830566
1.14282226
1.14343261
1.13391113
1.13989257
1.14270019
1.14465332
1.13635253
1.12316894
1.13391113
1.13830566
1.13806152
1.13903808
1.15856933
1.13854980
1.13830566
1.13818359
1.13684082
1.13598632
