1.13842773
1.13940429
1.13940429
1.14208984
1.13867187
1.13879394
1.13903808
1.14245605
1.14135742
1.13537597
1.13476562
1.13781738
1.13208007
1.15966796
1.13574218
1.13684082
1.13183593
1.13854980
1.13964843
1.13305664
1.13952636
1.13989257
1.14013671
1.13818359
1.13903808
1.13806152
1.13781738
1.16088867
1.13525390
1.13903808
1.14099121
1.13854980
1.13854980
1.13867187
1.12609863
1.13952636
1.13903808
1.13354492
1.13659667
1.14099121
1.13415527
1.12426757
1.12121582
1.13964843
1.12158203
1.12463378
1.13879394
1.14404296
1.13928222
1.14184570
1.13879394
1.13867187
1.13757324
1.13415527
1.13867187
1.13964843
1.13439941
1.13037109
1.13964843
1.12402343
1.12390136
1.13574218
1.13952636
1.13720703
1.16467285
1.13891601
1.13842773
1.14807128
1.15966796
1.14099121
1.14575195
1.13964843
1.13342285
1.14038085
1.13964843
1.13903808
1.13903808
1.14416503
1.13806152
1.14074707
1.14001464
1.12060546
1.13720703
1.13781738
1.13903808
1.13818359
1.14123535
1.13208007
1.14233398
1.13366699
1.12585449
1.14050292
1.12341308
1.13525390
1.13391113
1.14111328
1.13171386
1.14233398
1.14233398
1.13891601
1.13879394
1.13940429
1.13671875
1.12963867
1.14135742
1.13659667
1.13842773
1.13830566
1.12438964
1.13793945
1.14575195
1.12390136
1.13977050
1.14331054
1.12463378
1.13671875
1.13903808
1.13964843
1.12463378
1.12048339
1.14111328
1.13891601
1.13769531
1.13720703
1.13854980
1.14038085
1.13830566
1.13842773
1.13940429
1.15173339
1.14587402
1.13525390
1.13562011
1.13879394
1.13940429
1.14208984
1.14196777
1.13928222
1.13806152
1.16577148
1.13745117
1.12890625
1.16259765
1.13928222
1.14208984
1.13659667
1.13854980
1.13452148
1.14001464
1.13867187
1.13879394
1.13891601
1.14306640
1.13586425
1.12585449
1.13867187
1.13879394
1.14001464
1.13842773
1.13842773
1.14453125
1.13671875
1.14611816
1.12268066
1.13720703
1.13879394
1.12463378
1.14123535
1.13000488
1.13635253
1.12927246
1.14062500
1.13269042
1.14270019
1.13781738
1.13342285
1.13940429
1.12866210
1.13842773
1.13793945
1.13964843
1.13818359
1.13415527
1.14025878
1.14160156
1.13098144
1.12341308
1.12377929
1.12402343
1.12426757
1.12597656
1.14807128
1.16503906
1.13867187
1.13769531
1.13916015
1.13891601
1.12512207
1.12365722
1.12402343
