1.12353515
1.11547851
1.15808105
1.14184570
1.14208984
1.13977050
1.13366699
1.13500976
1.14074707
1.13244628
1.14331054
1.14611816
1.14306640
1.13659667
1.15087890
1.13806152
1.13879394
1.12438964
1.12451171
1.12353515
1.12475585
1.12756347
1.13781738
1.13879394
1.13903808
1.13745117
1.14587402
1.13647460
1.13647460
1.13684082
1.13940429
1.14086914
1.13305664
1.13806152
1.13647460
1.11853027
1.12072753
1.13122558
1.14001464
1.13049316
1.12744140
1.13818359
1.13940429
1.13232421
1.13781738
1.14660644
1.12353515
1.13000488
1.13183593
1.14196777
1.12060546
1.12304687
1.13708496
1.14379882
1.15771484
1.13647460
1.14208984
1.13903808
1.14013671
1.12658691
1.13940429
1.13842773
1.13867187
1.14648437
1.13903808
1.15185546
1.14208984
1.13708496
1.13000488
1.13757324
1.11657714
1.14196777
1.13977050
1.14282226
1.13024902
1.13903808
1.13745117
1.16369628
1.14379882
1.15808105
1.13952636
1.12426757
1.14233398
1.13842773
1.12194824
1.13269042
1.12426757
1.13891601
1.13891601
1.12390136
1.11743164
1.13867187
1.13928222
1.13513183
1.13806152
1.13916015
1.13891601
1.13842773
1.13623046
1.13916015
1.13989257
1.13867187
1.13757324
1.13806152
1.13867187
1.13964843
1.13879394
1.12683105
1.14953613
1.15759277
1.14233398
1.13098144
1.14343261
1.16162109
1.13610839
1.14099121
1.13903808
1.14245605
1.14025878
1.13842773
1.14575195
1.12353515
1.12377929
1.13732910
1.13806152
1.14526367
1.13867187
1.13879394
1.13696289
1.13867187
1.14306640
1.13928222
1.13439941
1.14440917
1.14221191
1.13867187
1.13854980
1.13854980
1.13769531
1.14257812
1.12805175
1.13562011
1.13793945
1.13403320
1.13195800
1.12402343
1.13720703
1.12915039
1.14733886
1.16198730
1.12854003
1.14111328
1.13989257
1.13806152
1.13476562
1.13769531
1.13732910
1.13842773
1.13769531
1.13903808
1.14123535
1.13391113
1.15979003
1.13940429
1.13806152
1.13488769
1.14074707
1.14355468
1.13464355
1.13757324
1.14404296
1.13830566
1.13842773
1.14685058
1.13903808
1.13806152
1.13903808
1.13867187
1.13989257
1.13537597
1.12719726
1.13977050
1.13928222
1.14001464
1.13818359
1.12158203
1.13745117
1.13818359
1.13806152
1.12573242
1.13342285
1.14135742
1.14184570
1.13842773
1.13989257
1.13916015
1.14025878
1.14147949
1.13781738
1.13867187
