1.12646484
1.11645507
1.11718750
1.13732910
1.13732910
1.13378906
1.12182617
1.14306640
1.12377929
1.13903808
1.13964843
1.14392089
1.13696289
1.14062500
1.12683105
1.13940429
1.13916015
1.14038085
1.13037109
1.14013671
1.13977050
1.11962890
1.12951660
1.14086914
1.14367675
1.13635253
1.13549804
1.13891601
1.13830566
1.13732910
1.13903808
1.14245605
1.13793945
1.14318847
1.13195800
1.14379882
1.13903808
1.13891601
1.14038085
1.12426757
1.13378906
1.13818359
1.14428710
1.16503906
1.14062500
1.13513183
1.14074707
1.13964843
1.14697265
1.13928222
1.14123535
1.13806152
1.15991210
1.16406250
1.13610839
1.12939453
1.13916015
1.13806152
1.13830566
1.12463378
1.13903808
1.16613769
1.12451171
1.11975097
1.13537597
1.12683105
1.12414550
1.13818359
1.13793945
1.13891601
1.12426757
1.11743164
1.11328125
1.12536621
1.12390136
1.12731933
1.12377929
1.12377929
1.12048339
1.13366699
1.13598632
1.13366699
1.12646484
1.14453125
1.14550781
1.13928222
1.12475585
1.12426757
1.12402343
1.11608886
1.12402343
1.12365722
1.13671875
1.12377929
1.11755371
1.15734863
1.13208007
1.13928222
1.13391113
1.13464355
1.16394042
1.13903808
1.13549804
1.13647460
1.13354492
1.13037109
1.13732910
1.14355468
1.13891601
1.13818359
1.13732910
1.13806152
1.14025878
1.12402343
1.11889648
1.12463378
1.12402343
1.12536621
1.12023925
1.12329101
1.16113281
1.14086914
1.13781738
1.14196777
1.14184570
1.13903808
1.16357421
1.13073730
1.14819335
1.13757324
1.14001464
1.13879394
1.13940429
1.14233398
1.13793945
1.13842773
1.13891601
1.14001464
1.15905761
1.13903808
1.11901855
1.12402343
1.13061523
1.14331054
1.14196777
1.13696289
1.13659667
1.13549804
1.13610839
1.13867187
1.13854980
1.13806152
1.13464355
1.13342285
1.13891601
1.13928222
1.14184570
1.13403320
1.13867187
1.14208984
1.14123535
1.13647460
1.14270019
1.13928222
1.14208984
1.13842773
1.13745117
1.14550781
1.14465332
1.14062500
1.13867187
1.14575195
1.16259765
1.12243652
1.13806152
1.14221191
1.17175292
1.13366699
1.16125488
1.15600585
1.14086914
1.13842773
1.13964843
1.16650390
1.12487792
1.12353515
1.13830566
1.13317871
1.13305664
1.13781738
1.13806152
1.13781738
1.13537597
1.13500976
1.13647460
1.14660644
1.11608886
1.12182617
1.13769531
1.13903808
