1.11999511
1.12084960
1.16308593
1.14135742
1.12866210
1.12451171
1.12683105
1.14221191
1.12158203
1.14038085
1.14257812
1.14196777
1.12817382
1.14147949
1.14147949
1.16735839
1.14013671
1.13928222
1.13879394
1.14160156
1.12365722
1.14050292
1.13964843
1.14111328
1.13671875
1.13720703
1.13366699
1.13879394
1.14477539
1.14624023
1.13452148
1.16162109
1.14233398
1.13928222
1.13916015
1.13574218
1.16711425
1.13867187
1.13696289
1.14050292
1.13049316
1.14099121
1.13354492
1.12524414
1.12377929
1.13903808
1.12707519
1.12805175
1.12426757
1.13867187
1.13903808
1.13891601
1.12280273
1.14147949
1.13647460
1.13903808
1.12463378
1.13732910
1.13793945
1.13159179
1.12243652
1.13574218
1.14160156
1.13513183
1.13867187
1.12084960
1.12622070
1.10986328
1.12182617
1.14257812
1.14343261
1.13842773
1.14282226
1.13867187
1.14099121
1.13403320
1.14282226
1.13952636
1.13903808
1.13989257
1.13378906
1.12841796
1.13989257
1.14086914
1.13879394
1.13867187
1.13928222
1.13891601
1.13903808
1.14050292
1.14074707
1.13842773
1.14221191
1.13940429
1.13293457
1.12890625
1.13732910
1.13891601
1.14123535
1.13879394
1.13049316
1.12536621
1.11303710
1.14013671
1.13842773
1.14172363
1.13830566
1.13061523
1.12390136
1.12707519
1.13903808
1.14245605
1.13354492
1.12390136
1.13842773
1.13842773
1.14367675
1.13940429
1.14074707
1.13940429
1.12426757
1.12744140
1.13891601
1.13952636
1.14135742
1.14086914
1.14062500
1.14245605
1.13891601
1.13854980
1.13537597
1.13867187
1.13867187
1.13842773
1.13488769
1.13989257
1.14721679
1.15979003
1.16625976
1.13842773
1.14086914
1.12365722
1.13745117
1.13989257
1.13940429
1.13879394
1.13818359
1.13781738
1.13378906
1.16162109
1.14050292
1.13378906
1.13977050
1.13977050
1.13354492
1.13879394
1.14160156
1.13867187
1.13818359
1.14318847
1.13818359
1.13635253
1.14233398
1.13867187
1.13842773
1.13854980
1.13684082
1.16247558
1.14123535
1.13842773
1.13854980
1.12377929
1.13842773
1.13793945
1.12915039
1.13708496
1.13891601
1.13464355
1.13842773
1.13818359
1.14294433
1.13964843
1.14038085
1.13952636
1.14172363
1.13952636
1.14135742
1.13696289
1.14111328
1.13696289
1.13842773
1.13989257
1.14086914
1.13745117
1.13818359
1.14453125
1.13769531
1.14123535
1.14331054
1.13842773
