1.15905761
1.12390136
1.11999511
1.11999511
1.12084960
1.12243652
1.12011718
1.13854980
1.16040039
1.12365722
1.12792968
1.11718750
1.12121582
1.13916015
1.13989257
1.13476562
1.16455078
1.16943359
1.14147949
1.12646484
1.12695312
1.13952636
1.12487792
1.11181640
1.13842773
1.14282226
1.11645507
1.12512207
1.12438964
1.13854980
1.12207031
1.12451171
1.12475585
1.13415527
1.12585449
1.12438964
1.12634277
1.12646484
1.12573242
1.11682128
1.13952636
1.13464355
1.12414550
1.13940429
1.14331054
1.14453125
1.11608886
1.13439941
1.13635253
1.12463378
1.13903808
1.13439941
1.12341308
1.15783691
1.15112304
1.16259765
1.13159179
1.14184570
1.13854980
1.12866210
1.11193847
1.12390136
1.12402343
1.12487792
1.13427734
1.14038085
1.13891601
1.13757324
1.14440917
1.13928222
1.14196777
1.14343261
1.14160156
1.13867187
1.13989257
1.13977050
1.13208007
1.13842773
1.13647460
1.13903808
1.14453125
1.12451171
1.13085937
1.13012695
1.13208007
1.13903808
1.13745117
1.13793945
1.13903808
1.13916015
1.13854980
1.13842773
1.13842773
1.13757324
1.13854980
1.13903808
1.13854980
1.13928222
1.14111328
1.13134765
1.13049316
1.13830566
1.13476562
1.13500976
1.13842773
1.13952636
1.14489746
1.14257812
1.13867187
1.13879394
1.12329101
1.12463378
1.12707519
1.12561035
1.11962890
1.13732910
1.14331054
1.11474609
1.12011718
1.12292480
1.14221191
1.13916015
1.13842773
1.13708496
1.13024902
1.13830566
1.14135742
1.12609863
1.13708496
1.13806152
1.12365722
1.13708496
1.14477539
1.13854980
1.13903808
1.16955566
1.14062500
1.13818359
1.12414550
1.12182617
1.13073730
1.14526367
1.13879394
1.13830566
1.13977050
1.14367675
1.12390136
1.14331054
1.12377929
1.13854980
1.14001464
1.14099121
1.13732910
1.13732910
1.13842773
1.13476562
1.13854980
1.13867187
1.14196777
1.13891601
1.13879394
1.13732910
1.13781738
1.13867187
1.13720703
1.13891601
1.13781738
1.13391113
1.12597656
1.13891601
1.14001464
1.13830566
1.13745117
1.14379882
1.12719726
1.11389160
1.14660644
1.13854980
1.13916015
1.14050292
1.12194824
1.13867187
1.13842773
1.12292480
1.12463378
1.14050292
1.14160156
1.14074707
1.14514160
1.13891601
1.13854980
1.13061523
1.14562988
1.13879394
1.13806152
1.13098144
1.12792968
1.13867187
1.14147949
1.14001464
