1.12463378
1.12475585
1.12316894
1.14709472
1.13513183
1.11621093
1.13879394
1.14050292
1.13745117
1.15625000
1.16076660
1.12597656
1.12402343
1.13842773
1.13391113
1.13928222
1.13488769
1.14392089
1.14160156
1.14074707
1.13647460
1.15954589
1.14184570
1.13244628
1.13940429
1.14233398
1.13928222
1.13964843
1.14074707
1.12377929
1.13903808
1.13879394
1.14465332
1.13244628
1.13354492
1.11950683
1.13903808
1.14624023
1.13378906
1.12902832
1.13928222
1.14172363
1.13574218
1.20532226
1.13916015
1.12585449
1.12438964
1.12451171
1.16003417
1.13867187
1.14172363
1.13403320
1.13916015
1.13989257
1.16687011
1.12939453
1.14270019
1.13818359
1.13879394
1.13891601
1.13854980
1.13830566
1.13940429
1.13891601
1.14099121
1.13903808
1.13623046
1.14135742
1.12365722
1.13708496
1.13903808
1.14331054
1.13928222
1.16235351
1.13842773
1.12451171
1.13720703
1.13098144
1.12927246
1.13867187
1.13867187
1.13549804
1.14489746
1.13647460
1.14099121
1.14038085
1.13879394
1.14013671
1.13818359
1.12365722
1.12878417
1.12414550
1.14465332
1.12524414
1.11938476
1.16149902
1.13708496
1.13073730
1.13806152
1.12854003
1.16149902
1.11999511
1.13879394
1.13244628
1.13842773
1.13879394
1.14392089
1.14038085
1.13842773
1.13940429
1.13879394
1.13464355
1.13854980
1.13806152
1.13842773
1.13830566
1.13598632
1.13732910
1.13818359
1.13195800
1.13806152
1.13977050
1.13366699
1.14343261
1.12182617
1.13818359
1.13732910
1.13867187
1.13891601
1.12353515
1.12561035
1.12402343
1.13989257
1.13842773
1.13867187
1.14208984
1.13769531
1.16430664
1.13867187
1.14123535
1.13513183
1.12438964
1.12756347
1.13012695
1.13720703
1.13720703
1.13806152
1.13488769
1.13757324
1.16870117
1.13635253
1.16235351
1.13806152
1.13842773
1.13818359
1.13830566
1.13427734
1.12292480
1.14306640
1.13916015
1.14147949
1.13781738
1.13745117
1.15893554
1.13769531
1.13732910
1.13476562
1.13842773
1.13867187
1.13867187
1.14025878
1.13989257
1.13806152
1.13720703
1.13391113
1.13806152
1.14038085
1.13818359
1.14147949
1.14038085
1.11730957
1.12463378
1.11853027
1.13891601
1.13964843
1.14160156
1.13940429
1.13330078
1.13854980
1.13122558
1.14379882
1.13684082
1.13818359
1.14013671
1.14074707
1.13488769
1.12731933
1.13610839
1.13916015
1.13928222
