1.12475585
1.14160156
1.16503906
1.12561035
1.14050292
1.13696289
1.14208984
1.13110351
1.14270019
1.12500000
1.12585449
1.14367675
1.14074707
1.13549804
1.13574218
1.12915039
1.14245605
1.13684082
1.13879394
1.13842773
1.13012695
1.16516113
1.13403320
1.16149902
1.14099121
1.13781738
1.13940429
1.13977050
1.14160156
1.13757324
1.13281250
1.14086914
1.16259765
1.12463378
1.14050292
1.14074707
1.12292480
1.13427734
1.12475585
1.13854980
1.13671875
1.14440917
1.13891601
1.13867187
1.13903808
1.13903808
1.12890625
1.15686035
1.12744140
1.12646484
1.12158203
1.12170410
1.13769531
1.13854980
1.13891601
1.13903808
1.13684082
1.13842773
1.13842773
1.13989257
1.13928222
1.14331054
1.13830566
1.13879394
1.13854980
1.13549804
1.13818359
1.12292480
1.12377929
1.12390136
1.13867187
1.13842773
1.13903808
1.13940429
1.13476562
1.13977050
1.13208007
1.12487792
1.12622070
1.12463378
1.12634277
1.12744140
1.11499023
1.12402343
1.12597656
1.14550781
1.13171386
1.13452148
1.13354492
1.14038085
1.13903808
1.13903808
1.13867187
1.13964843
1.13232421
1.13366699
1.13476562
1.13781738
1.13964843
1.12792968
1.12243652
1.12341308
1.13854980
1.13769531
1.13854980
1.14318847
1.13916015
1.13122558
1.14282226
1.12902832
1.13769531
1.14086914
1.14208984
1.13879394
1.13891601
1.16625976
1.13818359
1.14306640
1.13696289
1.12390136
1.13195800
1.13134765
1.13842773
1.13952636
1.13989257
1.13574218
1.13842773
1.13940429
1.14123535
1.13525390
1.13220214
1.13842773
1.13928222
1.13439941
1.13500976
1.13867187
1.14306640
1.13867187
1.13928222
1.13842773
1.14440917
1.13940429
1.13842773
1.14697265
1.13708496
1.13842773
1.13867187
1.15319824
1.13916015
1.13439941
1.13818359
1.13867187
1.13989257
1.13793945
1.13818359
1.13867187
1.13842773
1.13867187
1.13964843
1.13879394
1.13818359
1.13110351
1.13928222
1.13842773
1.13854980
1.13806152
1.13781738
1.13366699
1.13549804
1.14257812
1.13842773
1.13928222
1.14135742
1.13916015
1.13879394
1.13952636
1.13916015
1.13854980
1.13879394
1.13586425
1.13208007
1.13842773
1.14550781
1.13488769
1.13830566
1.14062500
1.13452148
1.14038085
1.13854980
1.13684082
1.13732910
1.13830566
1.13842773
1.13818359
1.12939453
1.13867187
1.14282226
1.13732910
1.13781738
1.13476562
