1.13366699
1.13012695
1.12976074
1.13049316
1.12792968
1.13134765
1.13305664
1.13208007
1.13171386
1.12536621
1.12475585
1.13281250
1.13098144
1.13378906
1.13183593
1.13220214
1.13061523
1.13000488
1.12792968
1.13000488
1.13159179
1.12963867
1.13195800
1.12963867
1.12304687
1.12365722
1.12402343
1.12402343
1.12670898
1.12158203
1.12683105
1.12902832
1.12451171
1.12243652
1.12951660
1.12561035
1.12951660
1.12670898
1.12890625
1.12097167
1.12976074
1.12353515
1.12292480
1.13073730
1.13195800
1.13220214
1.12622070
1.12316894
1.12902832
1.13269042
1.13183593
1.12609863
1.12866210
1.12487792
1.12512207
1.13000488
1.12512207
1.13305664
1.12988281
1.12976074
1.12878417
1.13244628
1.12548828
1.12451171
1.12463378
1.13061523
1.12365722
1.12414550
1.12414550
1.12890625
1.12377929
1.12243652
1.12243652
1.12231445
1.12402343
1.12573242
1.12634277
1.12524414
1.13281250
1.12451171
1.12341308
1.12207031
1.12707519
1.12329101
1.12780761
1.12438964
1.12365722
1.12866210
1.12365722
1.12304687
1.12866210
1.12414550
1.12402343
1.12878417
1.12341308
1.12902832
1.12438964
1.12414550
1.12670898
1.12548828
1.12646484
1.12365722
1.12329101
1.12341308
1.12060546
1.11914062
1.12512207
1.12988281
1.12829589
1.13012695
1.11926269
1.11938476
1.12243652
1.12487792
1.13037109
1.12475585
1.12548828
1.12475585
1.12658691
1.12670898
1.12475585
1.13073730
1.12451171
1.12329101
1.12365722
1.12487792
1.12390136
1.12292480
1.12377929
1.12463378
1.12524414
1.12390136
1.12536621
1.12561035
1.12451171
1.12475585
1.12609863
1.13073730
1.12597656
1.13000488
1.12707519
1.12707519
1.12329101
1.12402343
1.12609863
1.12805175
1.12329101
1.12939453
1.12402343
1.12219238
1.12304687
1.12304687
1.12902832
1.12414550
1.12353515
1.12304687
1.12817382
1.12243652
1.12316894
1.12438964
1.12377929
1.12194824
1.12304687
1.12353515
1.12634277
1.12268066
1.12243652
1.12548828
1.12585449
1.12402343
1.12280273
1.12561035
1.12487792
1.13610839
1.12707519
1.12915039
1.12353515
1.13073730
1.12524414
1.12512207
1.12915039
1.12353515
1.12463378
1.12463378
1.12487792
1.12500000
1.12475585
1.12390136
1.12280273
1.12304687
1.12329101
1.12902832
1.12268066
1.12451171
1.12463378
1.12707519
1.12719726
1.12524414
1.12487792
1.12353515
