1.13208007
1.13342285
1.12805175
1.13024902
1.13195800
1.13208007
1.13049316
1.13098144
1.12573242
1.13146972
1.12976074
1.12500000
1.12866210
1.12329101
1.12817382
1.13134765
1.13305664
1.12475585
1.12854003
1.12304687
1.13037109
1.12365722
1.12792968
1.12854003
1.12487792
1.13037109
1.13037109
1.12976074
1.12976074
1.12939453
1.13049316
1.12463378
1.12890625
1.13037109
1.13098144
1.13037109
1.12805175
1.13183593
1.13293457
1.13317871
1.12768554
1.12976074
1.12707519
1.13061523
1.12695312
1.13317871
1.12963867
1.12988281
1.12414550
1.13452148
1.12585449
1.12731933
1.12768554
1.12561035
1.12927246
1.12268066
1.12915039
1.12890625
1.12304687
1.12988281
1.12255859
1.13110351
1.12719726
1.12573242
1.12792968
1.12219238
1.12756347
1.13110351
1.13208007
1.12792968
1.12988281
1.13000488
1.12963867
1.12927246
1.13146972
1.13012695
1.13024902
1.12841796
1.12780761
1.12341308
1.12890625
1.13012695
1.12292480
1.12744140
1.12243652
1.12939453
1.12719726
1.12866210
1.12829589
1.12939453
1.12414550
1.12890625
1.12255859
1.12890625
1.12487792
1.13110351
1.12438964
1.12902832
1.12512207
1.12353515
1.12963867
1.12304687
1.12976074
1.13000488
1.12451171
1.12292480
1.12365722
1.12915039
1.12219238
1.12365722
1.12414550
1.12548828
1.12438964
1.12207031
1.12487792
1.12365722
1.12377929
1.12402343
1.12805175
1.12377929
1.12329101
1.12841796
1.12890625
1.12829589
1.12951660
1.12451171
1.12902832
1.12536621
1.13085937
1.12988281
1.12731933
1.12792968
1.12854003
1.13061523
1.12756347
1.12951660
1.12951660
1.12829589
1.13391113
1.12390136
1.12695312
1.13037109
1.12353515
1.12817382
1.12243652
1.12695312
1.12878417
1.12243652
1.12683105
1.12805175
1.12890625
1.12841796
1.12280273
1.13085937
1.12744140
1.13330078
1.12890625
1.13061523
1.13024902
1.13000488
1.12854003
1.12487792
1.12438964
1.13098144
1.12915039
1.12988281
1.13073730
1.13012695
1.12609863
1.12792968
1.12512207
1.12683105
1.12658691
1.12841796
1.13098144
1.12414550
1.12194824
1.12963867
1.12438964
1.12927246
1.13366699
1.12329101
1.12414550
1.12683105
1.12585449
1.12268066
1.12304687
1.12463378
1.12854003
1.12365722
1.12170410
1.12219238
1.12219238
1.12292480
1.12243652
1.12707519
1.12243652
1.12365722
1.12255859
1.12316894
