1.12927246
1.13208007
1.12963867
1.12390136
1.13122558
1.12963867
1.13427734
1.13842773
1.12524414
1.13305664
1.12976074
1.12902832
1.13159179
1.13061523
1.13183593
1.12915039
1.13195800
1.13012695
1.12597656
1.13012695
1.12475585
1.12683105
1.12365722
1.12780761
1.12988281
1.12829589
1.12841796
1.12402343
1.12243652
1.12536621
1.12597656
1.12951660
1.12219238
1.13476562
1.12915039
1.12854003
1.12353515
1.12451171
1.12341308
1.12316894
1.12316894
1.12329101
1.12341308
1.12329101
1.12915039
1.12243652
1.12573242
1.12500000
1.13073730
1.12377929
1.12304687
1.12060546
1.12658691
1.12976074
1.12670898
1.13159179
1.12500000
1.12915039
1.12133789
1.12512207
1.12744140
1.12182617
1.12182617
1.12268066
1.12390136
1.12817382
1.12805175
1.12548828
1.12768554
1.12634277
1.12817382
1.12292480
1.12219238
1.12219238
1.12280273
1.12902832
1.12402343
1.12133789
1.12170410
1.12475585
1.12536621
1.12231445
1.12353515
1.12353515
1.12475585
1.12170410
1.12463378
1.12988281
1.12182617
1.12243652
1.12194824
1.12304687
1.12243652
1.12414550
1.12255859
1.12243652
1.12353515
1.12792968
1.12231445
1.12292480
1.12182617
1.12268066
1.13024902
1.12304687
1.12231445
1.12304687
1.12438964
1.12670898
1.12280273
1.12329101
1.12316894
1.12353515
1.12207031
1.12854003
1.12219238
1.12182617
1.12268066
1.12243652
1.12182617
1.12268066
1.12194824
1.12353515
1.12390136
1.12487792
1.12756347
1.12207031
1.12353515
1.12438964
1.12255859
1.12316894
1.12170410
1.12182617
1.12109375
1.12194824
1.12219238
1.12304687
1.12341308
1.12280273
1.12097167
1.12072753
1.12353515
1.13085937
1.12634277
1.12390136
1.12329101
1.12426757
1.12268066
1.12316894
1.12365722
1.12695312
1.12182617
1.12280273
1.12182617
1.12377929
1.12878417
1.12316894
1.12292480
1.12438964
1.12304687
1.12451171
1.12231445
1.12109375
1.12292480
1.12402343
1.12426757
1.12353515
1.12255859
1.12304687
1.13476562
1.12414550
1.12402343
1.12854003
1.12451171
1.12341308
1.12316894
1.12414550
1.12207031
1.12207031
1.12365722
1.12182617
1.12194824
1.12072753
1.12255859
1.12292480
1.12133789
1.12585449
1.12145996
1.12304687
1.12597656
1.12097167
1.12121582
1.12133789
1.12573242
1.11999511
1.12219238
1.12390136
1.12048339
1.13195800
1.12316894
1.11889648
