1.25903320
1.28906250
1.28100585
1.27551269
1.27929687
1.27770996
1.26086425
1.26757812
1.24951171
1.25744628
1.25866699
1.28491210
1.27221679
1.27026367
1.26928710
1.28125000
1.28125000
1.26513671
1.25366210
1.26525878
1.25964355
1.27185058
1.26660156
1.29235839
1.27868652
1.26684570
1.28283691
1.26586914
1.28125000
1.25085449
1.27441406
1.26977539
1.25988769
1.25805664
1.26416015
1.26098632
1.26098632
1.27478027
1.27441406
1.26440429
1.26452636
1.25720214
1.29138183
1.25817871
1.27661132
1.25585937
1.27319335
1.29040527
1.26733398
1.27893066
1.28637695
1.27563476
1.26147460
1.28125000
1.25683593
1.25976562
1.26110839
1.28955078
1.26428222
1.27478027
1.27734375
1.26123046
1.26672363
1.27673339
1.27246093
1.29162597
1.26940917
1.25708007
1.26977539
1.26440429
1.25366210
1.27441406
1.27270507
1.25952148
1.26196289
1.25988769
1.28112792
1.26782226
1.26501464
1.25817871
1.26574707
1.26171875
1.26037597
1.26232910
1.26477050
1.26611328
1.27929687
1.27636718
1.27648925
1.29052734
1.25939941
1.29125976
1.28002929
1.26806640
1.27624511
1.25659179
1.26196289
1.27563476
1.27465820
1.27929687
1.26354980
1.26660156
1.25219726
1.26440429
1.26330566
1.27233886
1.27941894
1.28039550
1.27795410
1.27307128
1.26062011
1.24829101
1.27661132
1.27783203
1.26562500
1.27148437
1.27746582
1.27331542
1.28051757
1.26562500
1.26037597
1.27392578
1.25756835
1.27099609
1.26171875
1.26196289
1.25195312
1.27514648
1.26403808
1.26342773
1.25927734
1.29138183
1.26184082
1.28613281
1.27978515
1.25354003
1.26062011
1.26513671
1.26171875
1.28369140
1.25695800
1.26770019
1.26220703
1.27026367
1.27502441
1.26391601
1.27062988
1.27807617
1.27661132
1.25866699
1.26391601
1.26220703
1.25622558
1.26660156
1.27441406
1.26232910
1.26489257
1.26623535
1.26110839
1.26269531
1.26000976
1.26806640
1.26464843
1.26733398
1.25085449
1.28137207
1.27124023
1.27319335
1.28283691
1.25952148
1.27551269
1.25280761
1.27624511
1.26953125
1.25939941
1.26757812
1.27624511
1.27160644
1.27502441
1.26892089
1.26049804
1.26940917
1.27380371
1.25537109
1.27697753
1.27673339
1.27502441
1.25244140
1.26293945
1.26696777
1.25927734
1.25317382
1.26367187
1.27856445
1.27380371
1.25598144
1.26953125
1.25708007
1.25732421
1.26159667
