1.26220703
1.26354980
1.26525878
1.27209472
1.26794433
1.25695800
1.26428222
1.26464843
1.26110839
1.27539062
1.26342773
1.27160644
1.26574707
1.24621582
1.26208496
1.27807617
1.26684570
1.26733398
1.27783203
1.26904296
1.25341796
1.27319335
1.27233886
1.26232910
1.28051757
1.26818847
1.27124023
1.27258300
1.28234863
1.25305175
1.25561523
1.26147460
1.27709960
1.28173828
1.26733398
1.26867675
1.27807617
1.27966308
1.27331542
1.26428222
1.26110839
1.27673339
1.25610351
1.28173828
1.28759765
1.28125000
1.27258300
1.24755859
1.27636718
1.26831054
1.27368164
1.27636718
1.26184082
1.28149414
1.26135253
1.28845214
1.27136230
1.28125000
1.26940917
1.25524902
1.26806640
1.25756835
1.26464843
1.27331542
1.28894042
1.29138183
1.26623535
1.27319335
1.28125000
1.27160644
1.26464843
1.26806640
1.25842285
1.26684570
1.25158691
1.27526855
1.27258300
1.26232910
1.27770996
1.26342773
1.27282714
1.26599121
1.26904296
1.27270507
1.25866699
1.28149414
1.27978515
1.25585937
1.26098632
1.28247070
1.28015136
1.27392578
1.25451660
1.26269531
1.25646972
1.26147460
1.26354980
1.27490234
1.26232910
1.27233886
1.25927734
1.26379394
1.28027343
1.26110839
1.27050781
1.27563476
1.27563476
1.26135253
1.27758789
1.26135253
1.26477050
1.27319335
1.27648925
1.26037597
1.25903320
1.27624511
1.27990722
1.27600097
1.26245117
1.26208496
1.28662109
1.25817871
1.26110839
1.27038574
1.26428222
1.29113769
1.26098632
1.26672363
1.27453613
1.27624511
1.27636718
1.26416015
1.25048828
1.26000976
1.26330566
1.26525878
1.25585937
1.26818847
1.26208496
1.25598144
1.25598144
1.28637695
1.25622558
1.26782226
1.26135253
1.27526855
1.27111816
1.26171875
1.26794433
1.26635742
1.27709960
1.24609375
1.26074218
1.26086425
1.27746582
1.26159667
1.27673339
1.26660156
1.27502441
1.26354980
1.29016113
1.26159667
1.25598144
1.27734375
1.25805664
1.25988769
1.25744628
1.27270507
1.25793457
1.27355957
1.27734375
1.27624511
1.25988769
1.26049804
1.27502441
1.25805664
1.26782226
1.27673339
1.26599121
1.27026367
1.26293945
1.27600097
1.25488281
1.25878906
1.25964355
1.26599121
1.27258300
1.27490234
1.28234863
1.26953125
1.25769042
1.26892089
1.26416015
1.25256347
1.25634765
1.26831054
1.25512695
1.25598144
1.26794433
1.27392578
