1.26025390
1.28894042
1.24865722
1.27575683
1.26354980
1.26770019
1.27990722
1.27404785
1.27624511
1.25805664
1.28125000
1.26464843
1.25671386
1.28540039
1.26000976
1.26599121
1.27062988
1.26550292
1.26501464
1.25854492
1.26330566
1.28112792
1.26647949
1.26171875
1.26867675
1.27807617
1.25476074
1.27246093
1.26025390
1.27380371
1.26501464
1.28051757
1.27832031
1.26354980
1.28002929
1.26428222
1.24816894
1.27075195
1.27453613
1.28393554
1.27832031
1.27636718
1.28125000
1.26416015
1.25939941
1.28063964
1.27880859
1.26672363
1.26196289
1.28283691
1.28247070
1.25146484
1.26647949
1.25854492
1.27380371
1.26232910
1.27612304
1.28466796
1.26354980
1.26098632
1.27319335
1.26684570
1.26562500
1.27978515
1.25830078
1.26159667
1.27563476
1.25988769
1.25097656
1.26123046
1.28283691
1.27453613
1.27319335
1.26770019
1.25988769
1.27502441
1.26428222
1.28051757
1.27722167
1.25988769
1.29028320
1.29125976
1.25671386
1.26696777
1.27954101
1.26330566
1.28637695
1.26257324
1.25463867
1.26281738
1.29211425
1.29028320
1.28649902
1.27844238
1.28881835
1.27587890
1.25708007
1.25463867
1.27429199
1.27441406
1.26281738
1.27197265
1.25329589
1.28015136
1.27441406
1.29125976
1.26989746
1.26403808
1.27685546
1.26843261
1.28906250
1.27441406
1.27209472
1.28405761
1.27185058
1.26171875
1.27172851
1.24707031
1.27539062
1.25683593
1.27490234
1.25793457
1.27624511
1.27416992
1.27648925
1.26281738
1.24108886
1.25085449
1.25598144
1.24645996
1.26306152
1.27197265
1.27636718
1.26110839
1.27050781
1.28161621
1.27062988
1.28747558
1.26184082
1.25830078
1.27319335
1.26464843
1.26037597
1.26171875
1.27722167
1.27624511
1.27514648
1.26440429
1.27563476
1.25964355
1.26464843
1.25720214
1.26757812
1.27624511
1.26354980
1.28381347
1.26062011
1.27697753
1.25842285
1.27624511
1.28698730
1.26062011
1.27832031
1.25207519
1.27148437
1.25903320
1.26599121
1.26232910
1.26403808
1.28881835
1.26049804
1.27343750
1.25683593
1.26220703
1.27783203
1.26171875
1.26159667
1.26513671
1.26208496
1.26062011
1.26513671
1.24694824
1.26062011
1.26318359
1.27734375
1.25988769
1.27172851
1.26074218
1.26501464
1.26416015
1.27075195
1.27160644
1.25061035
1.26428222
1.26049804
1.26293945
1.26086425
1.27026367
1.25964355
1.25732421
