1.26708984
1.25988769
1.25891113
1.26293945
1.28784179
1.25329589
1.26794433
1.26013183
1.26806640
1.27172851
1.25964355
1.25744628
1.27819824
1.25488281
1.26062011
1.25415039
1.26342773
1.28332519
1.27563476
1.26196289
1.26599121
1.25708007
1.26721191
1.26464843
1.26232910
1.27929687
1.27404785
1.26110839
1.28625488
1.27392578
1.27197265
1.27026367
1.26806640
1.26806640
1.27368164
1.28894042
1.26428222
1.26171875
1.26281738
1.28942871
1.26489257
1.29040527
1.28295898
1.26232910
1.27160644
1.26831054
1.26208496
1.27758789
1.26757812
1.28002929
1.25354003
1.26062011
1.25219726
1.27160644
1.26489257
1.26306152
1.27197265
1.26562500
1.25988769
1.26354980
1.26733398
1.27014160
1.27075195
1.26232910
1.27160644
1.25549316
1.25939941
1.25793457
1.25463867
1.27917480
1.29064941
1.25793457
1.27551269
1.27331542
1.25781250
1.27807617
1.28002929
1.26672363
1.25854492
1.26000976
1.26171875
1.27258300
1.27429199
1.27807617
1.26342773
1.29016113
1.26867675
1.26843261
1.27429199
1.29003906
1.25866699
1.27062988
1.26843261
1.26232910
1.26684570
1.26196289
1.25585937
1.27893066
1.27185058
1.28125000
1.26354980
1.27075195
1.25683593
1.27258300
1.27355957
1.29016113
1.27514648
1.27685546
1.26696777
1.27270507
1.27844238
1.27795410
1.27770996
1.28881835
1.27795410
1.26672363
1.27050781
1.28259277
1.25976562
1.27661132
1.28149414
1.26196289
1.27465820
1.26525878
1.25659179
1.26452636
1.27014160
1.29016113
1.26208496
1.27624511
1.27490234
1.27893066
1.23767089
1.24707031
1.27429199
1.27795410
1.25585937
1.26330566
1.27514648
1.23291015
1.24450683
1.27783203
1.25708007
1.25805664
1.25329589
1.25573730
1.27416992
1.26184082
1.27038574
1.27502441
1.27746582
1.26464843
1.28491210
1.27600097
1.26965332
1.26525878
1.27026367
1.28979492
1.27624511
1.26232910
1.28759765
1.25415039
1.25732421
1.26550292
1.24792480
1.27075195
1.26794433
1.27917480
1.26293945
1.25329589
1.26269531
1.28308105
1.26965332
1.27075195
1.27160644
1.26452636
1.26049804
1.25878906
1.25207519
1.25781250
1.27062988
1.26782226
1.26171875
1.29150390
1.26513671
1.29003906
1.26525878
1.26391601
1.26586914
1.26049804
1.26892089
1.27917480
1.26306152
1.26550292
1.27636718
1.26623535
1.29125976
1.24609375
1.25207519
1.27294921
