1.26281738
1.26110839
1.26416015
1.27368164
1.26110839
1.28381347
1.26782226
1.26342773
1.26477050
1.26354980
1.27404785
1.26269531
1.26831054
1.26562500
1.26232910
1.27124023
1.25109863
1.26171875
1.26135253
1.26208496
1.28222656
1.26562500
1.26635742
1.27929687
1.27856445
1.25988769
1.26928710
1.25708007
1.25354003
1.25939941
1.25988769
1.25476074
1.26367187
1.26428222
1.27880859
1.26220703
1.26000976
1.27441406
1.28735351
1.26269531
1.25866699
1.27404785
1.26220703
1.26110839
1.26184082
1.26245117
1.26037597
1.27380371
1.26159667
1.27026367
1.27441406
1.26416015
1.26879882
1.26831054
1.26586914
1.27746582
1.27880859
1.25598144
1.26013183
1.27441406
1.26916503
1.27465820
1.28771972
1.26586914
1.28857421
1.24987792
1.26062011
1.26196289
1.28100585
1.28125000
1.29223632
1.28344726
1.27380371
1.26159667
1.25964355
1.26013183
1.26220703
1.26745605
1.25634765
1.28405761
1.26965332
1.27722167
1.27294921
1.26757812
1.25671386
1.26000976
1.27441406
1.27221679
1.25964355
1.27636718
1.27429199
1.27539062
1.26708984
1.26464843
1.25756835
1.26281738
1.27612304
1.27062988
1.26599121
1.28125000
1.27136230
1.27697753
1.26586914
1.26037597
1.26794433
1.25732421
1.26635742
1.26855468
1.27246093
1.26354980
1.27587890
1.27368164
1.27685546
1.27368164
1.27673339
1.29248046
1.27648925
1.27185058
1.27966308
1.27636718
1.27795410
1.26477050
1.25170898
1.26257324
1.27563476
1.28759765
1.27282714
1.28894042
1.26477050
1.29150390
1.26977539
1.27551269
1.27539062
1.26916503
1.27624511
1.24609375
1.28637695
1.26403808
1.26110839
1.25915527
1.28771972
1.25878906
1.24572753
1.25170898
1.26477050
1.26428222
1.26818847
1.28857421
1.27233886
1.27380371
1.26684570
1.25781250
1.26220703
1.25598144
1.25976562
1.26538085
1.26477050
1.27380371
1.27587890
1.26440429
1.26574707
1.25292968
1.26135253
1.23291015
1.26586914
1.26306152
1.28442382
1.26159667
1.26025390
1.26940917
1.26342773
1.25720214
1.25427246
1.26000976
1.26953125
1.26074218
1.25964355
1.25012207
1.25219726
1.27319335
1.26428222
1.26916503
1.26110839
1.26147460
1.25830078
1.28894042
1.25976562
1.27465820
1.25463867
1.27636718
1.26708984
1.25561523
1.28015136
1.26464843
1.26464843
1.26831054
1.26416015
1.26525878
1.27319335
1.25866699
