1.26586914
1.27075195
1.25085449
1.27441406
1.28002929
1.26708984
1.26062011
1.26562500
1.26281738
1.27685546
1.24865722
1.26220703
1.27807617
1.28002929
1.25183105
1.28015136
1.27197265
1.28125000
1.27551269
1.26025390
1.26086425
1.26574707
1.25708007
1.28125000
1.26440429
1.26635742
1.25292968
1.26391601
1.25598144
1.28002929
1.27416992
1.27416992
1.29296875
1.27111816
1.26916503
1.26940917
1.26892089
1.25939941
1.26147460
1.25231933
1.28906250
1.27746582
1.25146484
1.25158691
1.27807617
1.26269531
1.27770996
1.25866699
1.27673339
1.24230957
1.27441406
1.27539062
1.26232910
1.27124023
1.26660156
1.27282714
1.26135253
1.27795410
1.27124023
1.27490234
1.27197265
1.27062988
1.29333496
1.26428222
1.27722167
1.27612304
1.26220703
1.26440429
1.25231933
1.28002929
1.26110839
1.25939941
1.26171875
1.25695800
1.28735351
1.26367187
1.27648925
1.28051757
1.28210449
1.26367187
1.26184082
1.26110839
1.26232910
1.26184082
1.26916503
1.26782226
1.27441406
1.26086425
1.27246093
1.29089355
1.28894042
1.26989746
1.25463867
1.27880859
1.27331542
1.26586914
1.27172851
1.27441406
1.26086425
1.26684570
1.25976562
1.26928710
1.26086425
1.29125976
1.26281738
1.26708984
1.27197265
1.27209472
1.26708984
1.26684570
1.26342773
1.27331542
1.26013183
1.27319335
1.27172851
1.27233886
1.28161621
1.26440429
1.26281738
1.26354980
1.26477050
1.26086425
1.28369140
1.26440429
1.25988769
1.27148437
1.27734375
1.26818847
1.26660156
1.26354980
1.24719238
1.27441406
1.26086425
1.25610351
1.25866699
1.25097656
1.26269531
1.26342773
1.27038574
1.25952148
1.25085449
1.26354980
1.27209472
1.26660156
1.26184082
1.26196289
1.25988769
1.27246093
1.28149414
1.26000976
1.26953125
1.25695800
1.27160644
1.26171875
1.26208496
1.27673339
1.27282714
1.26489257
1.25048828
1.26965332
1.26000976
1.26721191
1.29272460
1.25854492
1.26220703
1.27636718
1.27441406
1.27600097
1.26245117
1.27929687
1.29003906
1.26171875
1.23278808
1.27441406
1.26232910
1.26416015
1.26855468
1.25732421
1.26269531
1.24084472
1.25903320
1.26171875
1.26184082
1.27551269
1.27795410
1.24914550
1.26184082
1.25451660
1.25939941
1.25610351
1.26269531
1.26660156
1.26660156
1.28173828
1.24365234
1.26708984
1.26586914
1.25146484
1.26440429
1.25939941
