1.26464843
1.26403808
1.27978515
1.27185058
1.26733398
1.27160644
1.27099609
1.25964355
1.25439453
1.27038574
1.25244140
1.27380371
1.26196289
1.26562500
1.27880859
1.25378417
1.26770019
1.26232910
1.26831054
1.27990722
1.26464843
1.26501464
1.26232910
1.27453613
1.26684570
1.26281738
1.28039550
1.28491210
1.27294921
1.29028320
1.26232910
1.28137207
1.27075195
1.25427246
1.27038574
1.27111816
1.28771972
1.28125000
1.26635742
1.28112792
1.28002929
1.27416992
1.27319335
1.28833007
1.26171875
1.27014160
1.27514648
1.26232910
1.27502441
1.27941894
1.26354980
1.25109863
1.27087402
1.26611328
1.27185058
1.26245117
1.28027343
1.27221679
1.27392578
1.26513671
1.26379394
1.26611328
1.28027343
1.27429199
1.27807617
1.27441406
1.25610351
1.26379394
1.26000976
1.27929687
1.26269531
1.28527832
1.27075195
1.27038574
1.28894042
1.26440429
1.24792480
1.26184082
1.26220703
1.26110839
1.25903320
1.25891113
1.27587890
1.26062011
1.26098632
1.24963378
1.28894042
1.28149414
1.26562500
1.27124023
1.26110839
1.26123046
1.27563476
1.25708007
1.28674316
1.25976562
1.27270507
1.25744628
1.26403808
1.26464843
1.27136230
1.27319335
1.27185058
1.27795410
1.27038574
1.26574707
1.26318359
1.27001953
1.29113769
1.27795410
1.26684570
1.27990722
1.27282714
1.26892089
1.27233886
1.26086425
1.26354980
1.25732421
1.27160644
1.26525878
1.26171875
1.25219726
1.26745605
1.26159667
1.25891113
1.27026367
1.27502441
1.26501464
1.27111816
1.26904296
1.27172851
1.26550292
1.27514648
1.27038574
1.25927734
1.25732421
1.26232910
1.26293945
1.26306152
1.25463867
1.26538085
1.27624511
1.26184082
1.26269531
1.27099609
1.26000976
1.25732421
1.28466796
1.28930664
1.25842285
1.25646972
1.28137207
1.25170898
1.25939941
1.25708007
1.27575683
1.28100585
1.28649902
1.25439453
1.26611328
1.26672363
1.25988769
1.26391601
1.26513671
1.26708984
1.27624511
1.24475097
1.27832031
1.25610351
1.26586914
1.26623535
1.26696777
1.26293945
1.25927734
1.27026367
1.29040527
1.28540039
1.25268554
1.25891113
1.25939941
1.27551269
1.26696777
1.26025390
1.25756835
1.28112792
1.25244140
1.27978515
1.26257324
1.26037597
1.23742675
1.26599121
1.25366210
1.29125976
1.27001953
1.26818847
1.26660156
1.26464843
1.26159667
1.27832031
1.26696777
