1.27038574
1.26269531
1.26318359
1.27917480
1.27905273
1.25988769
1.26184082
1.26123046
1.25122070
1.26184082
1.26708984
1.27697753
1.26660156
1.28320312
1.25598144
1.25500488
1.26269531
1.28393554
1.26416015
1.27539062
1.26171875
1.27612304
1.28881835
1.27429199
1.29016113
1.27453613
1.26318359
1.26416015
1.26733398
1.25695800
1.27563476
1.27795410
1.27209472
1.27478027
1.26452636
1.26135253
1.27551269
1.25964355
1.27392578
1.26232910
1.26013183
1.26708984
1.27587890
1.26464843
1.26416015
1.26354980
1.29248046
1.26672363
1.27636718
1.27905273
1.26232910
1.28881835
1.25561523
1.27380371
1.27966308
1.26354980
1.28137207
1.27441406
1.26184082
1.24291992
1.26440429
1.27929687
1.26464843
1.26196289
1.27368164
1.25097656
1.26330566
1.25708007
1.26354980
1.26220703
1.27258300
1.28063964
1.26306152
1.26464843
1.26464843
1.28027343
1.27587890
1.26586914
1.26623535
1.25952148
1.27026367
1.27893066
1.28393554
1.27416992
1.27746582
1.27197265
1.26110839
1.26220703
1.26354980
1.26342773
1.27673339
1.26599121
1.24829101
1.27282714
1.26159667
1.27819824
1.26818847
1.27124023
1.26098632
1.27294921
1.27770996
1.25512695
1.27209472
1.26953125
1.26464843
1.26000976
1.27600097
1.25781250
1.26196289
1.25939941
1.28222656
1.24621582
1.26293945
1.27685546
1.25598144
1.27050781
1.27258300
1.26354980
1.26501464
1.26110839
1.25976562
1.26184082
1.27832031
1.26245117
1.28283691
1.28881835
1.27319335
1.26440429
1.28295898
1.26110839
1.27624511
1.27380371
1.26525878
1.26464843
1.26403808
1.25610351
1.25720214
1.24658203
1.27929687
1.24731445
1.27258300
1.27514648
1.28015136
1.27685546
1.26013183
1.25659179
1.26220703
1.27380371
1.25598144
1.25561523
1.26171875
1.25451660
1.27124023
1.26147460
1.27502441
1.25964355
1.25659179
1.27905273
1.27661132
1.26586914
1.26159667
1.27026367
1.26293945
1.27124023
1.26391601
1.24597167
1.26159667
1.22668457
1.25964355
1.26464843
1.25109863
1.27355957
1.25720214
1.26745605
1.28771972
1.26721191
1.25085449
1.25488281
1.26257324
1.27233886
1.26232910
1.27416992
1.25659179
1.25683593
1.29003906
1.25671386
1.25927734
1.25744628
1.23669433
1.26782226
1.27050781
1.27319335
1.28283691
1.24877929
1.27282714
1.25952148
1.28088378
1.21630859
1.28259277
1.26135253
