1.26342773
1.26416015
1.26269531
1.25512695
1.25354003
1.26257324
1.25744628
1.25073242
1.26538085
1.24865722
1.26306152
1.27197265
1.26123046
1.26025390
1.27099609
1.26232910
1.28161621
1.27038574
1.27258300
1.26843261
1.26184082
1.26586914
1.28918457
1.26232910
1.26818847
1.27856445
1.28247070
1.26049804
1.28527832
1.28649902
1.27124023
1.25854492
1.26208496
1.26196289
1.26550292
1.26086425
1.26562500
1.26538085
1.27648925
1.28369140
1.29248046
1.27197265
1.27453613
1.26599121
1.26000976
1.27502441
1.26586914
1.28125000
1.27478027
1.29125976
1.26525878
1.26025390
1.26452636
1.27307128
1.28308105
1.26721191
1.26403808
1.27355957
1.28076171
1.27026367
1.25988769
1.26098632
1.25537109
1.26220703
1.27539062
1.27001953
1.26293945
1.25463867
1.25695800
1.25866699
1.26159667
1.26904296
1.28540039
1.26110839
1.26586914
1.27160644
1.26477050
1.25903320
1.27624511
1.25329589
1.29113769
1.26843261
1.27233886
1.26586914
1.27685546
1.28295898
1.25891113
1.26586914
1.27075195
1.26672363
1.29150390
1.25097656
1.27014160
1.26123046
1.26501464
1.27331542
1.25988769
1.28662109
1.26550292
1.26477050
1.25927734
1.27551269
1.26831054
1.27783203
1.26354980
1.26818847
1.26257324
1.26892089
1.26269531
1.26428222
1.26831054
1.27307128
1.27612304
1.26379394
1.25561523
1.26049804
1.25488281
1.26660156
1.26062011
1.26477050
1.26916503
1.27465820
1.25415039
1.26220703
1.26770019
1.26208496
1.25439453
1.24902343
1.24438476
1.25512695
1.27636718
1.25012207
1.26672363
1.27746582
1.25842285
1.25048828
1.26660156
1.24145507
1.26074218
1.27636718
1.26806640
1.27270507
1.26147460
1.23449707
1.26708984
1.26354980
1.25817871
1.27075195
1.26953125
1.27294921
1.26782226
1.27148437
1.26684570
1.25598144
1.29003906
1.27893066
1.26757812
1.27319335
1.27734375
1.27502441
1.26074218
1.25805664
1.25134277
1.26318359
1.24743652
1.26757812
1.25415039
1.26586914
1.25695800
1.26293945
1.22424316
1.26904296
1.29028320
1.26464843
1.24768066
1.26428222
1.26782226
1.27722167
1.25927734
1.27612304
1.26062011
1.25073242
1.24755859
1.27697753
1.27465820
1.25964355
1.25585937
1.24853515
1.26782226
1.25744628
1.26062011
1.25805664
1.23217773
1.27026367
1.26452636
1.28881835
1.26062011
1.27722167
1.25598144
1.26647949
