1.26599121
1.27795410
1.27258300
1.25354003
1.28247070
1.29138183
1.26464843
1.26757812
1.29003906
1.26098632
1.28222656
1.26745605
1.26794433
1.26184082
1.26867675
1.26684570
1.28137207
1.27441406
1.28247070
1.26098632
1.25195312
1.26245117
1.26599121
1.29125976
1.25805664
1.26953125
1.26904296
1.26135253
1.26208496
1.27160644
1.26916503
1.27526855
1.25280761
1.27600097
1.26147460
1.29162597
1.26147460
1.28002929
1.28369140
1.26452636
1.26513671
1.26623535
1.26354980
1.25720214
1.26159667
1.25500488
1.26770019
1.27990722
1.27880859
1.26196289
1.27624511
1.25000000
1.26672363
1.27844238
1.26184082
1.27758789
1.25988769
1.27722167
1.26184082
1.26184082
1.26440429
1.25097656
1.27160644
1.26306152
1.25830078
1.26403808
1.25231933
1.26562500
1.26892089
1.27880859
1.26660156
1.26538085
1.27770996
1.25952148
1.27331542
1.25170898
1.26196289
1.27624511
1.26855468
1.24731445
1.27258300
1.27734375
1.26135253
1.27685546
1.25427246
1.26599121
1.25988769
1.25537109
1.27392578
1.27661132
1.27551269
1.25817871
1.26257324
1.28027343
1.26586914
1.26062011
1.26538085
1.27563476
1.26098632
1.26110839
1.27465820
1.27246093
1.26062011
1.27307128
1.28186035
1.25903320
1.28076171
1.28771972
1.26464843
1.28881835
1.26440429
1.27880859
1.27270507
1.26599121
1.26806640
1.26440429
1.27099609
1.26123046
1.26342773
1.27624511
1.27502441
1.26257324
1.27551269
1.25939941
1.26818847
1.26440429
1.26318359
1.25610351
1.26660156
1.26635742
1.26293945
1.26025390
1.25097656
1.27282714
1.26245117
1.26477050
1.27502441
1.25671386
1.25073242
1.27258300
1.27307128
1.26208496
1.27514648
1.26477050
1.26513671
1.26611328
1.25598144
1.27502441
1.27026367
1.26220703
1.25683593
1.25073242
1.26159667
1.25744628
1.27246093
1.25964355
1.26379394
1.26855468
1.26464843
1.25305175
1.25976562
1.24902343
1.26354980
1.27441406
1.26171875
1.26159667
1.27404785
1.26062011
1.25354003
1.26074218
1.28540039
1.23498535
1.25842285
1.26159667
1.24841308
1.26354980
1.26330566
1.24914550
1.26098632
1.26464843
1.26013183
1.25964355
1.26489257
1.26416015
1.28247070
1.28039550
1.26684570
1.27661132
1.27441406
1.26086425
1.25927734
1.27075195
1.24731445
1.26000976
1.25903320
1.26098632
1.26623535
1.26110839
1.25939941
1.25964355
