1.11999511
1.12011718
1.12011718
1.11938476
1.11950683
1.11938476
1.11999511
1.12463378
1.11999511
1.11938476
1.11962890
1.11962890
1.11938476
1.11975097
1.11975097
1.12426757
1.12463378
1.11999511
1.11950683
1.12451171
1.12487792
1.12463378
1.12451171
1.11975097
1.12451171
1.12451171
1.12475585
1.12451171
1.12451171
1.12463378
1.12451171
1.12463378
1.12451171
1.12475585
1.12512207
1.11987304
1.12451171
1.12487792
1.12451171
1.12475585
1.12451171
1.12561035
1.12561035
1.12597656
1.12451171
1.12451171
1.12451171
1.12500000
1.12463378
1.12487792
1.12500000
1.12500000
1.12487792
1.12512207
1.12609863
1.12475585
1.12487792
1.12561035
1.12463378
1.12451171
1.12451171
1.12463378
1.12463378
1.12475585
1.12487792
1.12512207
1.12475585
1.12475585
1.12451171
1.12487792
1.12451171
1.12451171
1.12451171
1.12451171
1.12536621
1.12451171
1.12573242
1.12451171
1.12512207
1.12512207
1.12487792
1.12475585
1.12451171
1.12451171
1.12451171
1.12487792
1.12573242
1.12438964
1.12536621
1.12622070
1.12500000
1.12561035
1.12536621
1.12524414
1.12451171
1.12451171
1.12451171
1.12463378
1.12512207
1.12573242
1.12475585
1.12451171
1.12451171
1.12451171
1.12451171
1.12463378
1.12475585
1.12561035
1.12561035
1.12536621
1.12548828
1.12561035
1.12609863
1.12512207
1.12622070
1.12463378
1.12463378
1.12512207
1.12475585
1.12500000
1.12451171
1.12561035
1.12622070
1.12475585
1.12561035
1.12609863
1.12561035
1.12451171
1.12487792
1.12573242
1.12451171
1.12451171
1.12463378
1.12561035
1.12451171
1.12451171
1.12451171
1.12451171
1.12463378
1.12463378
1.12561035
1.12463378
1.12561035
1.12451171
1.12463378
1.12451171
1.12426757
1.12487792
1.12500000
1.12451171
1.12451171
1.12463378
1.12475585
1.12463378
1.12451171
1.12451171
1.12451171
1.12451171
1.12451171
1.12451171
1.12451171
1.12451171
1.12451171
1.12451171
1.12463378
1.12451171
1.12451171
1.12561035
1.12890625
1.12500000
1.12780761
1.13122558
1.12890625
1.12963867
1.12988281
1.12744140
1.12695312
1.12768554
1.12792968
1.12451171
1.12792968
1.12707519
1.12976074
1.12854003
1.12854003
1.13024902
1.13012695
1.12792968
1.13159179
1.12927246
1.12854003
1.12890625
1.13110351
1.13012695
1.12902832
1.12878417
1.12866210
1.13110351
1.12829589
1.12854003
