1.11975097
1.12011718
1.12011718
1.11999511
1.12097167
1.11999511
1.11975097
1.11987304
1.12487792
1.11962890
1.11950683
1.11950683
1.12451171
1.11950683
1.12023925
1.12426757
1.11962890
1.12438964
1.12463378
1.12463378
1.12451171
1.12426757
1.12451171
1.12438964
1.11950683
1.12426757
1.12438964
1.12451171
1.12451171
1.12451171
1.12451171
1.12451171
1.12451171
1.12451171
1.12414550
1.12451171
1.12451171
1.12451171
1.12451171
1.12451171
1.12451171
1.12426757
1.12451171
1.12451171
1.12451171
1.12451171
1.12451171
1.12451171
1.12438964
1.12451171
1.12451171
1.12438964
1.12475585
1.12451171
1.12451171
1.12414550
1.12451171
1.12463378
1.12414550
1.12402343
1.12414550
1.12402343
1.12426757
1.12402343
1.12426757
1.12451171
1.12402343
1.12414550
1.12438964
1.12451171
1.12438964
1.12402343
1.12414550
1.12438964
1.12438964
1.12451171
1.12561035
1.12463378
1.12402343
1.12487792
1.12475585
1.12512207
1.12475585
1.12597656
1.12487792
1.12524414
1.12500000
1.12707519
1.12768554
1.12988281
1.12573242
1.12145996
1.12512207
1.12622070
1.12268066
1.13244628
1.12292480
1.12756347
1.12573242
1.13024902
1.13061523
1.12536621
1.13049316
1.12780761
1.12329101
1.12158203
1.12158203
1.12756347
1.12841796
1.12646484
1.11315917
1.11340332
1.11230468
1.11816406
1.11267089
1.11206054
1.10778808
1.11254882
1.11303710
1.11328125
1.11328125
1.11706542
1.11389160
1.11596679
1.11621093
1.11462402
1.15319824
1.11486816
1.10607910
1.11437988
1.11657714
1.11181640
1.11413574
1.11499023
1.11108398
1.11633300
1.10656738
1.10668945
1.10363769
1.11669921
1.11340332
1.11669921
1.11352539
1.11645507
1.10522460
1.11718750
1.11437988
1.10644531
1.10534667
1.11523437
1.10571289
1.10913085
1.11120605
1.10815429
1.11669921
1.11291503
1.11120605
1.11389160
1.11047363
1.11279296
1.10620117
1.11279296
1.11718750
1.11560058
1.11669921
1.11376953
1.10510253
1.11352539
1.11657714
1.11657714
1.10583496
1.11694335
1.10974121
1.11657714
1.11486816
1.11669921
1.10998535
1.10974121
1.11035156
1.10876464
1.11022949
1.10864257
1.10693359
1.11413574
1.10961914
1.15710449
1.11499023
1.15905761
1.10803222
1.11462402
1.10986328
1.11633300
1.15576171
1.11511230
1.10974121
1.11718750
1.11145019
1.11608886
1.11560058
1.11523437
