1.11999511
1.12011718
1.11962890
1.11950683
1.11999511
1.11987304
1.11926269
1.11950683
1.11950683
1.11975097
1.12426757
1.12451171
1.12011718
1.12451171
1.12451171
1.12475585
1.12463378
1.11975097
1.12451171
1.11950683
1.12451171
1.12451171
1.12451171
1.12463378
1.12451171
1.12463378
1.12451171
1.12451171
1.12438964
1.12463378
1.12451171
1.12451171
1.12438964
1.12451171
1.12463378
1.12451171
1.12451171
1.12451171
1.12451171
1.12451171
1.12451171
1.12463378
1.12451171
1.12451171
1.12451171
1.12451171
1.12451171
1.12463378
1.12451171
1.12524414
1.12561035
1.12561035
1.12451171
1.12573242
1.12451171
1.12524414
1.12500000
1.12512207
1.12561035
1.12548828
1.12451171
1.12451171
1.12451171
1.12573242
1.12451171
1.12536621
1.12573242
1.12573242
1.12475585
1.12500000
1.12524414
1.12451171
1.12451171
1.12573242
1.12536621
1.12622070
1.12548828
1.12573242
1.12548828
1.12536621
1.12487792
1.12548828
1.12451171
1.12524414
1.12451171
1.12451171
1.12451171
1.12536621
1.12487792
1.12463378
1.12500000
1.12487792
1.12609863
1.12573242
1.12475585
1.12561035
1.12585449
1.12573242
1.12487792
1.12622070
1.12646484
1.12585449
1.12536621
1.12634277
1.12646484
1.12548828
1.12670898
1.12658691
1.12524414
1.12634277
1.12902832
1.12731933
1.12768554
1.12951660
1.12609863
1.13049316
1.12622070
1.12988281
1.12487792
1.12731933
1.16015625
1.11511230
1.12011718
1.11901855
1.10949707
1.10485839
1.11450195
1.15478515
1.10632324
1.10791015
1.11596679
1.11535644
1.11535644
1.11279296
1.11450195
1.11230468
1.11047363
1.11315917
1.11633300
1.10595703
1.11560058
1.11364746
1.11193847
1.11596679
1.10510253
1.10681152
1.11059570
1.11596679
1.11584472
1.11633300
1.11218261
1.11437988
1.11169433
1.11621093
1.10791015
1.15930175
1.10986328
1.15527343
1.10864257
1.11132812
1.11621093
1.10937500
1.11157226
1.10668945
1.11206054
1.11181640
1.11157226
1.11669921
1.11169433
1.11132812
1.11218261
1.10632324
1.10729980
1.11645507
1.11206054
1.11584472
1.11682128
1.11694335
1.11291503
1.11242675
1.10827636
1.11083984
1.11657714
1.10559082
1.11486816
1.11181640
1.11193847
1.10620117
1.10766601
1.11096191
1.11694335
1.11621093
1.11767578
1.11730957
1.11279296
1.11169433
1.11706542
1.11621093
1.11572265
1.11718750
