1.12011718
1.12011718
1.11950683
1.12451171
1.12451171
1.12023925
1.12475585
1.11999511
1.12512207
1.11975097
1.12512207
1.11962890
1.11987304
1.11950683
1.12451171
1.12463378
1.12011718
1.12451171
1.11975097
1.12036132
1.12463378
1.11950683
1.12451171
1.11950683
1.12451171
1.12487792
1.12451171
1.12475585
1.12451171
1.12500000
1.12487792
1.12451171
1.12475585
1.11999511
1.12438964
1.12451171
1.12548828
1.12585449
1.12451171
1.12451171
1.12438964
1.12426757
1.12475585
1.12561035
1.12561035
1.12536621
1.12536621
1.12512207
1.12609863
1.12121582
1.12573242
1.12573242
1.12609863
1.12487792
1.12451171
1.12451171
1.12451171
1.12573242
1.12451171
1.12536621
1.12585449
1.11950683
1.12561035
1.12463378
1.12561035
1.12548828
1.12463378
1.12500000
1.12561035
1.12561035
1.12451171
1.12451171
1.12524414
1.12487792
1.12561035
1.12451171
1.12597656
1.12451171
1.12121582
1.12487792
1.12634277
1.12451171
1.12451171
1.12561035
1.12500000
1.12548828
1.12512207
1.12451171
1.12597656
1.12573242
1.12548828
1.12463378
1.12451171
1.12512207
1.12500000
1.12512207
1.12451171
1.12451171
1.12463378
1.12463378
1.12512207
1.12475585
1.12463378
1.12500000
1.12487792
1.12500000
1.12512207
1.12512207
1.12487792
1.12475585
1.12512207
1.12573242
1.12463378
1.12561035
1.12573242
1.12548828
1.12622070
1.12658691
1.12561035
1.12963867
1.12597656
1.12866210
1.13122558
1.12805175
1.12854003
1.13085937
1.13110351
1.12817382
1.13122558
1.13098144
1.12353515
1.13146972
1.13122558
1.13012695
1.12780761
1.13049316
1.13012695
1.12817382
1.13037109
1.13098144
1.13098144
1.12878417
1.13122558
1.13439941
1.13146972
1.12939453
1.13024902
1.12988281
1.12463378
1.13024902
1.12927246
1.13049316
1.12646484
1.12634277
1.12866210
1.13024902
1.12512207
1.12658691
1.12927246
1.12487792
1.12927246
1.12939453
1.13037109
1.12890625
1.12878417
1.12854003
1.12939453
1.12341308
1.13549804
1.11987304
1.12145996
1.12255859
1.12194824
1.12207031
1.12207031
1.12268066
1.11779785
1.11303710
1.10766601
1.11315917
1.10839843
1.10839843
1.15197753
1.11242675
1.15222167
1.15270996
1.10803222
1.11279296
1.11596679
1.11669921
1.10717773
1.14965820
1.15551757
1.10913085
1.15429687
1.11169433
1.11108398
1.10656738
1.11169433
1.11145019
