1.12011718
1.12011718
1.12011718
1.12011718
1.11987304
1.12548828
1.12072753
1.12548828
1.12072753
1.12060546
1.11975097
1.11950683
1.12072753
1.12036132
1.11975097
1.12487792
1.12011718
1.11950683
1.11950683
1.12451171
1.12451171
1.12548828
1.12060546
1.11962890
1.12463378
1.12463378
1.12573242
1.12451171
1.12060546
1.12023925
1.11987304
1.12048339
1.12451171
1.11999511
1.12609863
1.12060546
1.11950683
1.12451171
1.12451171
1.12451171
1.12463378
1.12451171
1.12475585
1.12438964
1.12438964
1.12451171
1.12451171
1.11950683
1.11950683
1.12438964
1.12451171
1.12463378
1.12475585
1.12463378
1.12451171
1.12011718
1.12451171
1.12438964
1.12451171
1.12438964
1.12451171
1.12451171
1.12463378
1.12438964
1.12475585
1.12451171
1.12451171
1.12451171
1.12451171
1.12463378
1.12451171
1.12438964
1.12451171
1.12463378
1.12451171
1.12463378
1.12451171
1.12463378
1.12512207
1.12438964
1.12414550
1.12463378
1.12463378
1.12451171
1.12500000
1.12512207
1.12512207
1.12707519
1.12597656
1.12512207
1.12109375
1.12890625
1.12768554
1.12524414
1.12622070
1.13012695
1.13146972
1.13195800
1.12915039
1.12536621
1.12658691
1.13037109
1.12963867
1.12963867
1.13037109
1.12902832
1.12548828
1.12500000
1.12915039
1.13012695
1.12915039
1.12915039
1.12548828
1.12890625
1.12438964
1.13000488
1.12915039
1.12512207
1.13171386
1.12414550
1.12561035
1.12622070
1.12573242
1.12561035
1.13024902
1.12243652
1.15454101
1.12609863
1.11389160
1.11413574
1.11584472
1.11645507
1.11376953
1.11352539
1.10998535
1.11584472
1.11669921
1.11694335
1.11352539
1.11499023
1.11108398
1.11169433
1.11462402
1.11560058
1.11230468
1.11315917
1.11694335
1.10644531
1.11608886
1.11694335
1.11413574
1.10620117
1.11730957
1.11669921
1.11376953
1.11633300
1.11706542
1.11596679
1.11669921
1.11059570
1.10900878
1.11694335
1.11242675
1.11669921
1.10534667
1.11621093
1.11328125
1.11511230
1.10583496
1.11071777
1.11389160
1.10656738
1.11669921
1.11376953
1.11694335
1.11120605
1.11169433
1.11145019
1.11523437
1.11608886
1.10595703
1.11230468
1.11437988
1.11767578
1.11633300
1.11193847
1.11267089
1.11462402
1.11608886
1.11389160
1.11364746
1.11730957
1.11608886
1.11376953
1.11608886
1.11621093
1.10424804
1.11621093
1.11730957
1.11584472
