1.12011718
1.12011718
1.11999511
1.12011718
1.12011718
1.11987304
1.12475585
1.12487792
1.12463378
1.11975097
1.12487792
1.12438964
1.12036132
1.11999511
1.12500000
1.12451171
1.12451171
1.11999511
1.12023925
1.12011718
1.11987304
1.11999511
1.12500000
1.11987304
1.12011718
1.12463378
1.12451171
1.12500000
1.12524414
1.12451171
1.12512207
1.12451171
1.12512207
1.12512207
1.11962890
1.12500000
1.12500000
1.11999511
1.12463378
1.12500000
1.12011718
1.12475585
1.12512207
1.12512207
1.12487792
1.12512207
1.12451171
1.12426757
1.12475585
1.12512207
1.12512207
1.12475585
1.12451171
1.12512207
1.12463378
1.12451171
1.12451171
1.12451171
1.12463378
1.12475585
1.12402343
1.12463378
1.12414550
1.12524414
1.12512207
1.12426757
1.12585449
1.12561035
1.12597656
1.12841796
1.12939453
1.12902832
1.13256835
1.12927246
1.12841796
1.12878417
1.12280273
1.12487792
1.12939453
1.12646484
1.15246582
1.11938476
1.12414550
1.12963867
1.11328125
1.11267089
1.11743164
1.11279296
1.11303710
1.11267089
1.11254882
1.11267089
1.11315917
1.11279296
1.11315917
1.11315917
1.11315917
1.11328125
1.11340332
1.10937500
1.11071777
1.11132812
1.11010742
1.10729980
1.11596679
1.10925292
1.11132812
1.11059570
1.10900878
1.11230468
1.10791015
1.11242675
1.11218261
1.10876464
1.11083984
1.11157226
1.11096191
1.11206054
1.10998535
1.11071777
1.11083984
1.11584472
1.11120605
1.10913085
1.11157226
1.11157226
1.11035156
1.10839843
1.11083984
1.11657714
1.11206054
1.11145019
1.11193847
1.11193847
1.11096191
1.10900878
1.10729980
1.11108398
1.11022949
1.11193847
1.10864257
1.10705566
1.11193847
1.10021972
1.10986328
1.11010742
1.10546875
1.10839843
1.10815429
1.11218261
1.11169433
1.10705566
1.10900878
1.11059570
1.10900878
1.11206054
1.11059570
1.10888671
1.11169433
1.10192871
1.11169433
1.11120605
1.11145019
1.11132812
1.10852050
1.11157226
1.11181640
1.10925292
1.11193847
1.11181640
1.10986328
1.11206054
1.11132812
1.10864257
1.11096191
1.10986328
1.11047363
1.11071777
1.10925292
1.11206054
1.11230468
1.10913085
1.10986328
1.10668945
1.11181640
1.10913085
1.11218261
1.10058593
1.10400390
1.11279296
1.11145019
1.10839843
1.11059570
1.11145019
1.11145019
1.11169433
1.10803222
1.15600585
1.11291503
1.11120605
