1.12011718
1.12011718
1.11987304
1.11962890
1.12390136
1.12451171
1.11962890
1.12438964
1.12500000
1.11950683
1.12475585
1.12536621
1.12512207
1.12548828
1.12072753
1.12084960
1.12451171
1.12548828
1.12512207
1.12451171
1.12438964
1.12524414
1.12463378
1.12487792
1.12451171
1.12548828
1.12438964
1.12048339
1.12500000
1.12036132
1.12072753
1.12023925
1.12023925
1.12451171
1.12512207
1.12023925
1.11975097
1.12402343
1.12548828
1.12536621
1.12426757
1.12524414
1.12512207
1.12048339
1.12548828
1.12060546
1.12036132
1.12536621
1.12438964
1.12036132
1.12451171
1.12023925
1.12548828
1.12512207
1.12414550
1.12365722
1.12500000
1.12524414
1.12072753
1.12036132
1.12451171
1.12487792
1.12487792
1.12451171
1.12463378
1.12463378
1.12463378
1.12573242
1.12463378
1.12536621
1.11999511
1.11962890
1.12573242
1.12512207
1.12036132
1.12573242
1.12072753
1.12060546
1.12036132
1.11950683
1.12451171
1.12036132
1.11999511
1.12451171
1.12048339
1.12524414
1.12512207
1.12512207
1.12561035
1.11950683
1.12451171
1.12451171
1.12451171
1.12451171
1.12414550
1.12451171
1.12451171
1.12451171
1.12451171
1.12487792
1.12561035
1.12451171
1.12451171
1.12463378
1.12512207
1.12451171
1.12451171
1.12451171
1.12451171
1.12451171
1.12451171
1.12451171
1.12463378
1.12451171
1.12451171
1.12500000
1.12451171
1.12451171
1.12451171
1.12438964
1.12512207
1.12512207
1.12512207
1.12451171
1.12451171
1.12512207
1.12512207
1.12805175
1.12658691
1.12585449
1.12597656
1.12866210
1.12744140
1.12719726
1.12707519
1.12707519
1.12744140
1.12744140
1.12768554
1.12731933
1.12731933
1.12756347
1.12744140
1.12731933
1.12719726
1.12731933
1.12744140
1.12792968
1.12768554
1.12805175
1.12792968
1.12805175
1.12792968
1.11804199
1.12145996
1.12182617
1.12707519
1.13183593
1.12475585
1.12475585
1.12426757
1.12463378
1.12451171
1.12426757
1.12414550
1.12463378
1.12451171
1.12426757
1.12475585
1.12414550
1.12390136
1.12451171
1.12463378
1.12426757
1.12438964
1.12414550
1.12402343
1.12414550
1.12451171
1.12426757
1.12377929
1.12451171
1.12463378
1.12817382
1.12487792
1.12475585
1.12512207
1.12463378
1.12634277
1.12060546
1.12097167
1.12683105
1.12182617
1.12121582
1.12109375
1.12182617
1.12109375
1.12170410
1.12158203
1.12048339
