1.11987304
1.11987304
1.12023925
1.12060546
1.12023925
1.12060546
1.11975097
1.12536621
1.12048339
1.12548828
1.12011718
1.12011718
1.12036132
1.12524414
1.11987304
1.11962890
1.12500000
1.12561035
1.11950683
1.12451171
1.12060546
1.12475585
1.12475585
1.12426757
1.12500000
1.12451171
1.12548828
1.12121582
1.12451171
1.12072753
1.12451171
1.11950683
1.12524414
1.12573242
1.11975097
1.12463378
1.12451171
1.12060546
1.12475585
1.12023925
1.11950683
1.11962890
1.12475585
1.12597656
1.12072753
1.12451171
1.12561035
1.11950683
1.12561035
1.11950683
1.12451171
1.12084960
1.12524414
1.12536621
1.12060546
1.12048339
1.12426757
1.12573242
1.11962890
1.12536621
1.11975097
1.12487792
1.12426757
1.12438964
1.12463378
1.12548828
1.12048339
1.12023925
1.12048339
1.12536621
1.11999511
1.12451171
1.12060546
1.12011718
1.12451171
1.12475585
1.12451171
1.12011718
1.12451171
1.12451171
1.12451171
1.12451171
1.12451171
1.12463378
1.12451171
1.12451171
1.12451171
1.12451171
1.12451171
1.12451171
1.12475585
1.12451171
1.12451171
1.12451171
1.12426757
1.12451171
1.12451171
1.12451171
1.12451171
1.12451171
1.12451171
1.12451171
1.12451171
1.12451171
1.12451171
1.12451171
1.12500000
1.12414550
1.12402343
1.12426757
1.12414550
1.12475585
1.12573242
1.12585449
1.12585449
1.12597656
1.12658691
1.12658691
1.12548828
1.12707519
1.12756347
1.12756347
1.12646484
1.12756347
1.12756347
1.12695312
1.12744140
1.12744140
1.12658691
1.12756347
1.12768554
1.12805175
1.12939453
1.13061523
1.12792968
1.12841796
1.12805175
1.12902832
1.12878417
1.12829589
1.12854003
1.12792968
1.12768554
1.12878417
1.12902832
1.12744140
1.12951660
1.13000488
1.12902832
1.12561035
1.12963867
1.12536621
1.12866210
1.12585449
1.12963867
1.13061523
1.12890625
1.13012695
1.13073730
1.12646484
1.12121582
1.12475585
1.12658691
1.12536621
1.12658691
1.12561035
1.12487792
1.12634277
1.12170410
1.12121582
1.12585449
1.12207031
1.12194824
1.12158203
1.12133789
1.12121582
1.12646484
1.12207031
1.12158203
1.12145996
1.12158203
1.12145996
1.12133789
1.11975097
1.12500000
1.12475585
1.15209960
1.15258789
1.11767578
1.12207031
1.11791992
1.11804199
1.10778808
1.10839843
1.10778808
1.11279296
1.10852050
1.11364746
1.10803222
1.10876464
