1.12011718
1.12011718
1.11950683
1.11950683
1.12451171
1.11987304
1.11987304
1.12011718
1.11999511
1.11999511
1.11999511
1.11975097
1.11987304
1.12451171
1.12414550
1.11975097
1.12451171
1.12463378
1.12500000
1.11975097
1.12475585
1.11962890
1.12475585
1.12438964
1.11950683
1.12451171
1.12451171
1.12451171
1.12451171
1.12451171
1.12463378
1.12451171
1.12451171
1.12451171
1.12451171
1.12451171
1.12451171
1.12451171
1.12451171
1.12451171
1.12451171
1.12451171
1.12451171
1.12451171
1.12451171
1.12451171
1.12451171
1.12451171
1.12451171
1.12451171
1.12451171
1.12463378
1.12451171
1.12451171
1.12451171
1.12451171
1.12451171
1.12451171
1.12451171
1.12451171
1.12463378
1.12451171
1.12487792
1.12548828
1.12573242
1.12500000
1.12548828
1.12500000
1.13098144
1.13024902
1.12768554
1.12915039
1.13000488
1.12915039
1.12878417
1.13000488
1.13281250
1.12316894
1.12512207
1.13146972
1.13476562
1.13439941
1.13439941
1.12304687
1.13024902
1.13049316
1.15454101
1.12109375
1.11901855
1.10913085
1.10961914
1.11096191
1.11083984
1.10595703
1.10595703
1.11413574
1.11596679
1.11376953
1.11218261
1.11572265
1.11108398
1.11645507
1.10949707
1.11071777
1.11608886
1.11755371
1.11633300
1.11584472
1.11572265
1.11560058
1.11132812
1.11206054
1.11206054
1.11657714
1.10510253
1.11376953
1.11560058
1.11364746
1.11206054
1.11376953
1.11718750
1.11547851
1.11547851
1.11633300
1.11682128
1.11669921
1.10888671
1.11608886
1.11047363
1.11181640
1.11523437
1.11071777
1.11645507
1.11193847
1.10681152
1.11462402
1.11499023
1.11169433
1.11584472
1.11120605
1.11596679
1.11218261
1.11181640
1.11596679
1.11596679
1.11621093
1.11376953
1.11987304
1.11694335
1.11462402
1.11657714
1.11706542
1.11535644
1.11108398
1.11645507
1.11120605
1.11706542
1.11206054
1.11584472
1.11010742
1.10656738
1.10449218
1.11633300
1.11682128
1.10644531
1.10900878
1.10644531
1.15661621
1.11633300
1.10571289
1.11633300
1.11584472
1.11669921
1.11669921
1.11547851
1.11633300
1.11669921
1.11206054
1.11584472
1.11560058
1.11499023
1.11657714
1.11523437
1.11657714
1.10363769
1.11462402
1.11657714
1.11157226
1.11340332
1.11657714
1.11669921
1.11572265
1.11657714
1.11657714
1.11169433
1.11376953
1.11132812
1.11120605
1.11132812
1.10583496
