1.25830078
1.26477050
1.26159667
1.26159667
1.27319335
1.26403808
1.26257324
1.25988769
1.26867675
1.26245117
1.25756835
1.27355957
1.27941894
1.26232910
1.25634765
1.26379394
1.25976562
1.25476074
1.25097656
1.25878906
1.27685546
1.25256347
1.25842285
1.26940917
1.25854492
1.26635742
1.25708007
1.27331542
1.26245117
1.27380371
1.26208496
1.26635742
1.25634765
1.26196289
1.27075195
1.27514648
1.25903320
1.27136230
1.25756835
1.27209472
1.26245117
1.26379394
1.26232910
1.25866699
1.26586914
1.26501464
1.25634765
1.25537109
1.26354980
1.26269531
1.25708007
1.26354980
1.26159667
1.26684570
1.26123046
1.26257324
1.28637695
1.26269531
1.26245117
1.25915527
1.26354980
1.26599121
1.26550292
1.26721191
1.26953125
1.26367187
1.25988769
1.27563476
1.25634765
1.26000976
1.27319335
1.26245117
1.26232910
1.25756835
1.28015136
1.27648925
1.27905273
1.27453613
1.25756835
1.26086425
1.27868652
1.26843261
1.27270507
1.27075195
1.26196289
1.26513671
1.26098632
1.26757812
1.28100585
1.25878906
1.26782226
1.25952148
1.25769042
1.26269531
1.26843261
1.27294921
1.25866699
1.26660156
1.25634765
1.25842285
1.27404785
1.26123046
1.26123046
1.25878906
1.28771972
1.28173828
1.26110839
1.28515625
1.25830078
1.26721191
1.26257324
1.27612304
1.26599121
1.27343750
1.25744628
1.26721191
1.26977539
1.27136230
1.28405761
1.25488281
1.27319335
1.25866699
1.25744628
1.26232910
1.26989746
1.26782226
1.27563476
1.27502441
1.26110839
1.26965332
1.28161621
1.26330566
1.28161621
1.25183105
1.27429199
1.25988769
1.26318359
1.26379394
1.26953125
1.26257324
1.26696777
1.25952148
1.26147460
1.26477050
1.26171875
1.26000976
1.26110839
1.26245117
1.26513671
1.24853515
1.26684570
1.25891113
1.25720214
1.25988769
1.26660156
1.25585937
1.26110839
1.25988769
1.26354980
1.25256347
1.27319335
1.26757812
1.28283691
1.25573730
1.26147460
1.26000976
1.26550292
1.26672363
1.27136230
1.27294921
1.27807617
1.25927734
1.27380371
1.26184082
1.26501464
1.25634765
1.26232910
1.26000976
1.26416015
1.25878906
1.27746582
1.27148437
1.28186035
1.26428222
1.26269531
1.26232910
1.25988769
1.25952148
1.26354980
1.26611328
1.25988769
1.26562500
1.26306152
1.25756835
1.26306152
1.25781250
1.26147460
1.25976562
1.26428222
1.26074218
