1.26367187
1.25866699
1.26354980
1.26672363
1.27563476
1.25500488
1.25427246
1.26843261
1.26159667
1.25769042
1.26550292
1.27819824
1.25866699
1.25781250
1.25500488
1.26989746
1.24621582
1.25756835
1.26025390
1.25817871
1.27868652
1.26318359
1.28527832
1.25500488
1.27685546
1.26928710
1.27770996
1.26696777
1.26794433
1.25695800
1.26562500
1.27307128
1.28698730
1.26428222
1.26831054
1.27075195
1.26074218
1.28295898
1.27258300
1.25451660
1.28649902
1.25549316
1.27807617
1.27441406
1.26000976
1.26013183
1.26684570
1.25585937
1.27697753
1.26501464
1.25585937
1.27807617
1.26000976
1.25817871
1.26586914
1.26110839
1.25939941
1.26110839
1.26000976
1.25891113
1.25744628
1.25842285
1.27270507
1.28039550
1.25610351
1.26000976
1.25659179
1.25988769
1.25903320
1.25866699
1.26196289
1.26672363
1.26318359
1.27636718
1.25903320
1.28405761
1.26965332
1.25256347
1.26245117
1.26000976
1.25256347
1.28527832
1.28637695
1.27319335
1.27343750
1.25378417
1.26440429
1.26489257
1.26843261
1.25878906
1.25512695
1.25927734
1.26281738
1.27148437
1.27929687
1.27661132
1.27636718
1.25830078
1.26477050
1.26525878
1.27197265
1.27905273
1.28637695
1.26159667
1.25866699
1.25390625
1.26477050
1.26257324
1.26354980
1.26794433
1.27258300
1.25976562
1.26464843
1.27966308
1.26354980
1.26184082
1.26086425
1.27563476
1.26354980
1.28649902
1.26599121
1.27514648
1.27880859
1.25842285
1.25659179
1.27319335
1.27197265
1.28454589
1.28759765
1.27001953
1.27612304
1.26354980
1.28527832
1.26196289
1.25915527
1.27685546
1.26416015
1.27441406
1.27441406
1.26000976
1.26110839
1.25854492
1.25744628
1.26330566
1.26074218
1.25878906
1.26428222
1.27502441
1.26306152
1.26440429
1.25756835
1.26391601
1.25866699
1.26159667
1.26196289
1.26354980
1.25854492
1.26354980
1.25988769
1.27331542
1.27551269
1.27758789
1.27514648
1.26354980
1.26281738
1.26318359
1.25866699
1.25988769
1.27685546
1.25830078
1.27246093
1.26806640
1.26171875
1.26428222
1.26818847
1.26232910
1.25988769
1.27319335
1.25793457
1.27807617
1.26232910
1.26342773
1.28625488
1.26184082
1.25976562
1.26464843
1.26354980
1.26025390
1.26196289
1.26953125
1.27148437
1.28588867
1.26354980
1.26306152
1.25866699
1.26000976
1.25622558
1.26232910
1.26599121
1.27124023
