1.26184082
1.26245117
1.27319335
1.27697753
1.26196289
1.26574707
1.27563476
1.25878906
1.26110839
1.25781250
1.26354980
1.26843261
1.28601074
1.28015136
1.26245117
1.27270507
1.26232910
1.27832031
1.26843261
1.29272460
1.26232910
1.27380371
1.27783203
1.27758789
1.25097656
1.27294921
1.26708984
1.27917480
1.26953125
1.26623535
1.25964355
1.26831054
1.26000976
1.26684570
1.26428222
1.27673339
1.25878906
1.25708007
1.26306152
1.26599121
1.26232910
1.26281738
1.27307128
1.25866699
1.26062011
1.25756835
1.26428222
1.25854492
1.25268554
1.26916503
1.26098632
1.25988769
1.26477050
1.26232910
1.26477050
1.25598144
1.26135253
1.25866699
1.26354980
1.25988769
1.26025390
1.26574707
1.25756835
1.26733398
1.25927734
1.25610351
1.25793457
1.26306152
1.26440429
1.27673339
1.25683593
1.27966308
1.27807617
1.26232910
1.25952148
1.26074218
1.25866699
1.25756835
1.26489257
1.25610351
1.25903320
1.26232910
1.25952148
1.26708984
1.25988769
1.28515625
1.26159667
1.26562500
1.26245117
1.26245117
1.27880859
1.26489257
1.26892089
1.27307128
1.25903320
1.26928710
1.25500488
1.25866699
1.26928710
1.27075195
1.26513671
1.28417968
1.27014160
1.25988769
1.26831054
1.26501464
1.26196289
1.26562500
1.25659179
1.24499511
1.27429199
1.27172851
1.25915527
1.26684570
1.25695800
1.26086425
1.25878906
1.27673339
1.26196289
1.27819824
1.25817871
1.26489257
1.27441406
1.28527832
1.27441406
1.27197265
1.26928710
1.26220703
1.24267578
1.27868652
1.26037597
1.26110839
1.26586914
1.25500488
1.26464843
1.26049804
1.26464843
1.25976562
1.25866699
1.26110839
1.26110839
1.26733398
1.26110839
1.26843261
1.26843261
1.26123046
1.26110839
1.27563476
1.26110839
1.26049804
1.26342773
1.26647949
1.26062011
1.26000976
1.28527832
1.26953125
1.26062011
1.26110839
1.26708984
1.26025390
1.26257324
1.27282714
1.27441406
1.26477050
1.27429199
1.26098632
1.25854492
1.26098632
1.27319335
1.27355957
1.27465820
1.26611328
1.25793457
1.26354980
1.27282714
1.27343750
1.26794433
1.27087402
1.26245117
1.27062988
1.26635742
1.26110839
1.25854492
1.25512695
1.27062988
1.25744628
1.26342773
1.26306152
1.26440429
1.28332519
1.27014160
1.26745605
1.28527832
1.26367187
1.25915527
1.26220703
1.25866699
1.26123046
1.25720214
1.25854492
