1.26892089
1.26550292
1.27380371
1.25305175
1.26831054
1.25854492
1.27197265
1.26770019
1.25439453
1.25463867
1.26000976
1.27319335
1.27319335
1.27087402
1.26086425
1.27514648
1.27294921
1.27209472
1.26232910
1.28662109
1.29113769
1.26477050
1.26000976
1.28906250
1.27343750
1.27355957
1.27478027
1.25988769
1.26721191
1.28662109
1.26110839
1.27795410
1.26232910
1.25781250
1.25866699
1.25744628
1.25842285
1.27246093
1.25878906
1.26855468
1.26232910
1.27075195
1.25598144
1.26318359
1.26379394
1.26184082
1.27087402
1.26281738
1.27197265
1.25610351
1.25878906
1.26599121
1.26794433
1.27319335
1.25390625
1.25903320
1.25903320
1.26110839
1.25769042
1.26269531
1.24475097
1.25988769
1.25878906
1.27490234
1.26953125
1.28747558
1.25756835
1.26330566
1.26525878
1.26000976
1.26245117
1.27197265
1.28405761
1.25927734
1.26708984
1.26806640
1.25793457
1.26525878
1.27270507
1.26318359
1.27197265
1.26110839
1.26342773
1.25903320
1.25988769
1.27795410
1.25708007
1.26757812
1.26611328
1.25817871
1.26599121
1.27246093
1.25622558
1.26599121
1.27209472
1.26232910
1.26110839
1.27453613
1.25988769
1.28649902
1.26892089
1.27050781
1.25500488
1.26110839
1.27697753
1.26391601
1.28869628
1.25793457
1.26123046
1.25781250
1.25793457
1.24255371
1.25878906
1.26000976
1.26086425
1.25720214
1.26489257
1.26623535
1.26464843
1.26489257
1.26953125
1.26281738
1.26000976
1.26110839
1.26464843
1.25854492
1.26477050
1.26354980
1.26574707
1.26342773
1.26379394
1.25720214
1.27624511
1.26232910
1.26147460
1.27636718
1.26660156
1.28588867
1.25988769
1.27014160
1.26110839
1.26440429
1.27075195
1.27294921
1.26354980
1.26599121
1.26354980
1.26831054
1.27441406
1.26965332
1.26623535
1.25830078
1.26879882
1.26831054
1.25854492
1.27563476
1.27246093
1.26354980
1.27514648
1.25830078
1.25866699
1.25976562
1.26281738
1.27038574
1.26806640
1.26367187
1.26342773
1.27075195
1.26232910
1.26232910
1.25988769
1.26123046
1.26599121
1.27600097
1.25878906
1.25915527
1.26110839
1.26757812
1.26367187
1.26599121
1.26416015
1.25988769
1.26110839
1.25732421
1.26354980
1.26428222
1.25781250
1.25646972
1.25854492
1.28173828
1.25964355
1.25634765
1.26269531
1.26953125
1.27600097
1.26257324
1.26245117
1.25988769
1.25988769
1.29357910
