1.26123046
1.26477050
1.25744628
1.25988769
1.27319335
1.28112792
1.27416992
1.27099609
1.28857421
1.26354980
1.26916503
1.26025390
1.27087402
1.25988769
1.26599121
1.26123046
1.26354980
1.24926757
1.25793457
1.25720214
1.26806640
1.25866699
1.26391601
1.25756835
1.26110839
1.28222656
1.26354980
1.26831054
1.26879882
1.26770019
1.26245117
1.27453613
1.26184082
1.26123046
1.27893066
1.25915527
1.27478027
1.27612304
1.26110839
1.25976562
1.25854492
1.26831054
1.27160644
1.27441406
1.28442382
1.28894042
1.26062011
1.24572753
1.25463867
1.27490234
1.27990722
1.25744628
1.27136230
1.27697753
1.27075195
1.26159667
1.27197265
1.27062988
1.24829101
1.26379394
1.26940917
1.27319335
1.28747558
1.26123046
1.25854492
1.25866699
1.25915527
1.26562500
1.28674316
1.25585937
1.26782226
1.27661132
1.26245117
1.26623535
1.26074218
1.26245117
1.26843261
1.27429199
1.28405761
1.28759765
1.25976562
1.26440429
1.25854492
1.25781250
1.27246093
1.26037597
1.27441406
1.28723144
1.25866699
1.26245117
1.27148437
1.27087402
1.27062988
1.28259277
1.27917480
1.26354980
1.26049804
1.27441406
1.25756835
1.28527832
1.27917480
1.26245117
1.26208496
1.27429199
1.26965332
1.26586914
1.27160644
1.26513671
1.26220703
1.26477050
1.25988769
1.26538085
1.25524902
1.25354003
1.27905273
1.27758789
1.26586914
1.27587890
1.26000976
1.24511718
1.26000976
1.26354980
1.26501464
1.26843261
1.26269531
1.26245117
1.27319335
1.28405761
1.26452636
1.28649902
1.28186035
1.27307128
1.27099609
1.26098632
1.25500488
1.27404785
1.26123046
1.26635742
1.26989746
1.26379394
1.27062988
1.26831054
1.26196289
1.25756835
1.26318359
1.25866699
1.25634765
1.26110839
1.25988769
1.28771972
1.27453613
1.27197265
1.26037597
1.26159667
1.25878906
1.26147460
1.25878906
1.27673339
1.26245117
1.26574707
1.26135253
1.26928710
1.27185058
1.26245117
1.25903320
1.25390625
1.26354980
1.25439453
1.25866699
1.27062988
1.25988769
1.26232910
1.25622558
1.26110839
1.25622558
1.26232910
1.25622558
1.27880859
1.26232910
1.26037597
1.25781250
1.25939941
1.25256347
1.25695800
1.26831054
1.26220703
1.25854492
1.27758789
1.26953125
1.26123046
1.26000976
1.28503417
1.25415039
1.27038574
1.25646972
1.26770019
1.27258300
1.26232910
1.26818847
1.26342773
