1.25854492
1.26367187
1.26538085
1.26000976
1.25988769
1.26062011
1.26110839
1.27099609
1.26843261
1.25683593
1.26513671
1.25866699
1.27319335
1.26000976
1.27001953
1.26354980
1.26306152
1.28161621
1.26806640
1.27075195
1.26489257
1.25866699
1.26391601
1.25988769
1.26000976
1.27575683
1.27441406
1.26562500
1.26062011
1.25866699
1.25891113
1.25622558
1.25683593
1.26831054
1.27343750
1.25805664
1.25646972
1.26269531
1.26098632
1.25866699
1.27185058
1.25988769
1.27893066
1.26562500
1.26159667
1.26354980
1.27136230
1.27551269
1.26196289
1.26318359
1.28405761
1.25341796
1.26501464
1.26477050
1.28137207
1.26062011
1.27880859
1.26232910
1.26562500
1.25756835
1.26831054
1.25866699
1.25756835
1.27673339
1.26916503
1.27197265
1.26953125
1.26953125
1.27563476
1.27099609
1.26110839
1.26916503
1.26513671
1.27551269
1.25878906
1.26843261
1.26367187
1.25976562
1.26123046
1.26794433
1.27441406
1.27648925
1.27270507
1.25744628
1.25866699
1.27490234
1.26721191
1.27233886
1.28637695
1.26647949
1.26245117
1.27258300
1.25964355
1.26074218
1.27319335
1.25866699
1.27441406
1.27185058
1.26684570
1.26013183
1.26257324
1.26440429
1.27441406
1.27075195
1.26940917
1.25903320
1.26770019
1.26086425
1.26354980
1.25671386
1.25988769
1.26599121
1.26000976
1.27587890
1.25866699
1.27734375
1.25866699
1.26147460
1.26354980
1.25830078
1.26464843
1.26489257
1.27490234
1.26843261
1.25830078
1.25866699
1.26110839
1.25866699
1.28637695
1.29040527
1.25976562
1.26037597
1.25988769
1.27343750
1.26196289
1.26245117
1.26184082
1.27075195
1.26684570
1.25866699
1.27319335
1.26843261
1.25903320
1.26721191
1.25866699
1.26232910
1.26342773
1.26416015
1.26831054
1.25976562
1.25866699
1.26831054
1.25988769
1.26110839
1.27758789
1.27648925
1.26477050
1.25512695
1.25854492
1.26062011
1.27575683
1.26196289
1.27685546
1.26416015
1.25769042
1.25866699
1.28283691
1.25842285
1.27673339
1.26110839
1.27441406
1.27758789
1.27453613
1.27380371
1.25012207
1.27758789
1.25915527
1.26440429
1.26586914
1.27307128
1.28149414
1.26245117
1.26806640
1.26196289
1.26391601
1.27795410
1.26354980
1.26672363
1.25854492
1.25805664
1.26257324
1.25622558
1.27099609
1.24621582
1.26489257
1.27685546
1.25891113
1.26269531
1.28198242
1.26513671
