1.26647949
1.26757812
1.26354980
1.25756835
1.27429199
1.26245117
1.25964355
1.27136230
1.27563476
1.25634765
1.26855468
1.25695800
1.27807617
1.25732421
1.25354003
1.26464843
1.25854492
1.26000976
1.27209472
1.27246093
1.27197265
1.26635742
1.26489257
1.26110839
1.26428222
1.26123046
1.25988769
1.26110839
1.27563476
1.26184082
1.26550292
1.26721191
1.26879882
1.27795410
1.27075195
1.26574707
1.26232910
1.26477050
1.26611328
1.26123046
1.26171875
1.27404785
1.24499511
1.27282714
1.25378417
1.26843261
1.25463867
1.26135253
1.27319335
1.26708984
1.26184082
1.25585937
1.26721191
1.27490234
1.27307128
1.27270507
1.26928710
1.26196289
1.26123046
1.25866699
1.26806640
1.26354980
1.26110839
1.27233886
1.25744628
1.26232910
1.25830078
1.26953125
1.26049804
1.25781250
1.28747558
1.26745605
1.26928710
1.27539062
1.26269531
1.26074218
1.26342773
1.26586914
1.25903320
1.26586914
1.27319335
1.27087402
1.27148437
1.26062011
1.27746582
1.24829101
1.27685546
1.26550292
1.26599121
1.25354003
1.27526855
1.27197265
1.25732421
1.26318359
1.25976562
1.26123046
1.26733398
1.25805664
1.28137207
1.28649902
1.27722167
1.26477050
1.27209472
1.27209472
1.26843261
1.28247070
1.26062011
1.26232910
1.27209472
1.26123046
1.26672363
1.27209472
1.26245117
1.27441406
1.25292968
1.27539062
1.27355957
1.25866699
1.27441406
1.28454589
1.25219726
1.25988769
1.25622558
1.26599121
1.26086425
1.26196289
1.25976562
1.25830078
1.27575683
1.26464843
1.26794433
1.26306152
1.25891113
1.27075195
1.26647949
1.27453613
1.27014160
1.27319335
1.26843261
1.26464843
1.26245117
1.25830078
1.26147460
1.24694824
1.26025390
1.26403808
1.27429199
1.26708984
1.26232910
1.26354980
1.26989746
1.27343750
1.25976562
1.25756835
1.26831054
1.26794433
1.27563476
1.25769042
1.27221679
1.26281738
1.27258300
1.26232910
1.26354980
1.25805664
1.28637695
1.26538085
1.26367187
1.25622558
1.26379394
1.26110839
1.25708007
1.26135253
1.26977539
1.25830078
1.25866699
1.25427246
1.26721191
1.25854492
1.26391601
1.25390625
1.27197265
1.25512695
1.29016113
1.25915527
1.26232910
1.25817871
1.26232910
1.25708007
1.26245117
1.25866699
1.28527832
1.25598144
1.26586914
1.26110839
1.27197265
1.27258300
1.26354980
1.26367187
1.25622558
1.26440429
