1.26562500
1.26110839
1.26342773
1.26989746
1.26000976
1.25634765
1.27111816
1.27197265
1.27880859
1.27709960
1.26574707
1.25878906
1.26574707
1.26000976
1.26452636
1.26354980
1.26586914
1.28771972
1.26354980
1.25488281
1.27343750
1.26562500
1.28173828
1.27087402
1.26489257
1.26342773
1.27075195
1.28698730
1.26684570
1.25744628
1.25585937
1.26330566
1.25598144
1.26843261
1.25903320
1.25354003
1.25988769
1.25756835
1.27331542
1.26000976
1.26232910
1.27294921
1.28527832
1.26000976
1.26135253
1.27600097
1.27307128
1.26708984
1.25866699
1.27685546
1.25854492
1.25988769
1.26428222
1.26684570
1.26599121
1.24829101
1.27465820
1.25744628
1.26501464
1.26232910
1.25781250
1.25878906
1.25976562
1.27685546
1.25915527
1.26733398
1.26440429
1.26379394
1.27197265
1.25988769
1.27636718
1.26184082
1.27331542
1.26611328
1.26892089
1.26245117
1.26501464
1.26342773
1.26110839
1.27246093
1.27465820
1.25756835
1.27197265
1.27197265
1.25585937
1.27526855
1.27575683
1.28173828
1.28698730
1.27368164
1.28527832
1.27050781
1.25830078
1.26953125
1.26354980
1.26196289
1.27014160
1.25939941
1.26110839
1.26782226
1.27551269
1.25817871
1.25891113
1.26782226
1.26110839
1.26257324
1.25988769
1.27441406
1.25988769
1.27868652
1.26135253
1.26953125
1.27209472
1.26989746
1.26098632
1.26794433
1.26025390
1.28186035
1.26110839
1.27209472
1.26306152
1.27941894
1.26135253
1.25878906
1.26525878
1.25854492
1.26477050
1.25793457
1.26623535
1.26513671
1.27770996
1.25878906
1.26440429
1.27270507
1.26098632
1.28759765
1.26037597
1.26733398
1.28405761
1.27075195
1.27526855
1.26818847
1.27673339
1.26171875
1.28527832
1.26025390
1.26391601
1.27209472
1.25878906
1.26342773
1.25878906
1.26025390
1.25976562
1.28039550
1.26586914
1.25976562
1.25671386
1.26428222
1.26232910
1.25866699
1.26196289
1.26672363
1.28430175
1.28784179
1.27465820
1.27270507
1.26354980
1.26354980
1.26660156
1.26635742
1.28479003
1.27722167
1.25866699
1.26672363
1.27392578
1.26354980
1.25891113
1.26428222
1.26354980
1.25109863
1.26940917
1.26379394
1.26354980
1.25878906
1.26721191
1.25976562
1.26123046
1.26220703
1.25854492
1.26440429
1.28186035
1.25988769
1.26245117
1.27294921
1.25866699
1.26171875
1.26110839
1.26672363
1.26953125
1.27441406
