1.26501464
1.27441406
1.26123046
1.26843261
1.27319335
1.26831054
1.26135253
1.26696777
1.25939941
1.26318359
1.25988769
1.28454589
1.26123046
1.24853515
1.26464843
1.25708007
1.26599121
1.26232910
1.26391601
1.25854492
1.26599121
1.25756835
1.26538085
1.26196289
1.26098632
1.25854492
1.26953125
1.26110839
1.26123046
1.26477050
1.26171875
1.25854492
1.26757812
1.26489257
1.25891113
1.25866699
1.26452636
1.26379394
1.27416992
1.27185058
1.26025390
1.26269531
1.26232910
1.26794433
1.26342773
1.27905273
1.27673339
1.26110839
1.27307128
1.25524902
1.25512695
1.27124023
1.27661132
1.26025390
1.26184082
1.26806640
1.26501464
1.28637695
1.25549316
1.27197265
1.25903320
1.27648925
1.26354980
1.26867675
1.25952148
1.27307128
1.27307128
1.27209472
1.26232910
1.26684570
1.25976562
1.26464843
1.27185058
1.26843261
1.25549316
1.26745605
1.25183105
1.27172851
1.27209472
1.25756835
1.26477050
1.25732421
1.25756835
1.26818847
1.26074218
1.27441406
1.26953125
1.27331542
1.26257324
1.25793457
1.25903320
1.25708007
1.25964355
1.26147460
1.26721191
1.27575683
1.26354980
1.27648925
1.26379394
1.26013183
1.26403808
1.26281738
1.26135253
1.26147460
1.27111816
1.26000976
1.28662109
1.25854492
1.27197265
1.26245117
1.26464843
1.26354980
1.28771972
1.27795410
1.25109863
1.26062011
1.25561523
1.25769042
1.27832031
1.26074218
1.27050781
1.25537109
1.26245117
1.25988769
1.28979492
1.26123046
1.27136230
1.26464843
1.28100585
1.28649902
1.27453613
1.27673339
1.26586914
1.26269531
1.27319335
1.26354980
1.25866699
1.25781250
1.26953125
1.27294921
1.27465820
1.26989746
1.28173828
1.26184082
1.25976562
1.25866699
1.26379394
1.26574707
1.26123046
1.27770996
1.26342773
1.27148437
1.25793457
1.25988769
1.26025390
1.25830078
1.25915527
1.25866699
1.26147460
1.26110839
1.25891113
1.25939941
1.25854492
1.25769042
1.26196289
1.25854492
1.26171875
1.27392578
1.25842285
1.26184082
1.25830078
1.26208496
1.27026367
1.26049804
1.26452636
1.26708984
1.27807617
1.26965332
1.25976562
1.26867675
1.26013183
1.26086425
1.26428222
1.26000976
1.26318359
1.25878906
1.26440429
1.26196289
1.26879882
1.27087402
1.26098632
1.27197265
1.28637695
1.26623535
1.26184082
1.27233886
1.26684570
1.26416015
1.26245117
1.25756835
