1.27294921
1.25952148
1.25854492
1.26232910
1.26232910
1.26123046
1.26782226
1.27575683
1.26159667
1.26232910
1.27197265
1.26354980
1.26269531
1.26110839
1.26367187
1.27563476
1.26354980
1.28002929
1.26123046
1.25988769
1.26354980
1.25891113
1.25964355
1.26074218
1.26220703
1.25866699
1.25878906
1.26098632
1.26245117
1.25891113
1.27160644
1.27209472
1.25817871
1.27514648
1.27856445
1.28173828
1.26110839
1.26025390
1.26599121
1.25866699
1.27404785
1.27282714
1.25891113
1.27160644
1.27929687
1.26318359
1.26721191
1.28649902
1.25952148
1.27160644
1.25634765
1.26684570
1.25646972
1.28137207
1.25866699
1.27294921
1.25720214
1.28259277
1.26953125
1.27441406
1.25720214
1.26623535
1.25903320
1.25866699
1.26428222
1.26025390
1.24829101
1.26684570
1.25683593
1.25585937
1.26171875
1.27075195
1.25988769
1.26513671
1.25695800
1.27746582
1.25866699
1.27551269
1.26257324
1.25988769
1.25793457
1.26354980
1.25988769
1.25878906
1.25903320
1.25988769
1.26806640
1.26599121
1.27563476
1.26208496
1.25964355
1.26098632
1.27441406
1.27563476
1.25866699
1.28649902
1.27075195
1.27185058
1.25512695
1.26135253
1.27368164
1.26879882
1.27758789
1.25915527
1.26135253
1.25720214
1.26599121
1.28601074
1.27905273
1.26452636
1.26147460
1.26721191
1.26489257
1.26489257
1.25903320
1.26879882
1.27331542
1.27441406
1.28442382
1.26586914
1.27185058
1.27563476
1.26000976
1.26232910
1.27258300
1.26135253
1.25988769
1.26171875
1.27319335
1.25952148
1.27185058
1.27441406
1.25756835
1.26611328
1.25927734
1.26354980
1.26501464
1.25866699
1.26721191
1.26000976
1.26354980
1.27685546
1.25939941
1.25854492
1.27404785
1.25634765
1.25634765
1.25854492
1.26501464
1.25976562
1.27636718
1.25952148
1.26501464
1.27319335
1.28161621
1.29016113
1.26086425
1.26721191
1.27282714
1.25622558
1.26257324
1.28649902
1.27307128
1.26428222
1.25866699
1.25866699
1.26513671
1.27514648
1.26049804
1.29138183
1.25622558
1.26000976
1.25830078
1.25952148
1.26000976
1.25866699
1.26867675
1.27539062
1.26562500
1.27246093
1.26232910
1.28784179
1.27331542
1.28247070
1.26074218
1.25854492
1.28161621
1.28649902
1.26037597
1.27600097
1.26220703
1.25964355
1.25537109
1.25769042
1.27258300
1.26159667
1.25219726
1.26379394
1.26354980
1.26049804
