1.13366699
1.13684082
1.13366699
1.12988281
1.13256835
1.14147949
1.13574218
1.13696289
1.13061523
1.13146972
1.13562011
1.13061523
1.13220214
1.13208007
1.13183593
1.13940429
1.13146972
1.13500976
1.13537597
1.13549804
1.13549804
1.13012695
1.13293457
1.13195800
1.13098144
1.13195800
1.13269042
1.13061523
1.13354492
1.13354492
1.13342285
1.13415527
1.13134765
1.13317871
1.13049316
1.13989257
1.13330078
1.13281250
1.13525390
1.13110351
1.13610839
1.13232421
1.13037109
1.13220214
1.13500976
1.13256835
1.13391113
1.13781738
1.13330078
1.13256835
1.13391113
1.12927246
1.13000488
1.13244628
1.13842773
1.13342285
1.13500976
1.13220214
1.13159179
1.13134765
1.13073730
1.13269042
1.13305664
1.13525390
1.12988281
1.13269042
1.13073730
1.13269042
1.13195800
1.13208007
1.13586425
1.13391113
1.13403320
1.13293457
1.13684082
1.13244628
1.13732910
1.13183593
1.13256835
1.13452148
1.13403320
1.13342285
1.13195800
1.13122558
1.13476562
1.13085937
1.13171386
1.13281250
1.13171386
1.13537597
1.13146972
1.13427734
1.13513183
1.13061523
1.13403320
1.13916015
1.13598632
1.13757324
1.13195800
1.13476562
1.13305664
1.13256835
1.13244628
1.13745117
1.13073730
1.13195800
1.13024902
1.13549804
1.14196777
1.13537597
1.13281250
1.13500976
1.13269042
1.13256835
1.13793945
1.13562011
1.13244628
1.13354492
1.13110351
1.13439941
1.13903808
1.13659667
1.13342285
1.13256835
1.13232421
1.13293457
1.13806152
1.13000488
1.13110351
1.13989257
1.13256835
1.13684082
1.13049316
1.13085937
1.13354492
1.13305664
1.13122558
1.13244628
1.13269042
1.13500976
1.13293457
1.13073730
1.13574218
1.13159179
1.14038085
1.13037109
1.13427734
1.13684082
1.13598632
1.13000488
1.13000488
1.13647460
1.13525390
1.13073730
1.13757324
1.13391113
1.13317871
1.13232421
1.13464355
1.13146972
1.13049316
1.13244628
1.13098144
1.13281250
1.13171386
1.13256835
1.13110351
1.13098144
1.13208007
1.13500976
1.13085937
1.13391113
1.13171386
1.13391113
1.13928222
1.13000488
1.13671875
1.13330078
1.13647460
1.13366699
1.13195800
1.14001464
1.13208007
1.13195800
1.13366699
1.14123535
1.13208007
1.13952636
1.13061523
1.13244628
1.13244628
1.13439941
1.13195800
1.13256835
1.13244628
1.13586425
1.13000488
1.13293457
1.13037109
1.13464355
