1.00280761
1.00341796
1.00231933
1.00549316
1.00207519
.99902343
.99963378
1.00354003
1.00134277
1.00219726
1.01440429
1.00244140
1.00927734
1.01037597
1.01904296
1.01599121
1.01318359
1.01672363
1.01708984
1.02026367
1.00939941
1.01281738
1.02026367
1.01330566
1.01342773
1.01000976
1.01684570
1.00439453
1.00695800
1.01635742
1.00988769
1.01281738
1.00903320
1.01318359
1.01733398
1.00427246
1.01586914
1.00524902
1.01489257
1.01489257
1.01245117
1.01464843
1.01196289
1.01367187
1.00878906
1.01428222
1.01391601
1.01550292
1.01086425
1.01037597
1.01184082
1.00732421
1.01416015
1.01281738
1.01232910
1.01074218
1.01232910
1.00598144
1.00708007
1.01074218
1.01171875
1.00659179
1.01208496
1.01489257
1.01611328
1.01306152
1.01538085
1.01416015
1.00537109
1.00476074
1.01306152
1.04455566
.99755859
.99609375
1.00561523
1.00341796
.99670410
1.00659179
1.00659179
1.00610351
1.00463867
1.00598144
1.00671386
.99938964
1.00683593
1.00646972
.99670410
1.01306152
1.00305175
1.00427246
.99584960
.99621582
1.00000000
1.00122070
1.00109863
.99987792
1.00012207
1.00207519
1.01281738
1.01257324
1.01367187
1.01257324
1.01245117
1.01171875
1.00952148
1.00952148
1.00817871
1.01489257
1.00988769
1.00183105
1.00439453
.99096679
1.00708007
1.00280761
.99865722
.99780273
1.00659179
1.00671386
1.00573730
.99572753
1.01025390
1.00427246
1.01037597
.99926757
1.01232910
1.00061035
1.00537109
.99865722
1.00659179
1.01416015
1.01049804
1.01452636
1.01232910
1.01147460
1.01623535
1.01086425
1.01953125
1.01318359
1.01477050
1.01257324
1.01391601
1.01574707
1.01354980
1.00488281
1.01599121
1.00512695
1.00244140
1.00927734
1.00170898
1.00317382
1.00634765
1.00610351
.99951171
1.00476074
.99548339
1.01171875
1.01232910
.99633789
.99670410
1.00549316
.99731445
1.01086425
1.00488281
1.00305175
.99560546
1.00695800
1.00524902
1.00036621
.99731445
1.00402832
.99475097
1.00561523
1.00732421
1.00549316
.99499511
1.00610351
1.00207519
.99597167
1.00622558
.99670410
1.01623535
1.00341796
1.00500488
1.00244140
1.00415039
1.00024414
1.00537109
1.00256347
1.00488281
1.00720214
1.00561523
1.00439453
1.00256347
1.00659179
1.00354003
1.00683593
1.00610351
1.00744628
1.00427246
1.00317382
