1.01269531
1.01159667
1.01892089
1.01293945
1.01379394
1.01318359
1.01281738
1.01977539
1.01086425
1.01062011
1.01257324
1.01965332
1.00878906
1.00866699
1.01501464
1.01513671
1.00402832
1.01245117
1.01147460
1.01611328
1.01049804
1.01232910
1.00988769
1.00854492
1.00939941
1.01086425
1.01586914
1.01684570
1.01953125
1.01416015
1.01452636
1.01416015
1.01281738
1.01477050
1.01452636
1.01232910
1.01257324
1.00866699
1.01232910
1.01281738
1.01037597
1.00903320
1.00988769
1.01489257
1.01147460
1.00683593
1.01220703
1.01403808
1.01098632
1.01110839
1.01647949
1.01538085
1.01171875
1.01464843
1.01513671
1.01428222
1.01477050
1.01672363
1.01342773
1.00964355
1.00329589
.99804687
1.00524902
1.00000000
1.00781250
.99707031
1.00097656
1.00561523
.99658203
.99975585
1.00744628
1.00671386
.99694824
1.01147460
1.00427246
1.00317382
.99780273
.99584960
.99865722
1.01245117
1.00463867
1.01062011
1.00732421
1.00964355
1.01049804
1.00927734
1.01013183
1.01074218
1.01672363
1.01208496
1.01660156
1.01538085
1.01477050
1.01342773
1.01550292
1.01208496
1.01452636
1.00988769
1.01220703
1.01562500
1.00817871
1.00878906
1.01025390
1.01342773
1.01025390
1.00842285
1.00842285
1.00793457
1.01586914
1.01208496
1.00842285
1.00976562
1.01599121
1.01306152
1.01440429
1.01293945
1.01513671
1.01293945
1.01940917
1.01440429
1.01220703
1.00732421
1.01684570
1.01464843
1.01354980
1.00415039
1.00585937
1.00854492
1.01293945
1.01086425
1.01049804
1.01892089
1.01098632
1.01220703
1.01232910
1.01257324
1.01037597
1.01232910
1.01989746
1.01416015
1.01708984
1.02026367
1.01379394
1.01513671
1.00537109
1.02001953
1.00329589
1.00427246
1.00720214
1.00634765
1.00170898
1.00793457
1.00256347
.99829101
1.00524902
1.00500488
1.00659179
1.00415039
.99560546
1.00561523
1.00463867
1.01049804
.99987792
1.01245117
.99475097
1.00329589
1.00280761
1.00280761
1.00439453
1.01147460
.99499511
1.01403808
1.00927734
1.00634765
1.01452636
1.01538085
1.01940917
1.01000976
1.01440429
1.01452636
1.01269531
1.01416015
1.01635742
1.02014160
1.01770019
1.01342773
1.01123046
1.01208496
1.00976562
1.00952148
1.00976562
1.01232910
1.01013183
1.01208496
1.01293945
1.01513671
1.00573730
1.00646972
1.00561523
1.01184082
