1.01037597
1.01147460
1.01220703
1.00781250
1.01940917
1.01135253
1.01416015
1.01428222
1.01074218
1.01171875
1.01208496
1.01025390
1.01550292
1.00842285
1.01354980
1.00854492
1.01013183
.99548339
1.00549316
1.00476074
1.00610351
.99951171
1.00598144
1.00451660
1.00280761
.99914550
1.00378417
1.00598144
1.00622558
1.00756835
1.00268554
1.00573730
1.00488281
1.00329589
1.00048828
.99755859
1.00085449
1.01245117
1.01330566
1.00585937
1.01867675
1.00793457
1.00695800
1.01428222
1.01037597
1.01416015
1.01171875
1.01599121
1.01916503
1.01477050
1.01147460
1.01892089
1.01635742
1.00463867
1.01525878
1.00854492
1.00439453
1.01306152
1.01379394
1.01049804
1.01123046
1.00952148
1.01074218
1.00573730
1.01086425
1.01574707
1.01477050
1.01904296
1.02001953
1.01318359
1.01171875
1.01977539
1.01342773
1.01281738
1.01306152
1.01489257
1.01806640
1.00610351
1.01013183
1.01110839
1.00927734
1.01269531
1.01013183
1.01013183
1.01135253
1.01074218
1.01000976
1.01208496
1.00891113
1.01318359
1.01843261
1.01123046
1.01330566
1.01501464
1.01403808
1.00854492
1.00524902
1.04357910
1.00256347
1.00488281
.99670410
1.00256347
.99548339
1.00573730
1.00390625
1.00769042
1.00708007
.99597167
.99694824
1.00158691
1.00500488
.99816894
1.00585937
1.00573730
.99816894
1.00622558
1.00842285
1.00317382
.99865722
1.00024414
1.00500488
1.00268554
.99694824
1.00439453
1.00231933
1.01403808
1.01318359
1.00585937
1.00488281
1.01098632
1.01916503
1.01464843
1.01220703
1.01367187
1.01635742
1.01513671
1.01489257
1.00830078
1.01745605
1.01538085
1.01245117
1.00659179
1.01049804
1.01171875
1.01196289
1.01062011
1.01074218
1.01245117
1.01586914
1.00720214
1.01110839
1.01074218
1.01269531
1.01000976
1.01855468
1.01501464
1.01867675
1.01501464
1.01562500
1.01965332
1.01281738
1.01184082
1.00805664
1.00415039
1.00488281
.99914550
1.00646972
.99719238
1.00671386
1.00122070
1.00463867
1.00354003
1.00476074
1.00708007
1.00634765
.99707031
1.00561523
1.00695800
.99816894
1.01208496
1.00439453
1.00158691
1.00500488
1.00415039
1.00439453
1.00610351
1.00891113
1.00500488
1.01074218
1.00952148
1.00781250
1.00610351
1.01501464
1.01513671
1.01293945
1.01513671
1.01281738
1.02026367
1.01562500
1.01293945
