1.01904296
1.01782226
1.01196289
1.01940917
1.01354980
1.01342773
1.01220703
1.01489257
1.01403808
1.00952148
1.01452636
1.00952148
1.01928710
1.01147460
1.01794433
1.01452636
1.01025390
1.01721191
1.00671386
1.00756835
1.00390625
1.01062011
1.00903320
1.01184082
1.01025390
1.01391601
1.01037597
1.01452636
1.02050781
1.01025390
1.01464843
1.01330566
1.00732421
1.01818847
1.01708984
1.01318359
1.01403808
1.01245117
1.00402832
1.00903320
1.01184082
1.01708984
1.01171875
1.01269531
1.01489257
1.00573730
1.01757812
1.01098632
1.01147460
1.00524902
1.00634765
1.01379394
1.00939941
1.01989746
1.01318359
1.01281738
1.01354980
1.01257324
1.01452636
1.01562500
1.01269531
1.02038574
.99890136
1.00683593
1.00756835
1.00561523
1.00463867
1.00634765
.99731445
1.00256347
1.00488281
1.00720214
1.00512695
.99755859
.99890136
.99865722
.99926757
.99670410
1.01074218
1.00122070
1.01074218
.99670410
1.01330566
1.00964355
1.00512695
1.00903320
1.00549316
1.01330566
1.01293945
1.01245117
1.01501464
1.01708984
1.01391601
1.01086425
1.01794433
1.01025390
1.00927734
1.01013183
1.01354980
1.00756835
1.01428222
1.01232910
1.00878906
1.01757812
1.01245117
1.00573730
1.00695800
1.01037597
1.01367187
1.01123046
1.01452636
1.00585937
1.01025390
1.01940917
1.01367187
1.01293945
1.01245117
1.01770019
1.01306152
1.01501464
1.01416015
1.01892089
1.01147460
1.00903320
1.01220703
1.00805664
1.00756835
1.01269531
1.01831054
1.01354980
1.01293945
1.01074218
1.01269531
1.01196289
1.01232910
1.00805664
1.00891113
1.01342773
1.01403808
1.01232910
1.01672363
1.01965332
1.01916503
1.01489257
1.01342773
1.01416015
1.01513671
1.00952148
1.01306152
1.01074218
1.01049804
1.00866699
1.01733398
1.01086425
1.01257324
1.01269531
1.00988769
1.01257324
1.01196289
1.01293945
1.00964355
1.01293945
1.02014160
1.01464843
1.01159667
1.01562500
1.01159667
1.01538085
1.01599121
1.01501464
1.01464843
1.01245117
1.01464843
1.01318359
1.01220703
1.01672363
1.01098632
1.01257324
1.00476074
1.00708007
1.00476074
1.00878906
1.00646972
1.02001953
1.02172851
1.00952148
1.01513671
1.01049804
1.01428222
1.01428222
1.01440429
1.01354980
1.01733398
1.01489257
1.01916503
1.01281738
1.01306152
1.02172851
1.01757812
1.00915527
