.99926757
1.00915527
1.01159667
1.01196289
1.00744628
1.01049804
1.01770019
1.01940917
1.01904296
1.01452636
1.01513671
1.01159667
1.01379394
1.01538085
1.01306152
1.00939941
1.00964355
1.01281738
1.01245117
1.00903320
1.01171875
1.01037597
1.01074218
1.01171875
1.02111816
1.01330566
1.01342773
1.00817871
1.01184082
1.00732421
1.02111816
1.01892089
1.01892089
1.02026367
1.01391601
1.00976562
1.00048828
.99816894
1.01794433
1.00378417
1.00781250
1.00158691
1.00756835
.99682617
.99658203
1.00366210
1.00024414
1.00476074
1.00524902
1.00781250
.99841308
1.00012207
1.00488281
.99890136
.99768066
.99792480
1.00341796
1.00183105
1.01232910
1.00610351
.99804687
1.00903320
1.01306152
1.01440429
1.00817871
1.01147460
1.00939941
1.01391601
1.01196289
1.01269531
1.01379394
1.01391601
1.01452636
1.00769042
1.01293945
1.01550292
1.00732421
1.01379394
1.01123046
1.01037597
1.01159667
1.01391601
1.01452636
1.01147460
1.01281738
1.01684570
1.01098632
1.00903320
1.00683593
1.01062011
1.01220703
1.00854492
1.01342773
1.01013183
1.01525878
1.00927734
1.01586914
1.01452636
1.01513671
1.01330566
1.01416015
1.01745605
1.02148437
1.01696777
1.01403808
1.01025390
1.01428222
1.01086425
1.01159667
1.01501464
1.01184082
1.01147460
1.00683593
1.00585937
1.01074218
1.01391601
1.01806640
1.01818847
1.01416015
1.01977539
1.01977539
1.00781250
1.01306152
1.01171875
1.00561523
1.00463867
1.00146484
1.00720214
1.00671386
.99951171
1.00756835
1.00622558
1.00256347
1.00488281
1.00317382
.99621582
1.01342773
.99902343
1.00610351
1.00561523
.99609375
1.00024414
1.01647949
1.00964355
1.00781250
1.01416015
1.01452636
1.00695800
1.01245117
1.01367187
1.01293945
1.01855468
1.01367187
1.01135253
1.01416015
1.00500488
1.00244140
1.00488281
1.00000000
1.01330566
1.01464843
1.00561523
1.00939941
1.01452636
1.00561523
1.01293945
1.01000976
1.00756835
1.00769042
1.00830078
1.00781250
1.01171875
1.01232910
1.01062011
1.01330566
1.00622558
1.01782226
1.01538085
1.01147460
1.01403808
1.01940917
1.01135253
1.01416015
1.01428222
1.01635742
1.01538085
1.01745605
1.01440429
1.01489257
1.01013183
1.00939941
1.01696777
1.01611328
1.01586914
1.00622558
1.01330566
1.01269531
1.00939941
1.01220703
1.00708007
