1.00878906
1.01147460
1.01306152
1.01843261
1.01940917
1.01281738
1.01306152
1.01367187
1.01501464
1.01428222
1.01245117
1.01379394
1.01220703
1.01501464
1.01977539
1.00573730
1.00903320
1.01269531
1.01416015
1.00769042
1.01489257
1.01086425
1.00952148
1.02099609
1.01135253
1.01171875
1.01098632
1.00964355
1.01953125
1.01184082
1.01501464
1.01232910
1.01550292
1.01672363
1.01550292
1.01562500
1.01464843
1.01428222
1.00805664
.99597167
1.01599121
1.01354980
1.01452636
1.01562500
1.01135253
1.00695800
1.01855468
1.01269531
1.01489257
1.01098632
1.00695800
1.01062011
1.00585937
1.01367187
1.01745605
1.01843261
1.01916503
1.01318359
1.01452636
1.01977539
1.01171875
1.01525878
1.01599121
1.00805664
1.01306152
1.01269531
1.01196289
1.01647949
1.00634765
1.01318359
1.00793457
1.00646972
1.00842285
1.01208496
1.01367187
1.00622558
1.01147460
1.01733398
1.01977539
1.01953125
1.01647949
1.01770019
1.01440429
1.01098632
1.00317382
1.00488281
1.00402832
1.00744628
1.00573730
1.00537109
.99597167
1.00195312
1.00378417
1.00085449
1.00671386
1.00646972
1.00720214
.99768066
1.01110839
1.00720214
1.01245117
1.00439453
.99609375
1.00036621
1.00671386
.99975585
.99707031
1.00671386
1.00122070
1.01159667
1.00878906
1.00708007
1.00769042
1.00646972
1.02087402
1.00964355
1.01269531
1.01379394
1.01477050
1.01525878
1.01940917
1.01293945
1.01391601
1.01452636
1.01879882
1.00158691
1.01599121
1.01696777
1.01208496
1.01794433
1.01269531
1.01110839
1.00622558
1.01257324
1.00573730
1.00927734
1.01391601
1.01501464
1.01403808
1.01062011
1.01623535
1.01403808
1.01013183
1.01428222
1.01513671
1.01440429
1.01330566
1.01269531
1.01525878
1.01416015
1.00256347
1.00415039
1.00329589
1.00708007
.99975585
1.00756835
1.00451660
1.00744628
1.00524902
1.00048828
1.00402832
1.00598144
.99633789
1.00549316
1.00341796
1.00012207
.99755859
1.00549316
.99621582
1.01269531
1.00354003
1.00402832
.99560546
1.00268554
1.00195312
1.00549316
.99731445
1.00903320
1.01428222
1.01354980
1.01599121
1.01892089
1.01501464
1.01428222
1.01208496
1.01452636
1.00903320
1.01599121
1.01245117
1.00842285
1.01464843
1.00415039
1.00488281
1.00427246
1.00805664
1.00061035
1.00451660
1.00598144
.99792480
1.00793457
