1.00598144
1.00720214
1.00708007
1.00012207
1.00366210
1.01342773
1.00683593
1.02014160
1.01416015
1.01501464
1.01110839
1.00817871
1.01293945
1.01501464
1.01452636
1.01281738
1.00671386
1.00537109
1.00927734
1.01611328
1.02075195
1.00830078
1.00537109
1.01574707
1.01574707
1.00830078
1.01489257
1.00878906
1.01232910
1.00402832
1.01147460
1.01049804
1.00488281
1.01452636
1.01416015
1.01318359
1.01770019
1.01794433
1.01452636
1.00830078
1.01550292
1.00781250
.99902343
1.00537109
1.00610351
1.00585937
1.00500488
.99865722
1.00329589
1.00878906
1.00671386
1.00085449
1.00524902
1.00842285
1.00561523
1.00561523
.99597167
1.00781250
.99548339
1.02270507
1.00659179
.99792480
1.00158691
1.01513671
1.01232910
1.01208496
1.01159667
1.00659179
1.00561523
1.01965332
1.01342773
1.01477050
1.00976562
1.01513671
1.01940917
1.01171875
1.00830078
1.01428222
1.01000976
1.01208496
1.00720214
1.01318359
1.01293945
1.00939941
1.01086425
1.00927734
1.00817871
1.01525878
1.01611328
1.01086425
1.00988769
1.01684570
1.00720214
1.01379394
1.01916503
1.01147460
1.01354980
1.01171875
1.01550292
1.01489257
1.00891113
1.01489257
1.01464843
1.01550292
1.00830078
1.02001953
1.01489257
1.01367187
1.00964355
1.01037597
1.01403808
1.01708984
1.01220703
1.00708007
1.01037597
1.01184082
1.01257324
1.00805664
1.00927734
1.01086425
1.01904296
1.01171875
1.01232910
1.01733398
1.01440429
1.00500488
1.00585937
1.00537109
1.01379394
1.01074218
1.01660156
1.00634765
1.01293945
1.00671386
1.00598144
1.01123046
1.01000976
1.01013183
1.01037597
1.01525878
1.01074218
1.00769042
1.01342773
1.01831054
1.01696777
1.02001953
1.01477050
1.01440429
1.01159667
1.01855468
1.02062988
1.02050781
1.01293945
1.00805664
1.01623535
1.01660156
1.01245117
1.01220703
1.01025390
1.00512695
1.00537109
1.00878906
1.01184082
1.01513671
1.01184082
1.01342773
1.01928710
1.01525878
1.01428222
1.01123046
1.01843261
1.00891113
1.01513671
1.00378417
1.00549316
.99841308
.99853515
1.00622558
1.00537109
.99780273
1.00610351
1.00817871
1.00598144
1.00524902
1.00366210
.99853515
1.01184082
.99938964
.99633789
.99853515
1.00891113
1.00598144
1.00573730
1.00488281
1.00488281
1.00695800
.99853515
.99597167
.99914550
1.00390625
