1.00000000
.99768066
1.00622558
1.00866699
1.00036621
1.00244140
1.00585937
1.00512695
1.01074218
.99938964
1.00488281
1.00354003
1.00598144
1.00402832
1.00354003
1.00585937
1.00146484
1.00439453
1.00415039
.99401855
1.00793457
1.00720214
1.00671386
.99658203
1.00634765
.99816894
1.00537109
1.00500488
.99536132
1.00256347
1.01196289
1.00512695
1.01306152
1.00463867
1.00183105
1.00415039
1.00537109
1.01062011
1.00244140
1.00573730
1.01025390
1.00207519
1.00683593
.99853515
.99816894
1.00463867
1.00732421
1.01049804
1.01623535
1.01733398
1.01477050
1.01013183
1.01916503
1.01293945
1.00988769
.99438476
1.00732421
1.00537109
1.00756835
1.00805664
1.00463867
.99865722
1.00280761
.99694824
1.00573730
1.00256347
.99572753
.99865722
1.00598144
1.00427246
1.00024414
1.01660156
1.00451660
1.01599121
.99987792
.99536132
1.00610351
1.00488281
1.00573730
1.01452636
1.01037597
1.01000976
1.00732421
1.01501464
1.01867675
1.01745605
1.02001953
1.01489257
1.01208496
1.01037597
1.01098632
1.00244140
1.00012207
1.00427246
1.00720214
.99853515
1.00012207
1.00158691
1.00646972
1.00378417
1.00659179
1.00427246
1.00622558
1.00524902
.99963378
.99645996
1.00219726
.99536132
.99694824
.99890136
1.00341796
.99780273
.99511718
1.00341796
.99938964
1.00500488
.99743652
1.01635742
1.01062011
1.00097656
1.00512695
.99829101
1.01428222
1.00854492
1.00756835
1.01416015
1.01135253
1.01379394
1.01171875
1.02014160
1.00280761
1.00378417
1.01501464
1.01110839
1.01464843
1.01330566
1.00683593
1.00512695
1.00842285
1.00512695
1.01379394
1.01464843
1.01220703
1.01330566
1.01269531
1.01000976
1.01257324
1.01623535
1.00634765
1.01904296
1.01477050
1.01403808
1.01403808
1.01159667
1.01428222
1.01269531
1.01342773
1.01562500
1.01464843
1.01354980
1.00219726
1.00598144
1.01611328
1.01110839
1.00842285
1.01501464
1.00891113
1.01159667
1.01281738
1.01269531
1.01135253
1.01013183
1.00695800
1.00756835
1.01416015
1.01232910
1.01477050
1.01391601
1.01513671
1.01416015
1.01379394
1.01147460
1.01794433
1.01489257
1.00903320
1.00756835
1.01354980
1.01257324
1.01049804
1.01037597
1.00842285
1.00830078
1.01147460
1.01159667
1.00781250
1.01342773
1.00964355
1.01147460
1.00952148
1.01159667
