1.00756835
1.00561523
1.01049804
1.00610351
1.00793457
1.01330566
1.01086425
1.01306152
1.01745605
1.01513671
1.01843261
1.01843261
1.01293945
1.01757812
1.01477050
1.01818847
1.00842285
1.02062988
1.00683593
1.01293945
1.01367187
1.01147460
1.00500488
1.00708007
1.00915527
1.00927734
1.01037597
1.00610351
1.01489257
1.01220703
1.00964355
1.00769042
1.01269531
1.01306152
1.01379394
1.01086425
1.01403808
1.01452636
1.01281738
1.01501464
1.01574707
1.00415039
1.04931640
1.00561523
.99975585
1.00415039
1.00769042
1.00415039
1.00451660
1.00646972
1.00341796
1.00646972
1.00720214
1.00134277
1.00292968
1.00610351
1.00158691
1.01135253
1.00500488
1.00061035
.99609375
1.00231933
1.01257324
1.00561523
1.00476074
1.00598144
1.00549316
1.00439453
1.01342773
1.01867675
1.01391601
1.01489257
1.01257324
1.01489257
1.01403808
1.01416015
1.01306152
1.01574707
1.00451660
1.01232910
1.01110839
1.01074218
1.00537109
1.01367187
1.01257324
1.00549316
1.01049804
1.01464843
1.01245117
1.01257324
1.00842285
1.01342773
1.01538085
1.00781250
1.00976562
1.01464843
1.01513671
1.01293945
1.01416015
1.00964355
1.01025390
1.02001953
1.00341796
1.00598144
1.00036621
1.00573730
1.00317382
.99853515
1.00671386
1.00537109
1.00720214
1.00524902
1.00390625
1.00219726
1.01245117
1.00769042
1.00634765
1.00390625
1.00610351
1.00048828
1.02197265
1.01208496
1.00122070
1.00341796
.99792480
1.01770019
1.00549316
1.01538085
1.01135253
1.01452636
1.00634765
1.01306152
1.01367187
1.01184082
1.01147460
1.01403808
1.01550292
1.00976562
1.01635742
1.02075195
1.01000976
1.00976562
1.01525878
1.01440429
1.01098632
1.01489257
1.01184082
1.00476074
1.01220703
1.00769042
1.01257324
1.01049804
1.01037597
1.01184082
1.01159667
1.01074218
1.01940917
1.01904296
1.01904296
1.01147460
1.01354980
1.01489257
1.01489257
1.01867675
1.01489257
1.01232910
1.00830078
1.01635742
1.01965332
1.00659179
1.00537109
1.01000976
1.00988769
1.01269531
1.01440429
1.01062011
1.01342773
1.00646972
1.01538085
1.01647949
1.01403808
1.01330566
1.01745605
1.01135253
1.01477050
1.01525878
1.01354980
1.01757812
1.01184082
1.00878906
1.01013183
1.01037597
1.01269531
1.00561523
1.01025390
1.01220703
1.00915527
1.01708984
1.01281738
1.00964355
