1.00585937
1.00671386
.99792480
.99853515
1.00463867
1.00708007
.99633789
1.00170898
1.00292968
1.00463867
1.00537109
.99743652
1.00561523
1.04309082
1.00561523
1.00585937
1.00244140
.99743652
1.00170898
1.00512695
.99633789
1.00695800
1.00415039
1.00610351
.99841308
1.00622558
1.01086425
1.00366210
1.01013183
1.00390625
1.00476074
.99853515
.99902343
.99926757
1.00207519
.99645996
1.01110839
1.01354980
1.01354980
1.01330566
1.00988769
1.00927734
1.01965332
1.01184082
1.01379394
1.01013183
1.01464843
1.01501464
1.01489257
1.01391601
1.01184082
1.01391601
1.00903320
1.00402832
1.00915527
1.01257324
1.00878906
1.00720214
1.01403808
1.02001953
1.01086425
1.01257324
1.01232910
1.01513671
1.01025390
1.01550292
1.01391601
1.01245117
1.01342773
1.01330566
1.01440429
1.01440429
1.01269531
1.01525878
1.01672363
1.01403808
1.00451660
1.00610351
1.00878906
1.00915527
1.01000976
1.00695800
1.01367187
1.01257324
1.01171875
1.01123046
1.01196289
1.01196289
1.01379394
1.01416015
1.01367187
1.01867675
1.01928710
1.01171875
1.01440429
1.01464843
1.01770019
1.01440429
1.01220703
1.01025390
1.01293945
1.00903320
1.01367187
1.00549316
1.00805664
1.00866699
1.01293945
1.01074218
1.01220703
1.00927734
1.01049804
1.01513671
1.00988769
1.01135253
1.00964355
1.01123046
1.01220703
1.01550292
1.01257324
1.01965332
1.01574707
1.01367187
1.01428222
1.01867675
1.01757812
1.01501464
1.01184082
1.00622558
1.01245117
1.00939941
1.01745605
1.00695800
1.00671386
1.01367187
1.01062011
1.01306152
1.00866699
1.01037597
1.00720214
1.01074218
1.01220703
1.01440429
1.01281738
1.01306152
1.01452636
1.02026367
1.01757812
1.01257324
1.00756835
1.00402832
1.00549316
1.00000000
1.00634765
1.00170898
1.00622558
.99768066
1.00146484
.99609375
1.00695800
.99707031
1.00781250
1.00415039
1.00830078
.99645996
1.00256347
1.00598144
1.00451660
.99792480
1.00732421
1.00256347
1.00683593
1.00195312
1.00744628
1.01574707
1.00439453
1.00000000
1.00024414
.99853515
1.00061035
1.00024414
1.00671386
1.00427246
1.01403808
1.01599121
1.01208496
1.01293945
1.01513671
1.01843261
1.01428222
1.00427246
1.00952148
1.00500488
1.00207519
1.00659179
1.00781250
1.00341796
1.00573730
.99804687
.99719238
1.00512695
