1.27294921
1.27441406
1.26562500
1.26611328
1.27404785
1.27404785
1.27062988
1.27014160
1.27526855
1.28283691
1.27941894
1.27124023
1.27246093
1.25598144
1.26831054
1.27221679
1.28295898
1.28271484
1.27111816
1.24389648
1.27392578
1.28173828
1.26672363
1.27172851
1.25585937
1.26928710
1.26367187
1.27294921
1.28295898
1.27185058
1.28381347
1.27978515
1.28173828
1.25744628
1.28125000
1.27404785
1.27282714
1.27355957
1.27404785
1.28173828
1.27221679
1.27160644
1.26916503
1.25390625
1.25964355
1.28332519
1.27197265
1.25964355
1.27331542
1.27124023
1.26477050
1.27783203
1.27282714
1.27343750
1.27502441
1.26867675
1.27160644
1.25512695
1.28149414
1.24279785
1.27404785
1.26147460
1.27185058
1.26098632
1.27258300
1.25708007
1.27526855
1.28527832
1.25781250
1.26208496
1.26794433
1.28051757
1.25402832
1.27160644
1.26501464
1.26538085
1.28540039
1.26953125
1.27221679
1.28503417
1.27893066
1.27526855
1.27307128
1.28295898
1.27270507
1.27648925
1.25646972
1.27160644
1.26318359
1.27160644
1.27160644
1.27404785
1.27087402
1.27282714
1.28198242
1.27160644
1.24633789
1.26904296
1.26086425
1.26391601
1.25646972
1.27392578
1.26770019
1.24938964
1.25244140
1.26318359
1.27441406
1.28210449
1.28051757
1.27575683
1.27380371
1.23571777
1.27648925
1.25793457
1.26806640
1.25622558
1.27502441
1.26440429
1.28063964
1.27185058
1.26806640
1.26342773
1.25476074
1.28198242
1.26538085
1.27197265
1.26953125
1.27404785
1.24926757
1.27416992
1.25732421
1.27392578
1.27502441
1.28027343
1.27514648
1.26281738
1.27331542
1.27282714
1.25964355
1.27539062
1.26171875
1.27404785
1.25878906
1.24829101
1.26342773
1.25830078
1.27526855
1.25927734
1.27258300
1.26708984
1.27233886
1.25988769
1.27807617
1.25573730
1.27197265
1.25817871
1.26391601
1.25817871
1.27343750
1.25952148
1.27294921
1.25634765
1.26953125
1.26892089
1.28283691
1.26367187
1.27648925
1.26599121
1.27502441
1.26672363
1.25231933
1.26794433
1.27404785
1.27282714
1.28051757
1.27380371
1.27868652
1.27416992
1.25903320
1.27416992
1.25683593
1.27404785
1.25598144
1.27563476
1.25744628
1.25817871
1.25976562
1.26806640
1.24719238
1.27294921
1.26586914
1.27172851
1.27136230
1.27014160
1.27282714
1.28283691
1.28051757
1.27124023
1.28515625
1.27160644
