1.25805664
1.27282714
1.27160644
1.26367187
1.26367187
1.27258300
1.27282714
1.27392578
1.26916503
1.27404785
1.26123046
1.26452636
1.26525878
1.26525878
1.26818847
1.27038574
1.26928710
1.25488281
1.27856445
1.27294921
1.26037597
1.26647949
1.24255371
1.26696777
1.26879882
1.25231933
1.27380371
1.27966308
1.26281738
1.26440429
1.27661132
1.27160644
1.28308105
1.26501464
1.27490234
1.26269531
1.27294921
1.28393554
1.26403808
1.27050781
1.26428222
1.27294921
1.28173828
1.27416992
1.28417968
1.27929687
1.27526855
1.27148437
1.27124023
1.27697753
1.26379394
1.25793457
1.27416992
1.26867675
1.28918457
1.27416992
1.26062011
1.28796386
1.27294921
1.25231933
1.27539062
1.24914550
1.25646972
1.27380371
1.27270507
1.26940917
1.26684570
1.27099609
1.26928710
1.26196289
1.27526855
1.26098632
1.24597167
1.27111816
1.25805664
1.25402832
1.26403808
1.26440429
1.25830078
1.27551269
1.27514648
1.26330566
1.27038574
1.27551269
1.27294921
1.25891113
1.27416992
1.25573730
1.27416992
1.27526855
1.25646972
1.27233886
1.25476074
1.26403808
1.28588867
1.27221679
1.26025390
1.27319335
1.25720214
1.26171875
1.27246093
1.28649902
1.28479003
1.28759765
1.28527832
1.25024414
1.27404785
1.27355957
1.28332519
1.27160644
1.26708984
1.26428222
1.27050781
1.28112792
1.27258300
1.27111816
1.27392578
1.26196289
1.27001953
1.26013183
1.26525878
1.25720214
1.27136230
1.25866699
1.24365234
1.25939941
1.25427246
1.25378417
1.26806640
1.27526855
1.28674316
1.27185058
1.25085449
1.26403808
1.26574707
1.28381347
1.27856445
1.28637695
1.28186035
1.26989746
1.26037597
1.26281738
1.27368164
1.26574707
1.27343750
1.26953125
1.27294921
1.26782226
1.27172851
1.28698730
1.27148437
1.27502441
1.27416992
1.25927734
1.27294921
1.26086425
1.27368164
1.27490234
1.27160644
1.27294921
1.26428222
1.27038574
1.26708984
1.27038574
1.27282714
1.26171875
1.27294921
1.27416992
1.27172851
1.27404785
1.25146484
1.26928710
1.25793457
1.26440429
1.26062011
1.26660156
1.27392578
1.28710937
1.26159667
1.28674316
1.28564453
1.27172851
1.26696777
1.27539062
1.26330566
1.27099609
1.27355957
1.28857421
1.26318359
1.27539062
1.27172851
1.26318359
1.27233886
1.26672363
1.26806640
1.27136230
1.27209472
1.28796386
1.27380371
1.26403808
