1.26086425
1.27258300
1.28369140
1.26440429
1.27209472
1.25708007
1.28137207
1.28271484
1.27258300
1.26611328
1.27636718
1.26977539
1.27270507
1.27307128
1.27404785
1.28552246
1.25708007
1.25720214
1.25537109
1.28283691
1.26037597
1.27392578
1.27282714
1.27978515
1.27294921
1.26293945
1.25952148
1.26184082
1.26086425
1.26745605
1.26611328
1.27209472
1.26806640
1.24633789
1.27160644
1.25317382
1.26684570
1.26623535
1.28405761
1.27355957
1.26086425
1.27526855
1.27526855
1.27404785
1.27209472
1.27282714
1.27075195
1.27526855
1.25854492
1.26318359
1.28405761
1.27441406
1.25769042
1.27416992
1.26843261
1.26708984
1.25720214
1.25842285
1.26062011
1.25952148
1.27294921
1.25390625
1.27404785
1.25524902
1.26733398
1.25830078
1.27209472
1.26086425
1.26708984
1.25842285
1.26940917
1.25244140
1.25927734
1.25476074
1.25817871
1.24157714
1.27307128
1.27270507
1.26574707
1.28320312
1.27172851
1.27380371
1.27587890
1.27673339
1.24389648
1.26940917
1.26330566
1.28649902
1.26965332
1.26770019
1.26574707
1.27148437
1.26062011
1.27783203
1.28393554
1.26000976
1.27563476
1.26794433
1.27050781
1.26342773
1.26513671
1.24841308
1.28051757
1.26293945
1.28540039
1.28515625
1.27502441
1.27270507
1.26513671
1.27685546
1.26696777
1.26696777
1.27392578
1.27441406
1.27209472
1.28686523
1.27270507
1.28857421
1.27429199
1.27270507
1.26989746
1.27331542
1.26757812
1.27050781
1.29052734
1.28283691
1.26281738
1.26782226
1.26794433
1.27819824
1.27258300
1.26757812
1.27844238
1.26318359
1.28308105
1.27111816
1.28002929
1.27343750
1.26647949
1.24768066
1.27282714
1.27539062
1.27392578
1.27246093
1.27282714
1.26574707
1.25500488
1.25842285
1.26525878
1.25842285
1.28881835
1.25488281
1.26904296
1.26562500
1.26403808
1.27648925
1.26159667
1.24890136
1.27026367
1.27270507
1.27294921
1.27172851
1.27172851
1.26525878
1.25329589
1.27050781
1.28393554
1.27343750
1.27636718
1.27404785
1.27404785
1.27050781
1.26428222
1.25720214
1.27294921
1.25732421
1.28332519
1.28076171
1.27111816
1.26818847
1.27294921
1.26440429
1.27331542
1.27355957
1.27539062
1.28674316
1.26440429
1.27441406
1.26623535
1.28649902
1.27465820
1.27416992
1.25671386
1.28918457
1.26501464
1.28503417
1.27136230
1.27233886
1.27294921
1.27075195
