1.26550292
1.27404785
1.27282714
1.27893066
1.26806640
1.28088378
1.27160644
1.27197265
1.27416992
1.26965332
1.28027343
1.27246093
1.26074218
1.27966308
1.28100585
1.26196289
1.27160644
1.26965332
1.27770996
1.28405761
1.27038574
1.27941894
1.26379394
1.25671386
1.26452636
1.25805664
1.28454589
1.24890136
1.26916503
1.25085449
1.27355957
1.24304199
1.26550292
1.26525878
1.26562500
1.27648925
1.28430175
1.26525878
1.26708984
1.24707031
1.27563476
1.26562500
1.25671386
1.28149414
1.26733398
1.27185058
1.25842285
1.26635742
1.25866699
1.27172851
1.28405761
1.27575683
1.27648925
1.26440429
1.25952148
1.26293945
1.26831054
1.27514648
1.27624511
1.26904296
1.28393554
1.27392578
1.25903320
1.25842285
1.27526855
1.26196289
1.27282714
1.27429199
1.26562500
1.26684570
1.27282714
1.28259277
1.27502441
1.26306152
1.26806640
1.27673339
1.27929687
1.27160644
1.28442382
1.27453613
1.26916503
1.26611328
1.27062988
1.27404785
1.27807617
1.26843261
1.26770019
1.27453613
1.25988769
1.28161621
1.25793457
1.26428222
1.27990722
1.26367187
1.27294921
1.27282714
1.26403808
1.27893066
1.27380371
1.26037597
1.27172851
1.27856445
1.27197265
1.26647949
1.27282714
1.27587890
1.26477050
1.27392578
1.27905273
1.26525878
1.27526855
1.26843261
1.27343750
1.27294921
1.27038574
1.26452636
1.27380371
1.27038574
1.26965332
1.27368164
1.27111816
1.27026367
1.25952148
1.28381347
1.28149414
1.26940917
1.26770019
1.27966308
1.27392578
1.27294921
1.26391601
1.27087402
1.26452636
1.27465820
1.27099609
1.26928710
1.27209472
1.28125000
1.27404785
1.27807617
1.27282714
1.27441406
1.27282714
1.25732421
1.27270507
1.26025390
1.28173828
1.25390625
1.27880859
1.27441406
1.25622558
1.27111816
1.26892089
1.26074218
1.26660156
1.25732421
1.26403808
1.25695800
1.27172851
1.25231933
1.26647949
1.25683593
1.26416015
1.26843261
1.26525878
1.27270507
1.27270507
1.27368164
1.25915527
1.27233886
1.26806640
1.27404785
1.27551269
1.26672363
1.27282714
1.27038574
1.26684570
1.27526855
1.26806640
1.27172851
1.25952148
1.25952148
1.26708984
1.26928710
1.26623535
1.26525878
1.26684570
1.26232910
1.26879882
1.27172851
1.25720214
1.27282714
1.25756835
1.26281738
1.25915527
1.25659179
1.28222656
1.27282714
1.26489257
1.27148437
