1.26586914
1.26196289
1.26245117
1.27172851
1.27404785
1.26074218
1.27355957
1.27099609
1.26647949
1.26489257
1.26416015
1.28771972
1.27282714
1.27770996
1.27612304
1.28247070
1.27526855
1.27172851
1.28271484
1.27551269
1.27294921
1.27294921
1.27270507
1.27294921
1.26403808
1.25964355
1.26647949
1.27087402
1.26855468
1.28186035
1.27526855
1.27539062
1.26550292
1.27319335
1.26220703
1.27416992
1.26477050
1.26684570
1.25720214
1.26513671
1.25720214
1.24707031
1.25964355
1.26696777
1.26159667
1.27014160
1.26684570
1.27270507
1.27416992
1.28674316
1.28173828
1.26867675
1.26647949
1.27294921
1.23986816
1.26464843
1.25000000
1.27246093
1.27539062
1.25964355
1.25561523
1.25842285
1.26306152
1.25573730
1.27294921
1.25769042
1.25781250
1.25781250
1.27136230
1.25280761
1.28112792
1.27404785
1.26770019
1.25012207
1.27416992
1.27600097
1.27941894
1.26062011
1.27441406
1.25976562
1.26159667
1.25817871
1.27294921
1.26855468
1.25317382
1.25915527
1.27209472
1.24890136
1.28674316
1.25781250
1.26416015
1.25842285
1.28906250
1.25732421
1.27624511
1.25317382
1.27368164
1.25610351
1.26330566
1.27136230
1.25256347
1.25683593
1.27233886
1.27258300
1.28857421
1.27294921
1.28723144
1.26513671
1.25842285
1.26647949
1.27294921
1.28430175
1.27258300
1.26049804
1.27404785
1.25354003
1.25927734
1.28649902
1.26806640
1.26220703
1.27160644
1.28674316
1.27526855
1.27294921
1.27172851
1.27404785
1.28857421
1.26123046
1.27416992
1.27172851
1.25439453
1.26403808
1.25134277
1.26440429
1.25244140
1.25561523
1.27416992
1.27465820
1.27282714
1.27404785
1.27539062
1.25842285
1.26770019
1.26159667
1.27307128
1.28527832
1.26049804
1.26928710
1.27319335
1.28442382
1.26464843
1.27404785
1.27404785
1.27416992
1.27233886
1.26391601
1.27270507
1.25402832
1.26562500
1.27416992
1.28796386
1.26770019
1.27294921
1.26037597
1.27172851
1.26416015
1.26306152
1.27294921
1.25610351
1.26525878
1.27258300
1.27148437
1.27197265
1.27282714
1.27282714
1.26330566
1.26184082
1.26342773
1.26245117
1.26818847
1.26281738
1.27172851
1.25927734
1.25854492
1.25244140
1.25671386
1.26098632
1.26318359
1.25610351
1.27246093
1.24987792
1.27380371
1.27441406
1.27478027
1.26110839
1.26525878
1.26098632
1.25952148
1.25891113
1.27185058
