1.26684570
1.27441406
1.27404785
1.25878906
1.27160644
1.26330566
1.28417968
1.26367187
1.26293945
1.25842285
1.27282714
1.25732421
1.26538085
1.26806640
1.26806640
1.26916503
1.27294921
1.25708007
1.27526855
1.25842285
1.26281738
1.25708007
1.26562500
1.26623535
1.27746582
1.25708007
1.28417968
1.25695800
1.27343750
1.26086425
1.27404785
1.25805664
1.26318359
1.26806640
1.27392578
1.26110839
1.27392578
1.26123046
1.27648925
1.24133300
1.27160644
1.25366210
1.26953125
1.25366210
1.27539062
1.25891113
1.26232910
1.25952148
1.27258300
1.25378417
1.27526855
1.25988769
1.28173828
1.25097656
1.27282714
1.26721191
1.27307128
1.25695800
1.28125000
1.25842285
1.27929687
1.25646972
1.26403808
1.25878906
1.26281738
1.25476074
1.26171875
1.25732421
1.27282714
1.26074218
1.26379394
1.24938964
1.28161621
1.25646972
1.26440429
1.25732421
1.26245117
1.25610351
1.25402832
1.25244140
1.27929687
1.23999023
1.27258300
1.25720214
1.27050781
1.26733398
1.25866699
1.25927734
1.25830078
1.25732421
1.25085449
1.25842285
1.27038574
1.25109863
1.27624511
1.25805664
1.26062011
1.25219726
1.27160644
1.25817871
1.27014160
1.26672363
1.27307128
1.27294921
1.28234863
1.28173828
1.27294921
1.28515625
1.27416992
1.27331542
1.26000976
1.27026367
1.26806640
1.26660156
1.25903320
1.27136230
1.27990722
1.26611328
1.27209472
1.26892089
1.27770996
1.27111816
1.26806640
1.27294921
1.26220703
1.27563476
1.26318359
1.27392578
1.28442382
1.27539062
1.25781250
1.26489257
1.26501464
1.27307128
1.27539062
1.25988769
1.27307128
1.27172851
1.25964355
1.25805664
1.26586914
1.26794433
1.28076171
1.28674316
1.27844238
1.27685546
1.28161621
1.27172851
1.28613281
1.26147460
1.27294921
1.27160644
1.27770996
1.26306152
1.26501464
1.26928710
1.27331542
1.27197265
1.27355957
1.27416992
1.28393554
1.26940917
1.27392578
1.27087402
1.26879882
1.25207519
1.26171875
1.24841308
1.26049804
1.25939941
1.27233886
1.26049804
1.27526855
1.25854492
1.26879882
1.26708984
1.26696777
1.27416992
1.26257324
1.28161621
1.26293945
1.27416992
1.25488281
1.25585937
1.26416015
1.27111816
1.26037597
1.26684570
1.27282714
1.27209472
1.26525878
1.25610351
1.24841308
1.26843261
1.26440429
1.25891113
1.25805664
1.26879882
1.27355957
1.27392578
