1.27282714
1.26562500
1.24951171
1.27526855
1.25598144
1.27246093
1.27307128
1.26953125
1.25366210
1.26928710
1.26245117
1.27868652
1.24462890
1.25671386
1.27575683
1.28173828
1.28479003
1.27807617
1.27209472
1.26293945
1.28540039
1.25842285
1.26611328
1.25598144
1.25476074
1.27185058
1.25842285
1.27160644
1.28308105
1.26464843
1.28417968
1.28540039
1.27282714
1.26367187
1.27502441
1.27160644
1.27673339
1.27526855
1.28527832
1.24755859
1.27282714
1.27246093
1.26782226
1.27331542
1.28259277
1.27270507
1.28576660
1.27465820
1.27404785
1.27282714
1.27282714
1.27526855
1.27160644
1.28259277
1.27185058
1.27490234
1.28576660
1.26818847
1.26696777
1.26843261
1.27429199
1.27441406
1.27160644
1.27075195
1.28405761
1.27185058
1.27246093
1.26831054
1.27319335
1.28381347
1.27282714
1.26586914
1.26708984
1.27038574
1.28320312
1.28051757
1.27282714
1.28186035
1.27429199
1.27282714
1.26245117
1.27807617
1.27478027
1.25732421
1.27404785
1.27905273
1.27038574
1.26647949
1.27404785
1.26940917
1.27282714
1.27526855
1.27502441
1.28430175
1.27380371
1.27111816
1.26660156
1.27416992
1.28173828
1.28295898
1.27282714
1.27416992
1.27160644
1.27294921
1.26806640
1.26794433
1.26684570
1.28173828
1.27416992
1.26306152
1.27416992
1.28417968
1.26806640
1.25695800
1.26818847
1.26184082
1.27514648
1.25976562
1.26916503
1.26538085
1.27441406
1.28295898
1.28222656
1.27941894
1.28259277
1.28527832
1.26782226
1.27575683
1.27233886
1.28198242
1.28417968
1.27380371
1.28051757
1.28295898
1.28173828
1.25524902
1.28283691
1.27050781
1.28161621
1.26196289
1.27001953
1.27685546
1.26416015
1.27172851
1.27294921
1.26806640
1.27160644
1.28149414
1.27380371
1.27050781
1.27416992
1.27282714
1.26928710
1.26806640
1.26074218
1.26892089
1.26928710
1.27624511
1.25952148
1.25891113
1.26074218
1.25598144
1.27197265
1.27294921
1.27282714
1.26928710
1.27282714
1.27282714
1.27294921
1.27172851
1.25952148
1.27197265
1.27185058
1.25598144
1.26953125
1.27331542
1.26306152
1.27282714
1.26318359
1.27404785
1.26806640
1.27404785
1.24487304
1.27404785
1.26477050
1.25964355
1.27172851
1.25622558
1.27404785
1.25317382
1.27050781
1.25354003
1.27111816
1.26062011
1.28894042
1.25866699
1.28442382
1.27160644
1.27136230
1.27648925
