1.26440429
1.27575683
1.26599121
1.25854492
1.27392578
1.27600097
1.27539062
1.24035644
1.26013183
1.25927734
1.26269531
1.26391601
1.24475097
1.26123046
1.27172851
1.25939941
1.27416992
1.28283691
1.25817871
1.28332519
1.26757812
1.27416992
1.27282714
1.25012207
1.28295898
1.26318359
1.25341796
1.27624511
1.27734375
1.27661132
1.25646972
1.25109863
1.27807617
1.27001953
1.25988769
1.25207519
1.26794433
1.25354003
1.28198242
1.27441406
1.26403808
1.28210449
1.26806640
1.27429199
1.27758789
1.27148437
1.25244140
1.27246093
1.26318359
1.26940917
1.24987792
1.25781250
1.28393554
1.25561523
1.27563476
1.27368164
1.27160644
1.27404785
1.25952148
1.27160644
1.28356933
1.25830078
1.28271484
1.27282714
1.28015136
1.24511718
1.26464843
1.25585937
1.26062011
1.25585937
1.26062011
1.28063964
1.24157714
1.25891113
1.26965332
1.26696777
1.26904296
1.27343750
1.26721191
1.27099609
1.26538085
1.28002929
1.27062988
1.28112792
1.27758789
1.25976562
1.27294921
1.27636718
1.27612304
1.25354003
1.27526855
1.26403808
1.26306152
1.27441406
1.27246093
1.26721191
1.27380371
1.27124023
1.27307128
1.25842285
1.26208496
1.26599121
1.26196289
1.27294921
1.25354003
1.27343750
1.27099609
1.28210449
1.25915527
1.26843261
1.26245117
1.26574707
1.27197265
1.26586914
1.26049804
1.25317382
1.27294921
1.27380371
1.25720214
1.26171875
1.27709960
1.27160644
1.28417968
1.26562500
1.27172851
1.26940917
1.28051757
1.26501464
1.27246093
1.27429199
1.26806640
1.27600097
1.27258300
1.25268554
1.28552246
1.28112792
1.27685546
1.27270507
1.27148437
1.27404785
1.25585937
1.27526855
1.25830078
1.27270507
1.24902343
1.28051757
1.25817871
1.27575683
1.26599121
1.26159667
1.25146484
1.28100585
1.26599121
1.26403808
1.26232910
1.26867675
1.26452636
1.27294921
1.26245117
1.28173828
1.26281738
1.27050781
1.28332519
1.27319335
1.27258300
1.27282714
1.27307128
1.27429199
1.27185058
1.26855468
1.27148437
1.27160644
1.27258300
1.27136230
1.27294921
1.25952148
1.27026367
1.25720214
1.27294921
1.26611328
1.26318359
1.25842285
1.26757812
1.27172851
1.26281738
1.27502441
1.27185058
1.26318359
1.25732421
1.26257324
1.26159667
1.26440429
1.27807617
1.27270507
1.26733398
1.24853515
1.27160644
1.28527832
1.26660156
1.27075195
