1.25854492
1.27416992
1.24450683
1.27526855
1.27514648
1.27551269
1.26916503
1.26281738
1.27209472
1.25512695
1.27526855
1.26147460
1.27282714
1.25341796
1.27246093
1.27124023
1.28381347
1.27050781
1.28417968
1.26989746
1.28234863
1.27050781
1.27929687
1.28173828
1.27490234
1.26062011
1.26635742
1.25708007
1.26184082
1.27502441
1.27050781
1.27026367
1.27441406
1.27685546
1.28161621
1.27160644
1.28051757
1.25756835
1.28137207
1.26574707
1.24987792
1.25463867
1.27282714
1.25610351
1.27416992
1.27294921
1.28063964
1.25842285
1.27478027
1.28308105
1.26940917
1.25915527
1.26062011
1.26953125
1.27404785
1.26184082
1.27380371
1.26062011
1.27001953
1.25964355
1.26379394
1.25524902
1.26306152
1.26672363
1.28430175
1.26770019
1.26403808
1.25964355
1.26879882
1.24670410
1.26928710
1.25708007
1.24597167
1.27624511
1.28283691
1.27294921
1.28222656
1.25610351
1.27233886
1.27490234
1.26562500
1.26721191
1.26782226
1.26599121
1.27539062
1.26977539
1.26818847
1.26074218
1.26672363
1.25830078
1.26721191
1.25598144
1.26904296
1.25598144
1.25695800
1.25646972
1.26684570
1.27441406
1.27050781
1.26660156
1.25354003
1.28051757
1.28247070
1.27319335
1.27233886
1.27343750
1.27294921
1.27404785
1.27392578
1.26501464
1.26318359
1.27136230
1.27563476
1.25476074
1.27526855
1.27026367
1.26135253
1.27526855
1.26452636
1.27258300
1.25695800
1.27697753
1.27050781
1.26281738
1.27099609
1.26672363
1.26782226
1.28381347
1.27026367
1.28125000
1.26989746
1.27307128
1.26647949
1.25732421
1.26123046
1.26843261
1.27282714
1.27136230
1.25817871
1.28356933
1.25610351
1.28149414
1.26025390
1.28173828
1.27404785
1.27160644
1.26037597
1.26306152
1.25854492
1.27807617
1.27124023
1.26684570
1.27502441
1.26806640
1.25683593
1.27282714
1.25915527
1.25964355
1.27319335
1.26672363
1.25842285
1.26977539
1.27368164
1.26879882
1.25866699
1.26403808
1.26403808
1.26525878
1.27539062
1.27526855
1.26672363
1.26171875
1.26843261
1.27160644
1.25183105
1.27392578
1.25842285
1.27404785
1.25671386
1.26672363
1.25842285
1.26879882
1.26916503
1.27062988
1.25781250
1.27526855
1.27441406
1.27160644
1.27539062
1.25878906
1.27197265
1.27294921
1.27392578
1.27661132
1.26599121
1.26806640
1.27331542
1.27014160
1.26159667
1.26196289
