1.25598144
1.27209472
1.26684570
1.27441406
1.27282714
1.27246093
1.27282714
1.26562500
1.27160644
1.27954101
1.27770996
1.26159667
1.27563476
1.26928710
1.26721191
1.27282714
1.27197265
1.26684570
1.26013183
1.28283691
1.28161621
1.28173828
1.26159667
1.25842285
1.25842285
1.27404785
1.27136230
1.26342773
1.27258300
1.26831054
1.27966308
1.24926757
1.27026367
1.25158691
1.27160644
1.26782226
1.25305175
1.27465820
1.26098632
1.28723144
1.26184082
1.25744628
1.26049804
1.26635742
1.28295898
1.26586914
1.27270507
1.28515625
1.27233886
1.26660156
1.25842285
1.25952148
1.26037597
1.27172851
1.27526855
1.27795410
1.27160644
1.28112792
1.27294921
1.27233886
1.26806640
1.28295898
1.26550292
1.28051757
1.27233886
1.26342773
1.26599121
1.25793457
1.26525878
1.27282714
1.25756835
1.27404785
1.26806640
1.27294921
1.26599121
1.27124023
1.25549316
1.25781250
1.27124023
1.27502441
1.26037597
1.28295898
1.28259277
1.25732421
1.25231933
1.28173828
1.26721191
1.26708984
1.25231933
1.25952148
1.26965332
1.27087402
1.27416992
1.27258300
1.28002929
1.27343750
1.26953125
1.27307128
1.26281738
1.26684570
1.27416992
1.25769042
1.27673339
1.27563476
1.27124023
1.27514648
1.26696777
1.26293945
1.26525878
1.28173828
1.25756835
1.28051757
1.26086425
1.28430175
1.26953125
1.27404785
1.25964355
1.27416992
1.26074218
1.27294921
1.25842285
1.24768066
1.26770019
1.28210449
1.27441406
1.26171875
1.27368164
1.27832031
1.28027343
1.25927734
1.26391601
1.25195312
1.26049804
1.26794433
1.27038574
1.24743652
1.26855468
1.27294921
1.28295898
1.28259277
1.26440429
1.27282714
1.27404785
1.27343750
1.27416992
1.27722167
1.27221679
1.28112792
1.27416992
1.26806640
1.25830078
1.26037597
1.25842285
1.27294921
1.26098632
1.28417968
1.25524902
1.27282714
1.27185058
1.27282714
1.26135253
1.27294921
1.26354980
1.26928710
1.26672363
1.27075195
1.28527832
1.27172851
1.27258300
1.27209472
1.25634765
1.27246093
1.25720214
1.27795410
1.25964355
1.27392578
1.26599121
1.28173828
1.27233886
1.26049804
1.27380371
1.27526855
1.27404785
1.26257324
1.27380371
1.28173828
1.26770019
1.27099609
1.26293945
1.26672363
1.27282714
1.26916503
1.26831054
1.26928710
1.25793457
1.28173828
1.27282714
1.26843261
1.25634765
1.26037597
