1.20080566
1.19921875
1.19824218
1.19946289
1.20056152
1.19995117
1.19958496
1.20104980
1.20068359
1.19958496
1.19946289
1.19909667
1.20019531
1.20068359
1.19982910
1.20190429
1.19348144
1.20080566
1.20056152
1.19824218
1.20129394
1.20068359
1.20178222
1.20056152
1.20056152
1.20056152
1.19409179
1.19726562
1.19189453
1.19189453
1.19689941
1.19824218
1.19458007
1.19323730
1.19079589
1.19189453
1.19201660
1.19555664
1.19616699
1.19445800
1.19189453
1.19189453
1.18322753
1.17956542
1.18261718
1.18103027
1.18066406
1.18188476
1.17822265
1.17944335
1.17712402
1.18200683
1.17980957
1.17932128
1.18359375
1.18054199
1.18066406
1.18151855
1.18200683
1.18078613
1.18225097
1.18200683
1.18139648
1.17846679
1.17822265
1.17700195
1.17834472
1.18151855
1.18347167
1.18066406
1.18066406
1.17944335
1.18200683
1.18176269
1.17968750
1.17712402
1.18200683
1.17956542
1.18078613
1.18212890
1.18188476
1.17749023
1.17590332
1.16723632
1.16223144
1.16198730
1.16333007
1.16674804
1.15942382
1.16186523
1.16186523
1.16503906
1.16345214
1.16174316
1.16186523
1.16430664
1.16186523
1.16198730
1.16198730
1.15905761
1.16430664
1.16198730
1.16198730
1.16076660
1.16699218
1.15954589
1.16308593
1.16320800
1.15966796
1.16430664
1.16381835
1.16284179
1.16931152
1.16772460
1.15808105
1.16186523
1.16320800
1.16809082
1.16271972
1.16186523
1.15942382
1.16320800
1.16308593
1.16320800
1.15942382
1.16455078
1.16198730
1.14819335
1.14306640
1.14733886
1.14318847
1.14562988
1.14477539
1.14685058
1.14685058
1.14538574
1.14416503
1.14440917
1.14294433
1.14501953
1.14184570
1.14416503
1.14318847
1.14306640
1.14477539
1.14428710
1.14306640
1.14306640
1.14538574
1.14428710
1.14440917
1.14428710
1.14550781
1.14318847
1.14514160
1.14428710
1.14428710
1.14221191
1.14196777
1.14440917
1.14501953
1.14440917
1.14379882
1.14514160
1.14318847
1.14428710
1.14477539
1.14379882
1.14550781
1.14428710
1.14489746
1.14428710
1.14306640
1.14257812
1.14440917
1.14440917
1.14550781
1.14379882
1.14465332
1.14306640
1.14184570
1.14538574
1.14440917
1.14428710
1.14416503
1.14538574
1.14318847
1.14367675
1.14477539
1.14501953
1.14428710
1.14428710
1.14416503
1.14501953
1.14331054
1.13049316
1.12622070
1.12951660
1.12548828
1.12670898
