1.20056152
1.20068359
1.20190429
1.19702148
1.20178222
1.19702148
1.20153808
1.20129394
1.20056152
1.19824218
1.19946289
1.20068359
1.19714355
1.19970703
1.20007324
1.20312500
1.19714355
1.20178222
1.20312500
1.20068359
1.20202636
1.19958496
1.19921875
1.20068359
1.19946289
1.19946289
1.19519042
1.19506835
1.19946289
1.19201660
1.20043945
1.19567871
1.19494628
1.19445800
1.19335937
1.19567871
1.19445800
1.19201660
1.19567871
1.19433593
1.19287109
1.19311523
1.18164062
1.17834472
1.17736816
1.18286132
1.18078613
1.17724609
1.17700195
1.18066406
1.18200683
1.18200683
1.18066406
1.18078613
1.17687988
1.18200683
1.17993164
1.17822265
1.18078613
1.18188476
1.18115234
1.18066406
1.18078613
1.18090820
1.18212890
1.18200683
1.18200683
1.18225097
1.18090820
1.18200683
1.18103027
1.18225097
1.18078613
1.17700195
1.18188476
1.17700195
1.18212890
1.18359375
1.18200683
1.18066406
1.17956542
1.18188476
1.17724609
1.18090820
1.16699218
1.16467285
1.15930175
1.16149902
1.16247558
1.16198730
1.16308593
1.16040039
1.16467285
1.16198730
1.16052246
1.16186523
1.16687011
1.16320800
1.16308593
1.16687011
1.16064453
1.16186523
1.16210937
1.16308593
1.16198730
1.16247558
1.16308593
1.16357421
1.16320800
1.16394042
1.16418457
1.16198730
1.16345214
1.16198730
1.16601562
1.16699218
1.15820312
1.15942382
1.16076660
1.15820312
1.16442871
1.16198730
1.16198730
1.16418457
1.15808105
1.14343261
1.14440917
1.14624023
1.14514160
1.14428710
1.14562988
1.14440917
1.14465332
1.14318847
1.14440917
1.14440917
1.14477539
1.14428710
1.14465332
1.14599609
1.14562988
1.14465332
1.14318847
1.14306640
1.14428710
1.14465332
1.14440917
1.14440917
1.14562988
1.14440917
1.14550781
1.14465332
1.14453125
1.14453125
1.14428710
1.14489746
1.14562988
1.14685058
1.14440917
1.14379882
1.14392089
1.14428710
1.12695312
1.12695312
1.13061523
1.13171386
1.13012695
1.13061523
1.12927246
1.12561035
1.12573242
1.12670898
1.12548828
1.12939453
1.12670898
1.13049316
1.13061523
1.12561035
1.12561035
1.12670898
1.12597656
1.13049316
1.12683105
1.12670898
1.12939453
1.12670898
1.12939453
1.12939453
1.13049316
1.12951660
1.12548828
1.12670898
1.12939453
1.12927246
1.12939453
1.12597656
1.12670898
1.12585449
1.12683105
1.11401367
