1.20141601
1.20129394
1.20068359
1.20056152
1.20178222
1.19946289
1.19812011
1.19946289
1.20141601
1.19946289
1.19934082
1.19958496
1.20043945
1.20068359
1.19482421
1.19958496
1.19714355
1.20068359
1.20068359
1.20068359
1.19946289
1.20068359
1.20068359
1.19995117
1.20068359
1.19763183
1.19812011
1.19567871
1.19897460
1.19445800
1.19665527
1.19433593
1.19445800
1.19677734
1.19201660
1.19482421
1.19421386
1.19921875
1.19494628
1.19567871
1.19348144
1.19519042
1.18139648
1.18273925
1.17822265
1.17834472
1.18078613
1.17956542
1.17822265
1.18078613
1.17846679
1.17956542
1.18103027
1.18103027
1.18322753
1.18188476
1.18151855
1.17980957
1.17944335
1.17834472
1.18225097
1.18090820
1.18200683
1.17797851
1.17700195
1.18200683
1.17834472
1.17749023
1.17871093
1.18164062
1.18090820
1.18212890
1.18078613
1.18200683
1.18200683
1.18310546
1.17968750
1.18078613
1.18518066
1.18188476
1.18200683
1.18200683
1.18566894
1.16564941
1.15979003
1.16137695
1.16198730
1.16198730
1.16064453
1.16064453
1.16442871
1.16198730
1.16259765
1.16308593
1.16198730
1.15954589
1.16442871
1.16064453
1.16076660
1.16186523
1.16198730
1.16076660
1.16284179
1.16369628
1.16064453
1.16223144
1.16943359
1.16467285
1.16320800
1.16198730
1.16320800
1.16467285
1.15954589
1.16442871
1.16076660
1.16320800
1.16467285
1.15820312
1.16198730
1.16467285
1.15979003
1.16162109
1.16320800
1.16711425
1.16186523
1.16320800
1.16198730
1.14514160
1.14562988
1.14245605
1.14306640
1.14575195
1.14318847
1.14318847
1.14941406
1.14318847
1.14318847
1.14587402
1.14624023
1.14306640
1.14550781
1.14440917
1.14294433
1.14550781
1.14343261
1.14562988
1.14636230
1.14440917
1.14562988
1.14440917
1.14440917
1.14465332
1.14550781
1.14550781
1.14404296
1.14428710
1.14440917
1.14428710
1.14318847
1.14440917
1.14428710
1.14562988
1.14306640
1.14440917
1.14428710
1.12561035
1.13061523
1.12561035
1.12939453
1.13049316
1.12927246
1.12939453
1.13085937
1.12939453
1.13049316
1.12951660
1.13049316
1.12573242
1.13049316
1.12939453
1.12939453
1.12548828
1.12939453
1.12524414
1.12939453
1.12731933
1.13232421
1.12963867
1.12573242
1.13061523
1.12670898
1.12719726
1.12670898
1.12561035
1.12670898
1.13049316
1.12548828
1.12548828
1.12829589
1.13049316
