1.19946289
1.20080566
1.19824218
1.20056152
1.20007324
1.20056152
1.20190429
1.19702148
1.19958496
1.20190429
1.20190429
1.19995117
1.20104980
1.20178222
1.20141601
1.20068359
1.19946289
1.20068359
1.20068359
1.20288085
1.19616699
1.19775390
1.20056152
1.19531250
1.19946289
1.19445800
1.19226074
1.19555664
1.19409179
1.19396972
1.19567871
1.19567871
1.19702148
1.19677734
1.19555664
1.19067382
1.19567871
1.19372558
1.19445800
1.19921875
1.18322753
1.17956542
1.17700195
1.18066406
1.18164062
1.18200683
1.18188476
1.18188476
1.17700195
1.18188476
1.18579101
1.17700195
1.17822265
1.18200683
1.18078613
1.18188476
1.18298339
1.18322753
1.18078613
1.17810058
1.17700195
1.18200683
1.17980957
1.17932128
1.18200683
1.18212890
1.17968750
1.17822265
1.18188476
1.18115234
1.17993164
1.18176269
1.17944335
1.18200683
1.17773437
1.17932128
1.17810058
1.18090820
1.18078613
1.18066406
1.16308593
1.16357421
1.16198730
1.16699218
1.15942382
1.16430664
1.16430664
1.16333007
1.16052246
1.15832519
1.16076660
1.15942382
1.16076660
1.16320800
1.16577148
1.16394042
1.16320800
1.16308593
1.16003417
1.16455078
1.15820312
1.16198730
1.16320800
1.15942382
1.15942382
1.15954589
1.16320800
1.16320800
1.16308593
1.16320800
1.16320800
1.15942382
1.16308593
1.15930175
1.16345214
1.16308593
1.16564941
1.16772460
1.16381835
1.14685058
1.14697265
1.14440917
1.14697265
1.14440917
1.14428710
1.14746093
1.14550781
1.14440917
1.14599609
1.14440917
1.14550781
1.14318847
1.14428710
1.14501953
1.14562988
1.14624023
1.14428710
1.14306640
1.14562988
1.14440917
1.14562988
1.14440917
1.14428710
1.14440917
1.14562988
1.14440917
1.14428710
1.14440917
1.14624023
1.14562988
1.14562988
1.14428710
1.14440917
1.14379882
1.14440917
1.14440917
1.13171386
1.12670898
1.12670898
1.12658691
1.12414550
1.12426757
1.12670898
1.12658691
1.12683105
1.12548828
1.12414550
1.12792968
1.12548828
1.12426757
1.12597656
1.12561035
1.13049316
1.12487792
1.12561035
1.12719726
1.12426757
1.12658691
1.12792968
1.12561035
1.12731933
1.12609863
1.12548828
1.12414550
1.13159179
1.12512207
1.12426757
1.12536621
1.12658691
1.12512207
1.12487792
1.12658691
1.12536621
1.12426757
1.12561035
1.12622070
1.12548828
1.12548828
1.12426757
1.12658691
