1.20056152
1.20178222
1.20117187
1.20446777
1.19982910
1.20056152
1.20068359
1.19946289
1.19958496
1.20056152
1.20080566
1.20190429
1.19934082
1.20080566
1.19946289
1.20068359
1.19982910
1.19702148
1.20068359
1.19628906
1.20056152
1.20080566
1.19995117
1.19201660
1.19445800
1.19201660
1.19311523
1.19250488
1.20214843
1.19201660
1.19567871
1.19213867
1.20190429
1.19555664
1.19445800
1.19445800
1.20031738
1.19677734
1.19445800
1.19653320
1.18200683
1.18139648
1.18066406
1.17687988
1.18066406
1.18054199
1.17968750
1.17956542
1.18200683
1.18188476
1.17834472
1.17761230
1.17944335
1.18200683
1.18212890
1.17810058
1.18200683
1.18200683
1.18200683
1.18090820
1.18078613
1.17700195
1.18212890
1.18041992
1.17822265
1.17700195
1.17712402
1.18066406
1.17749023
1.17700195
1.18200683
1.18103027
1.17700195
1.18188476
1.18225097
1.18188476
1.18322753
1.18078613
1.18200683
1.16723632
1.16198730
1.16345214
1.16235351
1.16369628
1.16308593
1.16186523
1.16296386
1.16223144
1.16247558
1.16198730
1.16333007
1.16186523
1.16186523
1.16198730
1.16320800
1.15917968
1.16479492
1.15942382
1.16491699
1.16198730
1.16186523
1.16064453
1.16809082
1.16320800
1.15954589
1.16320800
1.16381835
1.16357421
1.16357421
1.16430664
1.16186523
1.16186523
1.16906738
1.16333007
1.16479492
1.16186523
1.15942382
1.16076660
1.16931152
1.16076660
1.16369628
1.16320800
1.16210937
1.16577148
1.14440917
1.14660644
1.14428710
1.14514160
1.14550781
1.14843750
1.14440917
1.14306640
1.14562988
1.14343261
1.14587402
1.14550781
1.14453125
1.14318847
1.14428710
1.14550781
1.14428710
1.14550781
1.14538574
1.14453125
1.14440917
1.14392089
1.14428710
1.14550781
1.14562988
1.14440917
1.14379882
1.14440917
1.14587402
1.14575195
1.14465332
1.14562988
1.14440917
1.14440917
1.14562988
1.14562988
1.14318847
1.14440917
1.14440917
1.14428710
1.14355468
1.13049316
1.13073730
1.12670898
1.13061523
1.13061523
1.12670898
1.13049316
1.12744140
1.13171386
1.12548828
1.12597656
1.13073730
1.13049316
1.13024902
1.12976074
1.13061523
1.12670898
1.12670898
1.13049316
1.12927246
1.12426757
1.12451171
1.12536621
1.12414550
1.12414550
1.12622070
1.12475585
1.12426757
1.12426757
1.12487792
1.12548828
1.12670898
1.12658691
1.12414550
1.12536621
