1.20068359
1.19580078
1.20056152
1.20056152
1.19604492
1.20202636
1.20043945
1.19934082
1.19946289
1.20068359
1.19897460
1.19958496
1.19946289
1.20080566
1.19946289
1.19653320
1.20190429
1.19702148
1.20178222
1.19958496
1.20080566
1.20056152
1.20068359
1.19946289
1.20092773
1.19958496
1.19702148
1.19458007
1.19335937
1.19775390
1.19274902
1.19702148
1.19580078
1.19311523
1.19433593
1.19567871
1.19348144
1.19555664
1.19445800
1.19689941
1.19848632
1.17944335
1.18176269
1.18078613
1.18212890
1.17846679
1.17980957
1.18200683
1.18188476
1.18103027
1.18188476
1.18200683
1.18225097
1.17956542
1.18066406
1.18066406
1.17956542
1.17871093
1.18066406
1.18212890
1.17822265
1.18188476
1.17944335
1.17712402
1.18200683
1.18188476
1.17749023
1.18078613
1.18212890
1.18066406
1.18188476
1.18151855
1.18066406
1.18188476
1.18200683
1.18066406
1.18200683
1.18078613
1.17749023
1.17956542
1.15942382
1.16186523
1.16198730
1.16308593
1.16064453
1.16320800
1.16210937
1.16308593
1.15820312
1.16186523
1.16308593
1.16308593
1.16198730
1.16198730
1.16271972
1.15930175
1.16577148
1.16308593
1.16809082
1.16394042
1.16711425
1.16308593
1.16198730
1.16162109
1.15942382
1.16308593
1.16064453
1.16198730
1.15954589
1.16198730
1.16052246
1.16320800
1.16699218
1.16418457
1.15942382
1.16308593
1.16442871
1.16064453
1.15942382
1.16320800
1.16186523
1.14562988
1.14428710
1.14562988
1.14440917
1.14440917
1.14306640
1.14562988
1.14367675
1.14440917
1.14550781
1.14550781
1.14440917
1.14416503
1.14440917
1.14306640
1.14440917
1.14440917
1.14428710
1.14379882
1.14550781
1.14660644
1.14477539
1.14428710
1.14428710
1.14428710
1.14624023
1.14453125
1.14440917
1.14672851
1.14562988
1.14428710
1.14453125
1.14440917
1.14562988
1.14562988
1.14465332
1.14428710
1.13171386
1.12670898
1.12561035
1.12548828
1.12744140
1.12792968
1.12609863
1.13024902
1.13049316
1.12792968
1.12536621
1.12780761
1.12658691
1.12548828
1.12780761
1.12670898
1.12622070
1.12548828
1.12670898
1.12622070
1.12670898
1.12670898
1.12670898
1.12683105
1.13049316
1.13049316
1.13061523
1.12609863
1.12548828
1.12670898
1.13061523
1.13171386
1.12915039
1.12548828
1.12731933
1.13000488
1.12561035
1.12670898
1.12622070
1.11413574
1.11181640
1.11352539
