1.20068359
1.20068359
1.19946289
1.19726562
1.20043945
1.20117187
1.20190429
1.19982910
1.19958496
1.19982910
1.19958496
1.20153808
1.20178222
1.20056152
1.20202636
1.20056152
1.20202636
1.20129394
1.20068359
1.20422363
1.20068359
1.20068359
1.20068359
1.19946289
1.19677734
1.19592285
1.19628906
1.19848632
1.20190429
1.19445800
1.19641113
1.19323730
1.19567871
1.19531250
1.19567871
1.20019531
1.19445800
1.19689941
1.17700195
1.18078613
1.18188476
1.18078613
1.18066406
1.18066406
1.18066406
1.18139648
1.17687988
1.17822265
1.18078613
1.18188476
1.18310546
1.18115234
1.17614746
1.17700195
1.18164062
1.17822265
1.17700195
1.17749023
1.17822265
1.18115234
1.18090820
1.18066406
1.18139648
1.18066406
1.18322753
1.18139648
1.17797851
1.18273925
1.18200683
1.17846679
1.18188476
1.17822265
1.17822265
1.17956542
1.18139648
1.18200683
1.18078613
1.16284179
1.16442871
1.16540527
1.16186523
1.16235351
1.16320800
1.16564941
1.15917968
1.16357421
1.16052246
1.15942382
1.16699218
1.15942382
1.16174316
1.16064453
1.16223144
1.16455078
1.16198730
1.16442871
1.15942382
1.16345214
1.15954589
1.15930175
1.15930175
1.16064453
1.16943359
1.16381835
1.16088867
1.15942382
1.16247558
1.16308593
1.16369628
1.16247558
1.16320800
1.15942382
1.15832519
1.16210937
1.15942382
1.16198730
1.16064453
1.16320800
1.15942382
1.16198730
1.16442871
1.14331054
1.14428710
1.14562988
1.14550781
1.14697265
1.14306640
1.14440917
1.14331054
1.14428710
1.14550781
1.14440917
1.14440917
1.14379882
1.14440917
1.14428710
1.14428710
1.14440917
1.14562988
1.14306640
1.14562988
1.14453125
1.14428710
1.14550781
1.14550781
1.14392089
1.14672851
1.14440917
1.14587402
1.14746093
1.14562988
1.14550781
1.14550781
1.14587402
1.14343261
1.14501953
1.14672851
1.14562988
1.14562988
1.14440917
1.14562988
1.14697265
1.12927246
1.12561035
1.12927246
1.13049316
1.12707519
1.12683105
1.13061523
1.13049316
1.13024902
1.12939453
1.12927246
1.12670898
1.13061523
1.12927246
1.13000488
1.12927246
1.12939453
1.12988281
1.13049316
1.12939453
1.12988281
1.13024902
1.13049316
1.12927246
1.12658691
1.12548828
1.12609863
1.13061523
1.12548828
1.12658691
1.12548828
1.12670898
1.12756347
1.12561035
1.12561035
1.12670898
1.12548828
1.12939453
