1.20104980
1.20178222
1.20056152
1.20178222
1.19653320
1.20068359
1.20056152
1.20190429
1.20080566
1.19982910
1.20104980
1.19726562
1.19946289
1.20068359
1.20043945
1.20153808
1.19970703
1.20056152
1.20068359
1.20068359
1.19958496
1.19946289
1.19946289
1.19836425
1.19580078
1.20190429
1.19567871
1.19213867
1.19213867
1.19567871
1.19555664
1.19445800
1.19555664
1.19628906
1.19567871
1.19580078
1.19531250
1.19677734
1.19604492
1.19201660
1.19067382
1.18200683
1.18078613
1.18078613
1.18066406
1.17919921
1.18115234
1.17956542
1.17687988
1.18310546
1.18200683
1.17810058
1.17822265
1.18127441
1.18078613
1.18200683
1.17956542
1.18066406
1.18200683
1.18310546
1.18078613
1.18005371
1.17822265
1.17810058
1.18811035
1.18200683
1.18310546
1.17687988
1.17700195
1.17834472
1.18054199
1.18188476
1.18041992
1.17712402
1.17956542
1.18200683
1.17565917
1.17907714
1.18054199
1.18188476
1.18432617
1.17834472
1.18298339
1.17724609
1.17871093
1.17712402
1.17956542
1.17834472
1.18066406
1.18200683
1.18322753
1.17565917
1.18029785
1.18188476
1.16406250
1.16308593
1.15820312
1.15942382
1.16235351
1.15820312
1.15820312
1.15856933
1.15698242
1.15783691
1.15795898
1.16064453
1.16564941
1.16430664
1.15820312
1.15698242
1.16406250
1.15795898
1.16064453
1.15942382
1.15844726
1.16308593
1.16308593
1.15698242
1.16430664
1.15942382
1.15930175
1.15808105
1.16442871
1.15808105
1.16186523
1.16186523
1.15710449
1.16320800
1.15905761
1.15930175
1.15942382
1.15820312
1.16308593
1.16198730
1.16198730
1.16320800
1.16198730
1.16320800
1.15820312
1.15808105
1.16296386
1.16064453
1.15881347
1.15930175
1.15820312
1.15930175
1.16064453
1.15832519
1.15942382
1.15844726
1.14562988
1.14562988
1.14428710
1.14562988
1.14428710
1.14440917
1.14428710
1.14318847
1.14318847
1.14306640
1.14453125
1.14440917
1.14440917
1.14550781
1.14562988
1.14562988
1.14489746
1.14428710
1.14440917
1.14306640
1.14318847
1.14428710
1.14550781
1.14355468
1.14440917
1.14428710
1.14428710
1.14440917
1.14501953
1.14453125
1.14416503
1.14440917
1.14428710
1.14489746
1.14440917
1.14428710
1.14416503
1.14562988
1.14501953
1.14538574
1.14184570
1.14318847
1.14428710
1.14562988
1.14392089
1.14440917
1.14538574
1.14379882
1.14440917
1.12536621
