1.20068359
1.20190429
1.20214843
1.20056152
1.20068359
1.20068359
1.19958496
1.20068359
1.19982910
1.20056152
1.20068359
1.19946289
1.19946289
1.20056152
1.20043945
1.20068359
1.19946289
1.20312500
1.20068359
1.19946289
1.20068359
1.20129394
1.19702148
1.20129394
1.20068359
1.19946289
1.19555664
1.19506835
1.19323730
1.19201660
1.19323730
1.20068359
1.19689941
1.19445800
1.19323730
1.19189453
1.19445800
1.19201660
1.19201660
1.19323730
1.19445800
1.19689941
1.18188476
1.18078613
1.18200683
1.17956542
1.18200683
1.18200683
1.17810058
1.17895507
1.17700195
1.18164062
1.18127441
1.18200683
1.18090820
1.18200683
1.18322753
1.17822265
1.17883300
1.18188476
1.17956542
1.17956542
1.17980957
1.17956542
1.18127441
1.17822265
1.17700195
1.18066406
1.18078613
1.18066406
1.17956542
1.18188476
1.18139648
1.18115234
1.18078613
1.17822265
1.18066406
1.18200683
1.18066406
1.18078613
1.18078613
1.17810058
1.18090820
1.18041992
1.16406250
1.15930175
1.15930175
1.15881347
1.16259765
1.16198730
1.16394042
1.16320800
1.16198730
1.16186523
1.16479492
1.16284179
1.16467285
1.16271972
1.16076660
1.16162109
1.16345214
1.16247558
1.16320800
1.16210937
1.16247558
1.16284179
1.15942382
1.16210937
1.15930175
1.16223144
1.16528320
1.16455078
1.15942382
1.16247558
1.16455078
1.16076660
1.16442871
1.16064453
1.16064453
1.16210937
1.16198730
1.15942382
1.15930175
1.16198730
1.15820312
1.14514160
1.14929199
1.14465332
1.14318847
1.14440917
1.14562988
1.14562988
1.14440917
1.14428710
1.14428710
1.14440917
1.14562988
1.14489746
1.14440917
1.14428710
1.14477539
1.14428710
1.14477539
1.14416503
1.14428710
1.14562988
1.14428710
1.14392089
1.14257812
1.14562988
1.14355468
1.14086914
1.14306640
1.14245605
1.14306640
1.14428710
1.14428710
1.14379882
1.14306640
1.14318847
1.14343261
1.14367675
1.14489746
1.14624023
1.14318847
1.14562988
1.14428710
1.14550781
1.14306640
1.14282226
1.14428710
1.14306640
1.14465332
1.14428710
1.14562988
1.14440917
1.14306640
1.14318847
1.14392089
1.14428710
1.14453125
1.14562988
1.14428710
1.12915039
1.12426757
1.12573242
1.12719726
1.12548828
1.12622070
1.12609863
1.12536621
1.12597656
1.12634277
1.12426757
1.12524414
1.12683105
1.12548828
1.12500000
1.12744140
1.12670898
