1.20092773
1.20190429
1.19812011
1.20178222
1.19946289
1.19824218
1.20190429
1.20104980
1.20190429
1.19824218
1.20056152
1.20068359
1.20300292
1.20068359
1.19934082
1.20153808
1.20092773
1.19958496
1.20056152
1.20068359
1.20019531
1.20141601
1.20056152
1.19824218
1.19641113
1.19311523
1.19555664
1.19482421
1.19323730
1.19189453
1.19689941
1.19323730
1.19189453
1.19677734
1.19567871
1.19201660
1.19445800
1.20068359
1.19323730
1.19311523
1.17712402
1.17956542
1.18322753
1.18066406
1.18212890
1.18103027
1.18115234
1.17956542
1.18078613
1.17834472
1.18151855
1.18200683
1.17956542
1.17810058
1.18273925
1.18066406
1.18115234
1.18164062
1.18200683
1.17822265
1.18151855
1.18090820
1.17858886
1.18395996
1.18322753
1.17822265
1.17834472
1.18188476
1.18310546
1.17956542
1.18200683
1.18200683
1.17956542
1.18310546
1.17932128
1.18078613
1.17956542
1.17822265
1.17822265
1.17822265
1.18286132
1.16052246
1.16430664
1.16333007
1.15930175
1.16064453
1.16308593
1.16564941
1.16186523
1.15930175
1.15942382
1.16455078
1.16430664
1.16931152
1.16723632
1.16821289
1.16821289
1.16821289
1.16345214
1.15991210
1.16003417
1.15942382
1.16064453
1.16442871
1.16442871
1.15832519
1.16247558
1.16442871
1.15832519
1.16430664
1.16320800
1.15954589
1.16247558
1.16064453
1.15930175
1.15942382
1.16821289
1.16198730
1.15686035
1.16320800
1.16198730
1.16430664
1.16198730
1.16064453
1.16308593
1.15942382
1.15820312
1.15930175
1.15942382
1.15942382
1.16052246
1.16052246
1.16442871
1.16442871
1.16284179
1.16296386
1.16198730
1.16430664
1.16906738
1.16064453
1.14733886
1.14685058
1.14550781
1.14562988
1.14550781
1.14562988
1.14550781
1.14440917
1.14660644
1.14562988
1.14453125
1.14428710
1.14392089
1.14428710
1.14428710
1.14428710
1.14562988
1.14306640
1.14416503
1.14672851
1.14416503
1.14306640
1.14306640
1.14636230
1.14306640
1.14550781
1.14306640
1.14672851
1.14428710
1.14538574
1.14624023
1.14306640
1.14306640
1.14428710
1.14538574
1.14550781
1.14538574
1.14550781
1.14440917
1.14501953
1.14416503
1.14428710
1.14550781
1.14550781
1.14550781
1.14550781
1.14428710
1.14562988
1.14428710
1.14489746
1.14440917
1.14440917
1.14624023
1.14306640
1.14440917
1.14306640
1.14501953
1.14440917
1.14306640
1.12548828
