1.13671875
1.13098144
1.13171386
1.13598632
1.13195800
1.13171386
1.13659667
1.13244628
1.13085937
1.13696289
1.13110351
1.13366699
1.13269042
1.13256835
1.13513183
1.13171386
1.13659667
1.13134765
1.13146972
1.13488769
1.13220214
1.13366699
1.13366699
1.13024902
1.13330078
1.13146972
1.13171386
1.13928222
1.13049316
1.14050292
1.13195800
1.13024902
1.13708496
1.12988281
1.13317871
1.13183593
1.12866210
1.13183593
1.13208007
1.13476562
1.13183593
1.12854003
1.13208007
1.13439941
1.13793945
1.13330078
1.13232421
1.13476562
1.13732910
1.13110351
1.13244628
1.13256835
1.13220214
1.13183593
1.13293457
1.12854003
1.13012695
1.13366699
1.13098144
1.13317871
1.13171386
1.13122558
1.14428710
1.12963867
1.13049316
1.13354492
1.13134765
1.13098144
1.13208007
1.13732910
1.13415527
1.12878417
1.13623046
1.13610839
1.13269042
1.13146972
1.13171386
1.13256835
1.12976074
1.13085937
1.13220214
1.13732910
1.12841796
1.13513183
1.13232421
1.13037109
1.13696289
1.13842773
1.13244628
1.13073730
1.13610839
1.13439941
1.14172363
1.13330078
1.12988281
1.13220214
1.13891601
1.13598632
1.13159179
1.13952636
1.12866210
1.13159179
1.13342285
1.13488769
1.13623046
1.12988281
1.13061523
1.13049316
1.13183593
1.13073730
1.13256835
1.13244628
1.13745117
1.13171386
1.13000488
1.13012695
1.13464355
1.13195800
1.13183593
1.13281250
1.13635253
1.13525390
1.13195800
1.13195800
1.13427734
1.13134765
1.13220214
1.13647460
1.13146972
1.13183593
1.13317871
1.13366699
1.13183593
1.13220214
1.13439941
1.12927246
1.13122558
1.13659667
1.13525390
1.13073730
1.13146972
1.13244628
1.13073730
1.13134765
1.13208007
1.13146972
1.13598632
1.13171386
1.13500976
1.12902832
1.13183593
1.13378906
1.14892578
1.13684082
1.13085937
1.13867187
1.13659667
1.13598632
1.13171386
1.12866210
1.13720703
1.13525390
1.13122558
1.13977050
1.13391113
1.13500976
1.13525390
1.13513183
1.13000488
1.13671875
1.13024902
1.13073730
1.13037109
1.13098144
1.13439941
1.13012695
1.13769531
1.13159179
1.12939453
1.13989257
1.13195800
1.13781738
1.13696289
1.13049316
1.14257812
1.13623046
1.13427734
1.13122558
1.14355468
1.13269042
1.13598632
1.13012695
1.13049316
1.14404296
1.13403320
1.13879394
1.13720703
1.13696289
1.13806152
1.13244628
