1.13842773
1.13623046
1.13732910
1.13854980
1.13513183
1.13562011
1.13513183
1.13647460
1.13647460
1.13281250
1.13574218
1.13806152
1.13647460
1.13598632
1.13696289
1.13745117
1.13647460
1.13940429
1.13586425
1.13867187
1.13659667
1.13647460
1.13708496
1.13659667
1.14013671
1.13452148
1.13879394
1.13696289
1.13427734
1.13854980
1.14099121
1.13793945
1.13488769
1.13317871
1.13732910
1.13708496
1.13513183
1.13562011
1.13525390
1.13720703
1.14111328
1.13439941
1.13806152
1.13769531
1.13500976
1.13720703
1.13513183
1.13696289
1.13635253
1.13488769
1.13513183
1.13781738
1.13671875
1.13610839
1.14013671
1.13671875
1.13647460
1.13513183
1.13647460
1.13659667
1.13867187
1.13745117
1.13647460
1.13745117
1.13659667
1.13940429
1.13623046
1.13757324
1.13732910
1.13806152
1.13867187
1.13574218
1.13635253
1.13488769
1.13623046
1.13610839
1.13610839
1.13879394
1.13684082
1.13916015
1.13549804
1.13464355
1.13623046
1.13977050
1.13488769
1.13513183
1.13623046
1.13623046
1.13574218
1.13562011
1.13720703
1.13586425
1.13635253
1.13562011
1.13647460
1.13696289
1.14184570
1.13647460
1.13732910
1.13696289
1.13842773
1.13781738
1.13415527
1.13598632
1.14294433
1.13769531
1.13623046
1.13330078
1.13696289
1.13586425
1.13391113
1.13720703
1.13671875
1.13562011
1.14355468
1.13659667
1.13562011
1.13452148
1.13488769
1.13525390
1.13708496
1.13940429
1.13586425
1.13769531
1.13500976
1.13610839
1.13378906
1.14428710
1.13562011
1.13793945
1.13781738
1.13342285
1.14428710
1.14294433
1.13745117
1.13671875
1.13537597
1.13696289
1.13598632
1.13403320
1.13623046
1.13757324
1.13586425
1.13806152
1.13647460
1.13708496
1.13989257
1.13610839
1.13867187
1.13488769
1.13537597
1.13745117
1.13500976
1.13745117
1.13537597
1.13684082
1.14111328
1.13659667
1.13476562
1.13781738
1.13769531
1.13574218
1.13647460
1.13659667
1.13623046
1.13806152
1.13647460
1.13671875
1.13671875
1.13452148
1.13647460
1.13574218
1.13696289
1.13769531
1.13696289
1.13708496
1.13549804
1.13574218
1.13720703
1.13671875
1.13696289
1.13464355
1.13659667
1.13586425
1.13562011
1.13647460
1.13708496
1.13525390
1.13842773
1.13610839
1.13610839
1.13623046
1.13623046
1.13391113
1.13720703
1.14111328
1.13500976
1.13623046
1.13562011
1.13439941
