1.27734375
1.27746582
1.27160644
1.27954101
1.27380371
1.27844238
1.25732421
1.27478027
1.25646972
1.25842285
1.25476074
1.27368164
1.27307128
1.28649902
1.25488281
1.27844238
1.28381347
1.28991699
1.25805664
1.25756835
1.27697753
1.25488281
1.27355957
1.26879882
1.26684570
1.26342773
1.27563476
1.27075195
1.26940917
1.27478027
1.26257324
1.28527832
1.27514648
1.26977539
1.26037597
1.25085449
1.27160644
1.24865722
1.28295898
1.26464843
1.28283691
1.26269531
1.28173828
1.26770019
1.27526855
1.26684570
1.25524902
1.25781250
1.25610351
1.28125000
1.25341796
1.24963378
1.27197265
1.27380371
1.27429199
1.27111816
1.25500488
1.27319335
1.27148437
1.26269531
1.27209472
1.27087402
1.26232910
1.25695800
1.28942871
1.26721191
1.27319335
1.24743652
1.27209472
1.26696777
1.26916503
1.25451660
1.27099609
1.27880859
1.25500488
1.27893066
1.27600097
1.26623535
1.28234863
1.24682617
1.27380371
1.25476074
1.27294921
1.25317382
1.28564453
1.25671386
1.27001953
1.26159667
1.26647949
1.25805664
1.28527832
1.25585937
1.27075195
1.27307128
1.25378417
1.27392578
1.27221679
1.26440429
1.25695800
1.27355957
1.27868652
1.27185058
1.25683593
1.26196289
1.26818847
1.27172851
1.26464843
1.26696777
1.26782226
1.25610351
1.25842285
1.27648925
1.24877929
1.26660156
1.25476074
1.25537109
1.25280761
1.28894042
1.25073242
1.25231933
1.25695800
1.25610351
1.27880859
1.25708007
1.25634765
1.28649902
1.24560546
1.27075195
1.28173828
1.27575683
1.27282714
1.26489257
1.25341796
1.28234863
1.26159667
1.27587890
1.27343750
1.26037597
1.27380371
1.26501464
1.27368164
1.26525878
1.25903320
1.27770996
1.26403808
1.26501464
1.25512695
1.26525878
1.26989746
1.25268554
1.25683593
1.25537109
1.26318359
1.26379394
1.25634765
1.28857421
1.26855468
1.27856445
1.28063964
1.25744628
1.21594238
1.27404785
1.25891113
1.27429199
1.26684570
1.27270507
1.27221679
1.27526855
1.27185058
1.26049804
1.25561523
1.26391601
1.27282714
1.26586914
1.26757812
1.26501464
1.24145507
1.25854492
1.25622558
1.27136230
1.25244140
1.28881835
1.25109863
1.27758789
1.27258300
1.27368164
1.27502441
1.25817871
1.25244140
1.25793457
1.25476074
1.25366210
1.26672363
1.25634765
1.27160644
1.24584960
1.25927734
1.26806640
1.26965332
1.25134277
