1.24743652
1.27709960
1.24414062
1.28222656
1.27124023
1.28051757
1.25866699
1.26989746
1.27819824
1.26916503
1.25854492
1.27368164
1.28247070
1.26440429
1.25537109
1.26318359
1.25292968
1.24841308
1.27587890
1.27355957
1.25964355
1.26733398
1.25708007
1.25390625
1.27062988
1.27905273
1.26147460
1.25512695
1.25622558
1.25061035
1.25512695
1.28295898
1.25488281
1.25866699
1.26928710
1.27612304
1.28161621
1.27514648
1.27526855
1.27331542
1.26184082
1.27221679
1.28527832
1.26550292
1.25634765
1.25537109
1.27026367
1.25817871
1.27856445
1.25012207
1.26416015
1.25793457
1.27197265
1.26684570
1.26342773
1.26232910
1.27075195
1.25732421
1.25756835
1.26501464
1.28759765
1.25036621
1.27880859
1.25805664
1.27185058
1.25488281
1.25622558
1.26440429
1.27770996
1.25756835
1.25024414
1.26904296
1.27221679
1.26074218
1.27807617
1.25708007
1.28503417
1.25451660
1.27282714
1.26269531
1.26647949
1.27416992
1.28527832
1.26171875
1.27465820
1.26965332
1.27429199
1.28698730
1.28271484
1.26049804
1.27478027
1.26000976
1.26416015
1.27392578
1.27563476
1.26855468
1.28601074
1.25927734
1.27941894
1.25744628
1.27197265
1.25341796
1.24645996
1.28710937
1.27319335
1.27209472
1.27197265
1.27722167
1.27099609
1.25720214
1.27648925
1.25952148
1.27929687
1.27075195
1.27331542
1.26696777
1.25109863
1.26013183
1.28002929
1.27746582
1.25512695
1.27087402
1.26550292
1.25280761
1.26184082
1.28173828
1.25720214
1.27575683
1.25952148
1.27539062
1.23840332
1.26159667
1.27404785
1.27307128
1.27294921
1.27050781
1.27075195
1.27380371
1.28637695
1.27453613
1.28161621
1.27087402
1.25512695
1.25817871
1.26196289
1.25756835
1.26293945
1.25512695
1.25830078
1.28649902
1.26684570
1.25061035
1.23913574
1.27258300
1.28283691
1.25634765
1.27307128
1.27099609
1.26403808
1.25366210
1.28906250
1.25854492
1.25488281
1.25744628
1.28527832
1.27734375
1.26684570
1.26049804
1.26574707
1.25488281
1.28405761
1.27221679
1.27917480
1.26562500
1.27197265
1.26806640
1.25512695
1.27380371
1.27551269
1.25744628
1.27770996
1.25585937
1.26062011
1.26184082
1.25732421
1.25256347
1.24731445
1.26782226
1.25720214
1.25708007
1.25695800
1.25244140
1.27270507
1.25207519
1.26586914
1.25891113
1.27551269
1.25817871
1.25256347
1.28393554
