1.24975585
1.27978515
1.26354980
1.27453613
1.24865722
1.27905273
1.25158691
1.28759765
1.24768066
1.26782226
1.26318359
1.25744628
1.24780273
1.27563476
1.27124023
1.25683593
1.25622558
1.26635742
1.27197265
1.26953125
1.28479003
1.27148437
1.27038574
1.26831054
1.27124023
1.25524902
1.26989746
1.28051757
1.25512695
1.27197265
1.27514648
1.28405761
1.26806640
1.28283691
1.24536132
1.26184082
1.26794433
1.26989746
1.28430175
1.28527832
1.25671386
1.25793457
1.27441406
1.25793457
1.28857421
1.25537109
1.27001953
1.25085449
1.25903320
1.25744628
1.25744628
1.27697753
1.25805664
1.25878906
1.27270507
1.25805664
1.24755859
1.25903320
1.28747558
1.25756835
1.28881835
1.27307128
1.25622558
1.25720214
1.25683593
1.25097656
1.26672363
1.26708984
1.26940917
1.26403808
1.27026367
1.26184082
1.26525878
1.27917480
1.25659179
1.26501464
1.27246093
1.26611328
1.26843261
1.26940917
1.25646972
1.27636718
1.26489257
1.25817871
1.25781250
1.25720214
1.27185058
1.28381347
1.26965332
1.25903320
1.26684570
1.26953125
1.25134277
1.25744628
1.25537109
1.27270507
1.25891113
1.26574707
1.25732421
1.27319335
1.26708984
1.26208496
1.25720214
1.25024414
1.27563476
1.28894042
1.26318359
1.27661132
1.26184082
1.24877929
1.25561523
1.27905273
1.27197265
1.28051757
1.27416992
1.25622558
1.27282714
1.26831054
1.26562500
1.26318359
1.26428222
1.26892089
1.27197265
1.26623535
1.26586914
1.26245117
1.26831054
1.26965332
1.26196289
1.27539062
1.28320312
1.25866699
1.27050781
1.27758789
1.26098632
1.27050781
1.25207519
1.25366210
1.26953125
1.26818847
1.26232910
1.26916503
1.26745605
1.28247070
1.28820800
1.27136230
1.25659179
1.27026367
1.27502441
1.28637695
1.28149414
1.27734375
1.25756835
1.27490234
1.27270507
1.26525878
1.24853515
1.27319335
1.26599121
1.27575683
1.26733398
1.27392578
1.27636718
1.28369140
1.27099609
1.26147460
1.27099609
1.26672363
1.27160644
1.25708007
1.27612304
1.26696777
1.26586914
1.25109863
1.25561523
1.26708984
1.24206542
1.25793457
1.28405761
1.27185058
1.26806640
1.26171875
1.25744628
1.26293945
1.29382324
1.26562500
1.27465820
1.25866699
1.25085449
1.27124023
1.25219726
1.24255371
1.25939941
1.26818847
1.25964355
1.27465820
1.26049804
1.26831054
1.26953125
1.26818847
