1.26330566
1.27026367
1.27282714
1.25854492
1.25195312
1.26074218
1.26123046
1.26904296
1.26098632
1.26452636
1.27587890
1.25634765
1.26318359
1.26318359
1.27868652
1.26672363
1.26806640
1.25256347
1.25134277
1.27795410
1.27770996
1.25610351
1.27148437
1.27783203
1.27709960
1.26867675
1.26318359
1.27075195
1.25512695
1.27124023
1.27636718
1.25732421
1.27172851
1.27282714
1.25634765
1.25720214
1.27172851
1.27282714
1.26123046
1.28417968
1.26354980
1.28137207
1.27368164
1.26684570
1.25952148
1.27514648
1.25646972
1.25720214
1.27209472
1.25695800
1.25622558
1.27197265
1.25756835
1.27319335
1.25659179
1.26232910
1.25622558
1.27636718
1.25878906
1.26171875
1.26403808
1.27185058
1.27209472
1.28076171
1.27062988
1.25329589
1.27172851
1.26025390
1.26208496
1.26708984
1.27551269
1.25695800
1.27197265
1.27099609
1.27770996
1.25695800
1.25939941
1.25756835
1.26245117
1.27197265
1.27282714
1.27966308
1.27416992
1.27587890
1.26281738
1.28173828
1.27014160
1.27478027
1.25378417
1.26757812
1.27294921
1.27600097
1.26037597
1.27551269
1.27380371
1.25952148
1.26196289
1.26867675
1.26049804
1.25756835
1.27758789
1.26098632
1.26269531
1.26635742
1.26977539
1.25646972
1.25756835
1.25244140
1.27807617
1.27209472
1.25695800
1.25793457
1.26770019
1.26196289
1.25756835
1.27404785
1.25769042
1.26831054
1.27319335
1.25585937
1.26562500
1.26245117
1.27661132
1.28161621
1.27185058
1.28540039
1.26293945
1.26757812
1.27062988
1.27404785
1.27062988
1.25219726
1.24829101
1.25622558
1.25769042
1.25659179
1.26843261
1.21520996
1.25256347
1.25817871
1.27087402
1.24218750
1.25878906
1.27075195
1.25683593
1.27355957
1.26354980
1.25122070
1.27307128
1.26696777
1.28283691
1.27392578
1.26586914
1.27185058
1.26708984
1.26684570
1.26757812
1.26611328
1.25500488
1.26708984
1.25964355
1.25598144
1.25659179
1.26196289
1.25830078
1.27441406
1.27697753
1.26708984
1.25183105
1.25280761
1.26416015
1.25878906
1.27880859
1.25939941
1.26062011
1.27136230
1.27380371
1.27197265
1.25097656
1.27404785
1.26416015
1.25170898
1.27380371
1.27355957
1.26538085
1.25683593
1.25878906
1.27380371
1.27124023
1.25549316
1.27075195
1.25476074
1.26171875
1.27270507
1.27380371
1.23767089
1.28283691
1.26049804
1.28173828
1.26477050
