1.27307128
1.27648925
1.26281738
1.26245117
1.26684570
1.28637695
1.25842285
1.27221679
1.27416992
1.26147460
1.27490234
1.28540039
1.25988769
1.27233886
1.27478027
1.26672363
1.26147460
1.27416992
1.26123046
1.28784179
1.26245117
1.26574707
1.28881835
1.27392578
1.26879882
1.25622558
1.27343750
1.26171875
1.27038574
1.27209472
1.27062988
1.28405761
1.25451660
1.25817871
1.25646972
1.27185058
1.26708984
1.25341796
1.27392578
1.25671386
1.29003906
1.28149414
1.26696777
1.26477050
1.28210449
1.25781250
1.28027343
1.26159667
1.27551269
1.27294921
1.27160644
1.27539062
1.27258300
1.27551269
1.25683593
1.27282714
1.27319335
1.25622558
1.28771972
1.25231933
1.26940917
1.26562500
1.27221679
1.27197265
1.25231933
1.26049804
1.26733398
1.25817871
1.27062988
1.27319335
1.25622558
1.25512695
1.24157714
1.26403808
1.25756835
1.26831054
1.25256347
1.27197265
1.27893066
1.26965332
1.27233886
1.27075195
1.26196289
1.26184082
1.25878906
1.25463867
1.26489257
1.28479003
1.25097656
1.27392578
1.25292968
1.25939941
1.26184082
1.28295898
1.25842285
1.27893066
1.25305175
1.27416992
1.27197265
1.25866699
1.25634765
1.25598144
1.26989746
1.28771972
1.25805664
1.25866699
1.27319335
1.25842285
1.27050781
1.27258300
1.27136230
1.25952148
1.27099609
1.25817871
1.27905273
1.24743652
1.26867675
1.26843261
1.28515625
1.27416992
1.26843261
1.27136230
1.28173828
1.27404785
1.27221679
1.26525878
1.28405761
1.26232910
1.25805664
1.25231933
1.27551269
1.26574707
1.25683593
1.25048828
1.26635742
1.27746582
1.26953125
1.27490234
1.27258300
1.24877929
1.24548339
1.27380371
1.24328613
1.27331542
1.27880859
1.25244140
1.27416992
1.26147460
1.27197265
1.27319335
1.25817871
1.26916503
1.29248046
1.27661132
1.27282714
1.26184082
1.28674316
1.25939941
1.25488281
1.26635742
1.26245117
1.27404785
1.27062988
1.25891113
1.25903320
1.27404785
1.27893066
1.25878906
1.25683593
1.28979492
1.23779296
1.26818847
1.26184082
1.25927734
1.27807617
1.26623535
1.27319335
1.25683593
1.25109863
1.25634765
1.28308105
1.25122070
1.26464843
1.24816894
1.27526855
1.27355957
1.25817871
1.25756835
1.25573730
1.25732421
1.26306152
1.25708007
1.27148437
1.24853515
1.25817871
1.25769042
1.25134277
1.26538085
1.25598144
1.27600097
