1.25207519
1.26928710
1.28027343
1.27160644
1.28149414
1.27343750
1.27197265
1.25988769
1.25317382
1.27380371
1.26062011
1.26806640
1.25817871
1.27136230
1.27111816
1.27075195
1.25720214
1.28161621
1.26257324
1.25292968
1.25695800
1.26843261
1.25732421
1.25744628
1.25622558
1.26123046
1.26782226
1.27416992
1.27770996
1.25378417
1.25598144
1.25708007
1.27880859
1.26696777
1.26879882
1.26708984
1.27075195
1.26123046
1.26354980
1.26892089
1.25622558
1.27893066
1.24487304
1.28051757
1.28662109
1.25878906
1.26330566
1.26025390
1.28369140
1.25805664
1.28576660
1.28674316
1.27294921
1.29626464
1.25732421
1.27880859
1.26672363
1.26562500
1.26904296
1.25622558
1.27783203
1.26635742
1.25769042
1.28649902
1.26269531
1.27099609
1.25500488
1.28649902
1.25512695
1.28540039
1.27441406
1.25598144
1.26562500
1.27185058
1.27282714
1.26977539
1.27197265
1.26660156
1.27807617
1.28771972
1.25256347
1.25512695
1.27526855
1.26318359
1.27526855
1.26855468
1.27136230
1.28234863
1.27258300
1.27136230
1.28198242
1.27050781
1.28332519
1.26135253
1.27587890
1.26928710
1.25805664
1.27880859
1.27404785
1.26635742
1.27307128
1.25756835
1.26818847
1.27758789
1.25830078
1.27197265
1.28137207
1.26818847
1.27307128
1.27502441
1.26281738
1.25708007
1.24731445
1.26330566
1.28601074
1.26696777
1.26110839
1.25122070
1.25585937
1.25756835
1.25830078
1.25622558
1.27600097
1.25878906
1.26110839
1.27148437
1.25781250
1.28552246
1.27197265
1.27563476
1.25561523
1.26879882
1.25988769
1.27404785
1.28149414
1.27392578
1.26538085
1.28674316
1.28552246
1.28784179
1.27270507
1.27050781
1.26086425
1.27136230
1.26354980
1.25830078
1.25500488
1.25891113
1.27746582
1.26428222
1.26745605
1.28015136
1.26354980
1.28149414
1.25476074
1.24951171
1.28735351
1.27331542
1.28540039
1.24792480
1.25939941
1.25976562
1.28210449
1.25500488
1.25622558
1.25659179
1.27380371
1.27258300
1.24060058
1.26574707
1.26062011
1.26989746
1.26599121
1.27355957
1.27050781
1.25781250
1.27026367
1.27172851
1.27453613
1.28564453
1.25854492
1.27258300
1.27539062
1.27539062
1.27087402
1.27416992
1.27392578
1.25732421
1.25512695
1.27380371
1.27404785
1.27258300
1.26135253
1.25512695
1.25610351
1.25244140
1.24682617
1.25268554
1.26013183
1.27136230
