1.25451660
1.25744628
1.25854492
1.27258300
1.28857421
1.25622558
1.26684570
1.27380371
1.25866699
1.26550292
1.27185058
1.26782226
1.25842285
1.27075195
1.24719238
1.28674316
1.27062988
1.26721191
1.27246093
1.27209472
1.26062011
1.27087402
1.26440429
1.28723144
1.25744628
1.25769042
1.28112792
1.27075195
1.26342773
1.25878906
1.25109863
1.26672363
1.28637695
1.25634765
1.25402832
1.25817871
1.27014160
1.25927734
1.27343750
1.27929687
1.26342773
1.26074218
1.26599121
1.27050781
1.26647949
1.24414062
1.26806640
1.27050781
1.28845214
1.26428222
1.24743652
1.29138183
1.27404785
1.25012207
1.25537109
1.27282714
1.26086425
1.26708984
1.25781250
1.27429199
1.25561523
1.25964355
1.24926757
1.27783203
1.26306152
1.25952148
1.27319335
1.27319335
1.25756835
1.27307128
1.27941894
1.26184082
1.27770996
1.27600097
1.26550292
1.27050781
1.27099609
1.27038574
1.26013183
1.27404785
1.27294921
1.28918457
1.25207519
1.27197265
1.25891113
1.25878906
1.27111816
1.28002929
1.27770996
1.27197265
1.26708984
1.25842285
1.25695800
1.26831054
1.27148437
1.25830078
1.27368164
1.26037597
1.27246093
1.25903320
1.24609375
1.25524902
1.28771972
1.27941894
1.26000976
1.26611328
1.25830078
1.27221679
1.27001953
1.28637695
1.25708007
1.28088378
1.27868652
1.26464843
1.27050781
1.28051757
1.25952148
1.28051757
1.27795410
1.26550292
1.26037597
1.26477050
1.27160644
1.28417968
1.26611328
1.27404785
1.27062988
1.27465820
1.24621582
1.28381347
1.27954101
1.25183105
1.27185058
1.26062011
1.26428222
1.26586914
1.28271484
1.27734375
1.27636718
1.27880859
1.25488281
1.22583007
1.25000000
1.25610351
1.28881835
1.26513671
1.27026367
1.25720214
1.25756835
1.25781250
1.25390625
1.26623535
1.25830078
1.26831054
1.27136230
1.27160644
1.27648925
1.27282714
1.26904296
1.27404785
1.26684570
1.27404785
1.25842285
1.27453613
1.25683593
1.25354003
1.26501464
1.27746582
1.27392578
1.25781250
1.25732421
1.28649902
1.25732421
1.27209472
1.28283691
1.27172851
1.25720214
1.24914550
1.25927734
1.26879882
1.26806640
1.26000976
1.27380371
1.27111816
1.28015136
1.27001953
1.25512695
1.28527832
1.26757812
1.27075195
1.28283691
1.26806640
1.27233886
1.27197265
1.27307128
1.26647949
1.25695800
1.26916503
1.26403808
1.25817871
