1.26818847
1.26525878
1.26049804
1.27258300
1.24719238
1.26208496
1.26147460
1.25927734
1.28808593
1.26098632
1.27331542
1.25866699
1.26440429
1.25207519
1.25817871
1.25000000
1.25744628
1.27783203
1.25659179
1.25732421
1.26708984
1.28881835
1.26696777
1.26025390
1.27197265
1.27001953
1.25378417
1.27307128
1.25854492
1.25451660
1.27294921
1.27172851
1.27868652
1.28222656
1.27038574
1.26171875
1.27636718
1.26733398
1.27087402
1.26525878
1.27380371
1.26330566
1.27185058
1.25488281
1.25952148
1.28759765
1.25732421
1.25817871
1.28686523
1.27197265
1.26757812
1.27404785
1.27319335
1.25524902
1.27111816
1.25903320
1.25646972
1.27758789
1.26269531
1.26464843
1.25756835
1.26586914
1.26049804
1.29113769
1.25732421
1.27331542
1.27563476
1.28271484
1.25744628
1.25244140
1.28210449
1.28710937
1.25512695
1.27001953
1.25476074
1.27416992
1.25329589
1.26037597
1.26379394
1.26538085
1.27404785
1.25891113
1.28540039
1.25537109
1.28796386
1.26940917
1.25500488
1.25817871
1.27502441
1.27197265
1.26623535
1.27209472
1.25744628
1.26562500
1.26257324
1.27221679
1.27246093
1.27038574
1.26135253
1.27026367
1.27673339
1.26599121
1.27282714
1.26147460
1.27270507
1.28637695
1.28674316
1.25756835
1.24719238
1.27124023
1.25231933
1.26599121
1.26110839
1.25573730
1.27197265
1.27392578
1.26110839
1.27148437
1.26831054
1.26843261
1.27416992
1.26794433
1.27526855
1.27453613
1.28320312
1.27429199
1.26696777
1.27844238
1.26660156
1.24792480
1.27844238
1.25854492
1.27758789
1.25305175
1.27294921
1.27258300
1.27062988
1.26123046
1.27368164
1.26416015
1.25915527
1.25634765
1.25854492
1.27246093
1.27441406
1.27539062
1.25659179
1.25524902
1.25634765
1.27502441
1.26171875
1.28393554
1.27026367
1.25231933
1.25573730
1.25097656
1.25634765
1.27258300
1.25537109
1.27624511
1.26550292
1.25964355
1.27294921
1.26770019
1.28796386
1.26806640
1.27099609
1.27709960
1.26708984
1.27783203
1.26049804
1.25329589
1.25976562
1.25537109
1.25805664
1.26696777
1.25842285
1.25354003
1.26696777
1.26818847
1.25927734
1.26611328
1.25231933
1.27001953
1.28332519
1.27502441
1.26623535
1.25488281
1.27929687
1.27075195
1.27661132
1.27172851
1.25927734
1.26843261
1.26513671
1.24719238
1.27246093
1.25122070
1.26232910
1.25744628
