1.26599121
1.27124023
1.26953125
1.27319335
1.28002929
1.28283691
1.26550292
1.28723144
1.28430175
1.27404785
1.26110839
1.26757812
1.25952148
1.24865722
1.26672363
1.27233886
1.26379394
1.27282714
1.27270507
1.25732421
1.25878906
1.28002929
1.25622558
1.27087402
1.25842285
1.25415039
1.28759765
1.26928710
1.26318359
1.26428222
1.25695800
1.27160644
1.26745605
1.27819824
1.27111816
1.28161621
1.26245117
1.27282714
1.28625488
1.28295898
1.26733398
1.27563476
1.27392578
1.25866699
1.26562500
1.26708984
1.25268554
1.27685546
1.28649902
1.24841308
1.27026367
1.26220703
1.25781250
1.26843261
1.27136230
1.26550292
1.25732421
1.27478027
1.26306152
1.25732421
1.25512695
1.27014160
1.25573730
1.27307128
1.25097656
1.28698730
1.27282714
1.26989746
1.26147460
1.25598144
1.26892089
1.25744628
1.25378417
1.28906250
1.27880859
1.25537109
1.26672363
1.26977539
1.26330566
1.28332519
1.28369140
1.26159667
1.25561523
1.26867675
1.28234863
1.26220703
1.27929687
1.27026367
1.25769042
1.26306152
1.26550292
1.26831054
1.25817871
1.27172851
1.25219726
1.26586914
1.26770019
1.25756835
1.27368164
1.25622558
1.25659179
1.27026367
1.27294921
1.28759765
1.28320312
1.29028320
1.28161621
1.27319335
1.28820800
1.26196289
1.26000976
1.28894042
1.25500488
1.27636718
1.28649902
1.28002929
1.25500488
1.25842285
1.27514648
1.26733398
1.27526855
1.26354980
1.26525878
1.25964355
1.28405761
1.27612304
1.26550292
1.25598144
1.28588867
1.26196289
1.27758789
1.27270507
1.25854492
1.27294921
1.25280761
1.28881835
1.25830078
1.26733398
1.26269531
1.27050781
1.25964355
1.25305175
1.28271484
1.25146484
1.28625488
1.25622558
1.26379394
1.26354980
1.28271484
1.26452636
1.25488281
1.26208496
1.26696777
1.24243164
1.27343750
1.25866699
1.26708984
1.26721191
1.27319335
1.26562500
1.26586914
1.25842285
1.26367187
1.27282714
1.27795410
1.25708007
1.27526855
1.26220703
1.26928710
1.25939941
1.28125000
1.27832031
1.26550292
1.27905273
1.26196289
1.27343750
1.27600097
1.25830078
1.27148437
1.26684570
1.25854492
1.27282714
1.25158691
1.27502441
1.25634765
1.27197265
1.25354003
1.28881835
1.27587890
1.25439453
1.24816894
1.25646972
1.25500488
1.25488281
1.26147460
1.28308105
1.25610351
1.24633789
1.26086425
1.27526855
