1.26477050
1.25524902
1.24865722
1.27062988
1.27307128
1.27294921
1.27770996
1.24072265
1.26416015
1.27380371
1.25952148
1.27880859
1.27795410
1.28125000
1.26000976
1.27404785
1.26782226
1.25842285
1.26354980
1.27880859
1.25610351
1.25622558
1.25610351
1.25732421
1.25512695
1.26196289
1.26184082
1.26354980
1.26806640
1.25476074
1.27185058
1.27514648
1.27416992
1.27648925
1.27233886
1.26684570
1.27539062
1.25646972
1.27807617
1.27258300
1.25659179
1.27282714
1.28259277
1.28039550
1.26989746
1.25939941
1.25646972
1.27783203
1.28601074
1.26696777
1.25390625
1.26696777
1.25952148
1.28649902
1.25610351
1.25756835
1.27893066
1.27929687
1.27270507
1.27136230
1.26538085
1.26647949
1.26757812
1.27197265
1.27099609
1.26989746
1.26318359
1.25634765
1.26708984
1.25732421
1.25305175
1.26770019
1.25463867
1.27355957
1.26513671
1.25000000
1.27575683
1.27343750
1.26806640
1.27526855
1.27160644
1.25756835
1.28405761
1.26940917
1.26318359
1.28735351
1.27880859
1.26660156
1.25244140
1.24987792
1.28076171
1.27575683
1.26074218
1.27087402
1.26208496
1.27075195
1.27294921
1.27050781
1.26782226
1.27270507
1.25939941
1.26965332
1.25256347
1.27148437
1.25622558
1.25622558
1.28527832
1.27111816
1.25146484
1.28527832
1.25537109
1.26513671
1.27770996
1.25732421
1.27197265
1.27416992
1.28356933
1.27050781
1.26721191
1.27270507
1.26928710
1.27246093
1.27624511
1.25952148
1.27551269
1.25744628
1.27319335
1.27197265
1.25939941
1.27099609
1.27087402
1.28771972
1.27478027
1.25512695
1.25048828
1.25476074
1.27209472
1.27294921
1.25183105
1.25231933
1.26293945
1.26086425
1.25744628
1.27294921
1.26208496
1.25036621
1.26037597
1.25988769
1.26525878
1.24609375
1.25695800
1.28674316
1.25891113
1.27282714
1.25634765
1.26953125
1.24780273
1.26684570
1.26123046
1.27258300
1.26782226
1.27600097
1.27624511
1.26403808
1.25854492
1.24780273
1.28857421
1.28173828
1.25622558
1.25756835
1.25744628
1.27197265
1.27075195
1.26623535
1.26806640
1.25512695
1.26879882
1.25610351
1.25048828
1.27490234
1.25122070
1.25756835
1.25134277
1.26708984
1.25073242
1.28662109
1.25146484
1.27880859
1.25610351
1.25573730
1.27343750
1.25659179
1.27282714
1.25830078
1.28283691
1.25720214
1.26647949
1.26733398
1.26147460
1.25842285
