1.27416992
1.26208496
1.26208496
1.27539062
1.27661132
1.26525878
1.26086425
1.25439453
1.27539062
1.27819824
1.26220703
1.26257324
1.26208496
1.26770019
1.27795410
1.26428222
1.26708984
1.26086425
1.26672363
1.26208496
1.26599121
1.26708984
1.27575683
1.26562500
1.26660156
1.27539062
1.26696777
1.27795410
1.27539062
1.26208496
1.27416992
1.26501464
1.27624511
1.27465820
1.27770996
1.27807617
1.27526855
1.27624511
1.26708984
1.25488281
1.27697753
1.26379394
1.27954101
1.26428222
1.27917480
1.26171875
1.26416015
1.27319335
1.26562500
1.26806640
1.26647949
1.27197265
1.26171875
1.26586914
1.25207519
1.26354980
1.28283691
1.27319335
1.25793457
1.27770996
1.27539062
1.27661132
1.26660156
1.27661132
1.27539062
1.26208496
1.26782226
1.26843261
1.25952148
1.26818847
1.28417968
1.26049804
1.27673339
1.27819824
1.26086425
1.27746582
1.26123046
1.26098632
1.27429199
1.26477050
1.26647949
1.26928710
1.27539062
1.26660156
1.26660156
1.28466796
1.26208496
1.26806640
1.27416992
1.25976562
1.25683593
1.26538085
1.27539062
1.27136230
1.27539062
1.26208496
1.28002929
1.26916503
1.26538085
1.26599121
1.26330566
1.27014160
1.27368164
1.26953125
1.26782226
1.25122070
1.25708007
1.27526855
1.26562500
1.27783203
1.26062011
1.26892089
1.25695800
1.26196289
1.26586914
1.26660156
1.26818847
1.26757812
1.27661132
1.27539062
1.27416992
1.27783203
1.27709960
1.27587890
1.26831054
1.26660156
1.26293945
1.28271484
1.27172851
1.27062988
1.27722167
1.26440429
1.25964355
1.26086425
1.26647949
1.26879882
1.26696777
1.27783203
1.27172851
1.27172851
1.25915527
1.26586914
1.26696777
1.26074218
1.27661132
1.26135253
1.27551269
1.25964355
1.27661132
1.26708984
1.26452636
1.26599121
1.26330566
1.26977539
1.27416992
1.26330566
1.25732421
1.25366210
1.27294921
1.26354980
1.28186035
1.26574707
1.27551269
1.26208496
1.26538085
1.26501464
1.26708984
1.26721191
1.27185058
1.27502441
1.26525878
1.26745605
1.26660156
1.27722167
1.26733398
1.26904296
1.26208496
1.27600097
1.26098632
1.26660156
1.25708007
1.27478027
1.27270507
1.27551269
1.26318359
1.26782226
1.26232910
1.26489257
1.26721191
1.28015136
1.26708984
1.26074218
1.26220703
1.27795410
1.26782226
1.27673339
1.27282714
1.26147460
1.26538085
1.26843261
