1.27014160
1.26354980
1.27551269
1.26782226
1.26574707
1.26049804
1.27661132
1.28051757
1.26135253
1.25817871
1.26782226
1.26611328
1.27368164
1.27404785
1.26660156
1.26110839
1.26281738
1.26452636
1.27795410
1.27929687
1.26110839
1.27685546
1.27172851
1.26745605
1.26208496
1.27697753
1.26379394
1.27673339
1.26135253
1.28027343
1.26184082
1.26660156
1.26574707
1.26440429
1.26293945
1.26416015
1.27307128
1.26220703
1.25805664
1.28161621
1.26306152
1.27014160
1.27087402
1.26684570
1.26660156
1.26672363
1.26342773
1.25708007
1.27783203
1.27661132
1.27441406
1.25354003
1.26525878
1.26208496
1.27185058
1.26660156
1.25939941
1.26330566
1.26306152
1.27429199
1.27526855
1.26879882
1.27526855
1.26135253
1.28222656
1.26721191
1.27551269
1.27758789
1.25585937
1.27661132
1.27734375
1.26171875
1.27648925
1.26660156
1.26049804
1.27600097
1.26208496
1.27648925
1.28466796
1.27819824
1.27685546
1.27673339
1.27648925
1.27099609
1.26904296
1.26806640
1.27661132
1.26257324
1.26647949
1.27539062
1.27539062
1.27783203
1.26904296
1.27575683
1.26220703
1.27673339
1.27978515
1.27014160
1.26684570
1.27075195
1.26672363
1.26916503
1.27014160
1.27014160
1.27673339
1.26184082
1.26843261
1.26379394
1.26696777
1.26220703
1.27038574
1.26672363
1.26574707
1.27172851
1.27612304
1.26660156
1.27038574
1.26208496
1.26660156
1.26660156
1.26062011
1.26147460
1.26562500
1.26538085
1.25781250
1.26440429
1.25695800
1.26843261
1.28198242
1.25988769
1.27661132
1.26025390
1.26586914
1.26708984
1.26928710
1.26123046
1.28405761
1.26330566
1.26037597
1.26342773
1.26025390
1.26660156
1.26550292
1.27526855
1.26892089
1.27539062
1.27648925
1.27795410
1.26660156
1.27648925
1.27758789
1.27539062
1.27783203
1.27661132
1.26721191
1.26721191
1.26550292
1.26611328
1.26562500
1.26831054
1.27978515
1.28234863
1.26831054
1.26220703
1.27587890
1.26440429
1.26599121
1.27160644
1.26599121
1.28161621
1.26306152
1.26501464
1.26171875
1.26599121
1.27270507
1.28161621
1.27917480
1.28149414
1.26684570
1.27148437
1.25964355
1.25952148
1.25976562
1.25634765
1.25329589
1.26306152
1.26110839
1.26647949
1.26672363
1.28039550
1.26733398
1.26647949
1.26708984
1.28173828
1.26721191
1.27978515
1.26660156
1.28271484
1.28125000
1.26782226
