1.26867675
1.26940917
1.26428222
1.27294921
1.26452636
1.26208496
1.27709960
1.26354980
1.26831054
1.26477050
1.26086425
1.26672363
1.25585937
1.25610351
1.27172851
1.26538085
1.26745605
1.27221679
1.25866699
1.26220703
1.26184082
1.26342773
1.26574707
1.26611328
1.26452636
1.26904296
1.26452636
1.27404785
1.25805664
1.28271484
1.28039550
1.27929687
1.28417968
1.27575683
1.26989746
1.26672363
1.26892089
1.27185058
1.26660156
1.26281738
1.27661132
1.26293945
1.26000976
1.26257324
1.25915527
1.26354980
1.26892089
1.26904296
1.27233886
1.27783203
1.26940917
1.27905273
1.26843261
1.26892089
1.26574707
1.26330566
1.26452636
1.27697753
1.27661132
1.26843261
1.26464843
1.26843261
1.26086425
1.27539062
1.26782226
1.27648925
1.27539062
1.27746582
1.27661132
1.26306152
1.26757812
1.26086425
1.27648925
1.26660156
1.26782226
1.26013183
1.26647949
1.26171875
1.26660156
1.28161621
1.26660156
1.25732421
1.27563476
1.26660156
1.27416992
1.26428222
1.27172851
1.26745605
1.26892089
1.26684570
1.26171875
1.26965332
1.28149414
1.26354980
1.27917480
1.28381347
1.26843261
1.26708984
1.26391601
1.26306152
1.26293945
1.26416015
1.26757812
1.27917480
1.26892089
1.27734375
1.26770019
1.27355957
1.27429199
1.25817871
1.27807617
1.27600097
1.26782226
1.27392578
1.27929687
1.27661132
1.27685546
1.27770996
1.27758789
1.27587890
1.26782226
1.26965332
1.26611328
1.27026367
1.26428222
1.27514648
1.26599121
1.26782226
1.26306152
1.26745605
1.26660156
1.26660156
1.26171875
1.26306152
1.26464843
1.25207519
1.25988769
1.26464843
1.26525878
1.26367187
1.27685546
1.28283691
1.26708984
1.26928710
1.26745605
1.28015136
1.26098632
1.26745605
1.26098632
1.27087402
1.28173828
1.28149414
1.28149414
1.26586914
1.28161621
1.26342773
1.26647949
1.26123046
1.26403808
1.27502441
1.25878906
1.26318359
1.27722167
1.26330566
1.26660156
1.28283691
1.27673339
1.28161621
1.27661132
1.27563476
1.27661132
1.26940917
1.27673339
1.26342773
1.26660156
1.26123046
1.27172851
1.26062011
1.26721191
1.26708984
1.27416992
1.26098632
1.27282714
1.27697753
1.27697753
1.26513671
1.26281738
1.27197265
1.26208496
1.27539062
1.26562500
1.26428222
1.26696777
1.27307128
1.26733398
1.26086425
1.26074218
1.26208496
1.27209472
1.26635742
