1.27062988
1.26416015
1.27709960
1.26770019
1.27673339
1.27893066
1.27539062
1.27648925
1.27697753
1.27539062
1.26025390
1.27282714
1.27392578
1.27416992
1.26696777
1.27526855
1.27429199
1.27746582
1.27453613
1.26464843
1.27941894
1.25976562
1.25573730
1.27539062
1.27404785
1.26660156
1.26831054
1.26611328
1.25817871
1.25939941
1.27587890
1.26928710
1.26660156
1.27807617
1.26708984
1.27441406
1.26904296
1.27404785
1.26330566
1.26184082
1.25695800
1.25451660
1.26171875
1.26672363
1.26660156
1.26525878
1.27648925
1.27563476
1.27673339
1.26086425
1.26770019
1.26208496
1.27526855
1.26647949
1.26647949
1.26623535
1.26208496
1.26892089
1.26477050
1.27416992
1.27880859
1.26293945
1.26770019
1.27648925
1.27294921
1.28015136
1.26892089
1.26904296
1.26782226
1.28039550
1.26586914
1.26965332
1.26159667
1.27880859
1.26660156
1.27563476
1.27539062
1.27661132
1.26818847
1.27136230
1.26098632
1.28149414
1.26086425
1.27648925
1.26794433
1.26647949
1.26318359
1.26599121
1.27807617
1.26354980
1.27539062
1.25964355
1.26623535
1.26184082
1.27978515
1.26220703
1.27575683
1.26220703
1.26611328
1.26721191
1.27697753
1.26660156
1.26452636
1.27758789
1.26208496
1.27941894
1.25854492
1.25805664
1.25805664
1.26940917
1.27575683
1.26110839
1.27429199
1.26843261
1.26599121
1.27062988
1.26599121
1.26672363
1.28039550
1.27429199
1.26440429
1.27807617
1.25195312
1.26660156
1.25854492
1.26477050
1.26904296
1.27612304
1.26660156
1.26257324
1.27343750
1.25793457
1.27648925
1.27526855
1.28002929
1.27783203
1.26855468
1.27770996
1.26831054
1.27783203
1.26062011
1.27770996
1.27453613
1.26208496
1.26721191
1.27673339
1.27905273
1.26843261
1.27661132
1.27783203
1.27612304
1.25830078
1.27331542
1.25598144
1.27172851
1.26416015
1.25732421
1.25561523
1.25854492
1.26245117
1.27319335
1.26647949
1.26831054
1.27868652
1.27563476
1.27905273
1.26208496
1.26708984
1.27600097
1.26892089
1.27758789
1.27807617
1.26525878
1.27453613
1.27905273
1.27099609
1.27539062
1.27172851
1.27770996
1.27795410
1.27783203
1.27661132
1.27661132
1.27185058
1.26684570
1.27160644
1.26660156
1.28283691
1.26721191
1.27575683
1.26184082
1.27807617
1.27319335
1.27551269
1.27758789
1.27807617
1.27539062
1.25683593
1.27673339
1.27429199
