1.26232910
1.27783203
1.27709960
1.26342773
1.27648925
1.26330566
1.27453613
1.26782226
1.25878906
1.27636718
1.27783203
1.27648925
1.26818847
1.27709960
1.26806640
1.27294921
1.27661132
1.26159667
1.25354003
1.28137207
1.26782226
1.27893066
1.26452636
1.27062988
1.26342773
1.27172851
1.26477050
1.25976562
1.26452636
1.26489257
1.26098632
1.27355957
1.27697753
1.26281738
1.27551269
1.26342773
1.28320312
1.26696777
1.26770019
1.26721191
1.27990722
1.26538085
1.26525878
1.26354980
1.26660156
1.27893066
1.27685546
1.28186035
1.27343750
1.28283691
1.27917480
1.26708984
1.28137207
1.26635742
1.28161621
1.26489257
1.26672363
1.28161621
1.26831054
1.25927734
1.26452636
1.27807617
1.26477050
1.26660156
1.26782226
1.25817871
1.26452636
1.25573730
1.26660156
1.26660156
1.26110839
1.25952148
1.26330566
1.26745605
1.26220703
1.26708984
1.26281738
1.26562500
1.24963378
1.26708984
1.24975585
1.26196289
1.27917480
1.27880859
1.26208496
1.26660156
1.26098632
1.27124023
1.26904296
1.27709960
1.26745605
1.26818847
1.26953125
1.26013183
1.26098632
1.26245117
1.26586914
1.27392578
1.26660156
1.27539062
1.26660156
1.26184082
1.29028320
1.26733398
1.27648925
1.27673339
1.25085449
1.25976562
1.26550292
1.26599121
1.28161621
1.27844238
1.26208496
1.26452636
1.27929687
1.27685546
1.26538085
1.26477050
1.26354980
1.27929687
1.26708984
1.26794433
1.27075195
1.26953125
1.26489257
1.27539062
1.26464843
1.25805664
1.26525878
1.26660156
1.26745605
1.28161621
1.27648925
1.26245117
1.26416015
1.26672363
1.26855468
1.26464843
1.25732421
1.26428222
1.27185058
1.27172851
1.27539062
1.27307128
1.26379394
1.26464843
1.27502441
1.27770996
1.27441406
1.26684570
1.27539062
1.26293945
1.26452636
1.26391601
1.27661132
1.27136230
1.26708984
1.25964355
1.27648925
1.25964355
1.26855468
1.26086425
1.26818847
1.27685546
1.27563476
1.27563476
1.25268554
1.27026367
1.27575683
1.27783203
1.26806640
1.27893066
1.26525878
1.25354003
1.26757812
1.26208496
1.27539062
1.26745605
1.26806640
1.27526855
1.26794433
1.26721191
1.25695800
1.27441406
1.27429199
1.26574707
1.25439453
1.26159667
1.26647949
1.26745605
1.26782226
1.26647949
1.27587890
1.26489257
1.26782226
1.26904296
1.27355957
1.27038574
1.26989746
1.27539062
