1.27258300
1.26696777
1.26220703
1.26464843
1.26318359
1.27893066
1.27770996
1.27600097
1.26245117
1.27514648
1.26293945
1.27416992
1.27978515
1.26318359
1.26477050
1.26525878
1.27526855
1.25842285
1.27478027
1.25842285
1.26098632
1.26123046
1.26550292
1.26672363
1.27661132
1.26452636
1.27294921
1.26879882
1.27758789
1.27661132
1.26464843
1.27429199
1.27453613
1.27319335
1.27416992
1.27526855
1.26696777
1.26611328
1.26965332
1.27722167
1.27111816
1.27539062
1.26037597
1.27539062
1.27770996
1.27490234
1.27551269
1.27551269
1.26086425
1.26831054
1.26245117
1.27294921
1.26782226
1.27282714
1.27661132
1.26782226
1.27539062
1.26782226
1.26843261
1.27783203
1.27795410
1.26416015
1.27282714
1.28271484
1.27770996
1.26208496
1.27246093
1.27429199
1.26782226
1.26708984
1.26708984
1.26171875
1.27648925
1.26782226
1.27673339
1.28271484
1.28051757
1.26611328
1.26782226
1.27429199
1.27661132
1.27746582
1.26110839
1.27319335
1.26904296
1.28161621
1.27075195
1.26782226
1.26782226
1.26782226
1.27661132
1.26806640
1.25805664
1.28039550
1.27661132
1.26220703
1.26660156
1.26696777
1.26538085
1.26660156
1.25854492
1.26782226
1.26782226
1.26062011
1.26782226
1.26721191
1.25964355
1.26635742
1.26293945
1.26721191
1.26391601
1.27429199
1.25976562
1.27661132
1.27416992
1.27661132
1.28515625
1.27600097
1.27844238
1.25439453
1.26904296
1.26721191
1.26672363
1.26782226
1.26782226
1.26062011
1.26770019
1.27160644
1.27661132
1.27661132
1.27783203
1.25939941
1.27673339
1.26770019
1.26440429
1.26831054
1.27905273
1.26220703
1.28039550
1.26098632
1.26660156
1.26208496
1.26550292
1.26000976
1.26538085
1.26086425
1.26562500
1.26708984
1.27783203
1.26782226
1.27294921
1.26464843
1.27429199
1.24914550
1.27404785
1.27319335
1.27490234
1.26770019
1.26220703
1.25720214
1.26049804
1.26684570
1.27148437
1.26806640
1.25695800
1.27661132
1.26660156
1.26940917
1.26599121
1.27600097
1.27319335
1.26660156
1.27551269
1.27038574
1.27331542
1.26660156
1.26599121
1.28137207
1.26171875
1.27905273
1.27990722
1.26342773
1.26342773
1.26208496
1.26684570
1.27685546
1.26000976
1.27905273
1.27734375
1.27343750
1.26196289
1.27661132
1.26660156
1.26831054
1.26354980
1.26525878
1.26745605
1.26660156
1.26330566
1.26953125
