1.26660156
1.25769042
1.27746582
1.26879882
1.26025390
1.25793457
1.26782226
1.26708984
1.26574707
1.26843261
1.26525878
1.26306152
1.28039550
1.25964355
1.27429199
1.26184082
1.27539062
1.27514648
1.25976562
1.27673339
1.26892089
1.26672363
1.26770019
1.26745605
1.26818847
1.26416015
1.26892089
1.28283691
1.27661132
1.26464843
1.27429199
1.26550292
1.27368164
1.27172851
1.26391601
1.26171875
1.26171875
1.27404785
1.26611328
1.27661132
1.26831054
1.27307128
1.26220703
1.26660156
1.26696777
1.26965332
1.26721191
1.26269531
1.26660156
1.26525878
1.26782226
1.26782226
1.26660156
1.26232910
1.26892089
1.26782226
1.26782226
1.26867675
1.26782226
1.26538085
1.26403808
1.26647949
1.26782226
1.26184082
1.26660156
1.26770019
1.27429199
1.26586914
1.27673339
1.26147460
1.26770019
1.27136230
1.26660156
1.27001953
1.26306152
1.27807617
1.27795410
1.27551269
1.27661132
1.26770019
1.27783203
1.27929687
1.27661132
1.25720214
1.27783203
1.26281738
1.26708984
1.27563476
1.27661132
1.26782226
1.26782226
1.26831054
1.26208496
1.26892089
1.26086425
1.28027343
1.26171875
1.26782226
1.26672363
1.26806640
1.26892089
1.26867675
1.26477050
1.27539062
1.26660156
1.26806640
1.27624511
1.26818847
1.26208496
1.27343750
1.26953125
1.26037597
1.27648925
1.27685546
1.27539062
1.26721191
1.26342773
1.26000976
1.28039550
1.27661132
1.27368164
1.26538085
1.26293945
1.26135253
1.26538085
1.25817871
1.26220703
1.25976562
1.25817871
1.26342773
1.26318359
1.26940917
1.27429199
1.25964355
1.26525878
1.25732421
1.27062988
1.26342773
1.26794433
1.26062011
1.27685546
1.27539062
1.27600097
1.27661132
1.27941894
1.27697753
1.26049804
1.26062011
1.26672363
1.26525878
1.26757812
1.27514648
1.26147460
1.27697753
1.26599121
1.27844238
1.26635742
1.27832031
1.26477050
1.26538085
1.26562500
1.26623535
1.27661132
1.26831054
1.26782226
1.27929687
1.26318359
1.26342773
1.26770019
1.26525878
1.26916503
1.25805664
1.26660156
1.26647949
1.27636718
1.27636718
1.27722167
1.27917480
1.26660156
1.27160644
1.27722167
1.26086425
1.27978515
1.26086425
1.27661132
1.27478027
1.27697753
1.27673339
1.27734375
1.26831054
1.27661132
1.26232910
1.26782226
1.26696777
1.27453613
1.28015136
1.27416992
1.26220703
1.26525878
1.25927734
