1.27050781
1.26428222
1.26477050
1.26171875
1.26220703
1.26879882
1.26513671
1.25878906
1.27026367
1.26208496
1.25402832
1.27185058
1.27233886
1.26171875
1.26489257
1.27575683
1.25598144
1.27062988
1.26159667
1.26196289
1.25817871
1.26416015
1.25659179
1.27929687
1.27526855
1.27673339
1.26293945
1.25939941
1.26342773
1.26660156
1.26501464
1.26660156
1.26428222
1.26782226
1.28063964
1.27697753
1.27661132
1.27722167
1.27856445
1.27514648
1.28442382
1.28344726
1.27551269
1.26574707
1.27539062
1.26110839
1.27661132
1.26098632
1.27795410
1.27648925
1.27709960
1.27819824
1.27551269
1.26684570
1.27429199
1.26660156
1.28100585
1.26599121
1.26635742
1.26550292
1.26660156
1.26220703
1.25561523
1.25695800
1.25817871
1.26635742
1.27587890
1.26782226
1.27050781
1.27026367
1.26208496
1.26806640
1.26660156
1.26660156
1.26757812
1.26818847
1.26647949
1.26696777
1.26086425
1.27661132
1.26794433
1.27722167
1.27685546
1.27819824
1.26098632
1.27783203
1.26220703
1.27758789
1.26000976
1.26696777
1.26879882
1.27563476
1.26647949
1.27661132
1.26220703
1.27270507
1.27661132
1.26623535
1.27795410
1.27819824
1.27807617
1.27478027
1.27673339
1.26367187
1.26489257
1.26281738
1.27062988
1.26367187
1.27661132
1.28271484
1.27661132
1.27282714
1.26660156
1.26586914
1.27600097
1.26757812
1.27783203
1.28039550
1.26342773
1.26977539
1.26220703
1.26318359
1.26306152
1.26660156
1.26354980
1.27685546
1.26611328
1.26171875
1.26110839
1.27685546
1.26782226
1.27465820
1.27575683
1.26184082
1.25939941
1.26330566
1.27661132
1.27172851
1.26049804
1.27636718
1.26452636
1.28161621
1.27917480
1.27441406
1.27612304
1.27770996
1.27539062
1.26196289
1.25878906
1.25854492
1.26025390
1.26782226
1.26428222
1.25854492
1.27172851
1.27172851
1.27416992
1.26013183
1.27233886
1.27416992
1.25634765
1.27673339
1.25964355
1.27551269
1.27416992
1.27673339
1.27697753
1.26623535
1.27502441
1.27587890
1.26501464
1.27465820
1.25939941
1.26574707
1.26660156
1.26611328
1.26403808
1.26208496
1.26708984
1.26342773
1.26623535
1.26208496
1.28186035
1.26281738
1.27795410
1.26464843
1.26293945
1.26660156
1.26745605
1.26208496
1.27783203
1.26892089
1.27465820
1.28295898
1.27770996
1.26098632
1.27429199
1.25817871
1.26660156
1.26770019
