1.26123046
1.27880859
1.26440429
1.27416992
1.27478027
1.26647949
1.26330566
1.26013183
1.27539062
1.26184082
1.26464843
1.27038574
1.26477050
1.26281738
1.26208496
1.26354980
1.27172851
1.25976562
1.27294921
1.26367187
1.27246093
1.26770019
1.27636718
1.26293945
1.26184082
1.26782226
1.23474121
1.27038574
1.27551269
1.26757812
1.26892089
1.26721191
1.26647949
1.26501464
1.27673339
1.27087402
1.27636718
1.27600097
1.26257324
1.26025390
1.27197265
1.27917480
1.26586914
1.27209472
1.26574707
1.26660156
1.26123046
1.27429199
1.26525878
1.26904296
1.26953125
1.28161621
1.26647949
1.26452636
1.26135253
1.26330566
1.27282714
1.27795410
1.26379394
1.26367187
1.27136230
1.27429199
1.27807617
1.27661132
1.27673339
1.27917480
1.26171875
1.26562500
1.26660156
1.26428222
1.26660156
1.26538085
1.26367187
1.26672363
1.26696777
1.26208496
1.27758789
1.26342773
1.26452636
1.27526855
1.26782226
1.27746582
1.26831054
1.27148437
1.28039550
1.26770019
1.26721191
1.26647949
1.25683593
1.26672363
1.26794433
1.26660156
1.26257324
1.26049804
1.25939941
1.26062011
1.26171875
1.27661132
1.26953125
1.27514648
1.26647949
1.26782226
1.27209472
1.26721191
1.26501464
1.26098632
1.27416992
1.26879882
1.26232910
1.26123046
1.26501464
1.26428222
1.26782226
1.26733398
1.26428222
1.27307128
1.25732421
1.26660156
1.27258300
1.25756835
1.25378417
1.27294921
1.25769042
1.25769042
1.25744628
1.26220703
1.26306152
1.26586914
1.26184082
1.26660156
1.25927734
1.26086425
1.26354980
1.26159667
1.28283691
1.25817871
1.26574707
1.27819824
1.25976562
1.27673339
1.26733398
1.25817871
1.25720214
1.26440429
1.27429199
1.26391601
1.27014160
1.26770019
1.26330566
1.27539062
1.25878906
1.26574707
1.26196289
1.26245117
1.28002929
1.26098632
1.27661132
1.26208496
1.26831054
1.26098632
1.27648925
1.26086425
1.27539062
1.26196289
1.27575683
1.26220703
1.26782226
1.27600097
1.26184082
1.27539062
1.26281738
1.26635742
1.27294921
1.26220703
1.27014160
1.26989746
1.27673339
1.26586914
1.26721191
1.27648925
1.26477050
1.27661132
1.26208496
1.26379394
1.25854492
1.26147460
1.27526855
1.27795410
1.26538085
1.26733398
1.26074218
1.26647949
1.26586914
1.26647949
1.26770019
1.26293945
1.26525878
1.27783203
1.27282714
1.27587890
