1.26562500
1.26721191
1.28161621
1.26306152
1.26379394
1.26855468
1.27770996
1.26782226
1.27661132
1.27770996
1.27539062
1.26953125
1.26794433
1.26025390
1.26782226
1.26196289
1.26293945
1.26745605
1.26269531
1.26782226
1.27575683
1.28125000
1.26696777
1.28161621
1.25939941
1.27062988
1.26818847
1.25903320
1.26794433
1.26721191
1.26757812
1.26354980
1.26647949
1.26452636
1.26513671
1.26550292
1.26135253
1.25573730
1.28161621
1.26879882
1.28161621
1.27099609
1.27868652
1.26782226
1.27539062
1.26245117
1.27111816
1.25854492
1.26586914
1.26416015
1.26098632
1.26806640
1.26318359
1.27062988
1.25781250
1.25817871
1.27294921
1.26684570
1.27661132
1.26525878
1.26660156
1.26892089
1.25964355
1.27551269
1.27648925
1.27673339
1.26086425
1.27539062
1.26745605
1.26660156
1.27062988
1.27770996
1.27294921
1.26782226
1.27661132
1.26281738
1.26452636
1.28125000
1.27172851
1.27685546
1.26757812
1.27502441
1.26123046
1.26647949
1.26782226
1.26489257
1.27954101
1.26098632
1.26843261
1.27111816
1.27661132
1.26318359
1.26672363
1.26965332
1.26586914
1.26599121
1.26843261
1.26782226
1.26904296
1.26098632
1.26708984
1.25976562
1.26647949
1.27783203
1.25561523
1.26782226
1.27014160
1.26171875
1.26696777
1.26232910
1.26220703
1.27429199
1.26611328
1.27661132
1.27612304
1.27307128
1.26464843
1.27648925
1.26782226
1.26562500
1.26330566
1.27648925
1.27172851
1.22753906
1.26660156
1.26745605
1.26647949
1.25964355
1.26757812
1.27770996
1.27526855
1.27746582
1.28283691
1.27661132
1.27722167
1.26416015
1.27661132
1.27575683
1.26208496
1.26647949
1.25427246
1.26574707
1.26098632
1.25817871
1.26782226
1.27294921
1.27355957
1.26293945
1.26684570
1.27673339
1.27478027
1.26745605
1.27685546
1.27758789
1.27661132
1.27783203
1.25708007
1.26440429
1.27661132
1.27673339
1.26770019
1.27416992
1.26147460
1.27453613
1.26928710
1.26660156
1.26318359
1.26171875
1.25976562
1.26672363
1.27392578
1.27294921
1.25756835
1.27172851
1.27441406
1.26171875
1.27416992
1.26403808
1.25524902
1.27783203
1.25817871
1.26367187
1.25549316
1.26306152
1.26293945
1.27307128
1.27539062
1.27502441
1.26208496
1.26220703
1.27465820
1.28161621
1.26623535
1.26538085
1.27600097
1.27917480
1.27795410
1.26599121
1.27636718
1.26147460
