1.12512207
1.12451171
1.12512207
1.12512207
1.12463378
1.12512207
1.12475585
1.12475585
1.12475585
1.12988281
1.12475585
1.12487792
1.12487792
1.12487792
1.12512207
1.12500000
1.12512207
1.12500000
1.12451171
1.12451171
1.12475585
1.12512207
1.12475585
1.12500000
1.12487792
1.12512207
1.12500000
1.12451171
1.12573242
1.12487792
1.12487792
1.12463378
1.12463378
1.12512207
1.12463378
1.12500000
1.12426757
1.12451171
1.12500000
1.12426757
1.12475585
1.12561035
1.12451171
1.12512207
1.12487792
1.12927246
1.12548828
1.12463378
1.12475585
1.12536621
1.12536621
1.12536621
1.12548828
1.12475585
1.12451171
1.12500000
1.12524414
1.12402343
1.12414550
1.12451171
1.12524414
1.12585449
1.12963867
1.12463378
1.12487792
1.12512207
1.12573242
1.12487792
1.12414550
1.12500000
1.12512207
1.12487792
1.12585449
1.12475585
1.12512207
1.12512207
1.12512207
1.12512207
1.12500000
1.12512207
1.13024902
1.12573242
1.12487792
1.12500000
1.12451171
1.12475585
1.12487792
1.12500000
1.12512207
1.12744140
1.12670898
1.12695312
1.12744140
1.12622070
1.13183593
1.12695312
1.12695312
1.12670898
1.12670898
1.12536621
1.12829589
1.12927246
1.12817382
1.12524414
1.12573242
1.12817382
1.12768554
1.12768554
1.12646484
1.12719726
1.12683105
1.12878417
1.13244628
1.12744140
1.12707519
1.13281250
1.12658691
1.12756347
1.13452148
1.12890625
1.12634277
1.12695312
1.12792968
1.12683105
1.12731933
1.12915039
1.13244628
1.12622070
1.12670898
1.12768554
1.12902832
1.13427734
1.13232421
1.12927246
1.12768554
1.12854003
1.12805175
1.12683105
1.12731933
1.12805175
1.12805175
1.12817382
1.12854003
1.12854003
1.13098144
1.13098144
1.13159179
1.13171386
1.13098144
1.12988281
1.13134765
1.13281250
1.12792968
1.12841796
1.13012695
1.13024902
1.13061523
1.12854003
1.13061523
1.13073730
1.13293457
1.13305664
1.13085937
1.13024902
1.13073730
1.12976074
1.12988281
1.13098144
1.13085937
1.13085937
1.13085937
1.13208007
1.13012695
1.13037109
1.12573242
1.12976074
1.13000488
1.12976074
1.13110351
1.13061523
1.13037109
1.13049316
1.13037109
1.13024902
1.13037109
1.13000488
1.13085937
1.12988281
1.13098144
1.13000488
1.13037109
1.12988281
1.13061523
1.13012695
1.13049316
1.13037109
1.13037109
1.13037109
1.13049316
1.13049316
