1.12512207
1.12512207
1.12512207
1.12512207
1.12500000
1.12512207
1.12512207
1.12512207
1.12512207
1.12500000
1.12512207
1.12451171
1.12512207
1.12512207
1.12512207
1.12475585
1.12500000
1.12475585
1.12500000
1.12451171
1.12951660
1.12487792
1.12500000
1.12500000
1.12487792
1.12951660
1.12500000
1.12561035
1.12585449
1.12536621
1.12634277
1.12438964
1.12512207
1.12487792
1.12585449
1.12573242
1.12451171
1.12548828
1.12548828
1.12573242
1.12487792
1.12585449
1.12512207
1.12451171
1.12500000
1.12487792
1.12500000
1.12683105
1.12451171
1.12487792
1.12585449
1.12597656
1.12585449
1.12561035
1.12573242
1.12487792
1.12536621
1.12463378
1.12548828
1.12536621
1.12548828
1.12451171
1.12512207
1.12585449
1.12463378
1.12512207
1.12548828
1.12573242
1.12573242
1.12561035
1.12512207
1.12500000
1.12536621
1.12561035
1.12597656
1.12512207
1.12512207
1.12585449
1.12524414
1.12561035
1.12512207
1.12475585
1.12585449
1.12573242
1.12487792
1.12573242
1.12475585
1.12451171
1.12512207
1.13183593
1.12500000
1.12524414
1.12512207
1.12536621
1.12548828
1.12500000
1.12524414
1.12536621
1.12524414
1.12524414
1.12561035
1.12585449
1.12548828
1.12512207
1.12512207
1.12500000
1.12524414
1.12536621
1.12524414
1.12536621
1.12487792
1.12561035
1.12524414
1.12561035
1.13037109
1.12548828
1.12573242
1.12561035
1.12536621
1.12585449
1.12548828
1.12561035
1.12597656
1.12573242
1.12548828
1.12573242
1.12536621
1.12573242
1.12585449
1.12573242
1.12573242
1.12561035
1.12524414
1.12512207
1.12512207
1.12573242
1.12573242
1.12561035
1.12622070
1.12609863
1.12573242
1.12536621
1.12585449
1.12622070
1.12561035
1.13024902
1.12536621
1.13049316
1.12609863
1.12622070
1.12634277
1.13244628
1.12719726
1.12683105
1.12670898
1.12707519
1.12646484
1.12634277
1.12805175
1.12658691
1.12548828
1.12609863
1.12622070
1.12622070
1.12585449
1.12609863
1.12597656
1.12585449
1.12597656
1.12622070
1.12622070
1.12585449
1.12622070
1.12585449
1.12915039
1.12268066
1.12585449
1.12536621
1.12573242
1.12573242
1.12597656
1.12609863
1.12622070
1.12695312
1.12658691
1.12670898
1.12622070
1.12719726
1.12646484
1.12670898
1.12634277
1.12622070
1.12573242
1.12646484
1.12719726
1.12646484
1.12646484
1.12634277
1.12670898
1.12585449
