1.12451171
1.12512207
1.12512207
1.12524414
1.12487792
1.12487792
1.12475585
1.12951660
1.12463378
1.12512207
1.12475585
1.12500000
1.12475585
1.12475585
1.12487792
1.12524414
1.12500000
1.12512207
1.12500000
1.12512207
1.12475585
1.12487792
1.12487792
1.12500000
1.12463378
1.12463378
1.12463378
1.12512207
1.12500000
1.12475585
1.13012695
1.12487792
1.12451171
1.12451171
1.12463378
1.12512207
1.12622070
1.12609863
1.12585449
1.12536621
1.12512207
1.12573242
1.12500000
1.12597656
1.12524414
1.12536621
1.12512207
1.12597656
1.12585449
1.12561035
1.12512207
1.12524414
1.12512207
1.13098144
1.12951660
1.12573242
1.12512207
1.12512207
1.12500000
1.12988281
1.12573242
1.12512207
1.12512207
1.12512207
1.12561035
1.12512207
1.12561035
1.12609863
1.12561035
1.12390136
1.12585449
1.12524414
1.12585449
1.12512207
1.12512207
1.12573242
1.12622070
1.12512207
1.12573242
1.12500000
1.12500000
1.12500000
1.12536621
1.12512207
1.12512207
1.12561035
1.12451171
1.12475585
1.12451171
1.12463378
1.12451171
1.12451171
1.12524414
1.12451171
1.12512207
1.12561035
1.12487792
1.12597656
1.12524414
1.12561035
1.12561035
1.12976074
1.12561035
1.12573242
1.12451171
1.12451171
1.12573242
1.12561035
1.13012695
1.13085937
1.12548828
1.12512207
1.12585449
1.12536621
1.12487792
1.12597656
1.12585449
1.13073730
1.12561035
1.12512207
1.12609863
1.12561035
1.12585449
1.12573242
1.12512207
1.12658691
1.12658691
1.12683105
1.13171386
1.12646484
1.12622070
1.12585449
1.12597656
1.12622070
1.12597656
1.12646484
1.12792968
1.12744140
1.12622070
1.12683105
1.12622070
1.12622070
1.13110351
1.12695312
1.12646484
1.12707519
1.12585449
1.12683105
1.12634277
1.12744140
1.12683105
1.12573242
1.12670898
1.12622070
1.12622070
1.12744140
1.12756347
1.12683105
1.12817382
1.12756347
1.12695312
1.12768554
1.12805175
1.12573242
1.12866210
1.13439941
1.13183593
1.12902832
1.12878417
1.12841796
1.12841796
1.12731933
1.12695312
1.12695312
1.12683105
1.13171386
1.12670898
1.12683105
1.12719726
1.12731933
1.12683105
1.12731933
1.12719726
1.12683105
1.12731933
1.12634277
1.12841796
1.12707519
1.12707519
1.12695312
1.12707519
1.12670898
1.12683105
1.12731933
1.12731933
1.13195800
1.12683105
1.12756347
1.12731933
1.12756347
