1.12536621
1.12622070
1.12487792
1.12548828
1.12512207
1.12512207
1.12561035
1.12597656
1.12512207
1.12597656
1.12622070
1.12585449
1.12524414
1.12561035
1.12536621
1.12609863
1.12561035
1.12622070
1.12512207
1.13061523
1.12500000
1.12524414
1.12524414
1.12500000
1.12585449
1.12585449
1.12536621
1.12573242
1.12622070
1.13061523
1.12487792
1.12585449
1.12451171
1.12561035
1.12512207
1.12536621
1.12573242
1.12451171
1.12512207
1.12561035
1.12573242
1.12597656
1.12451171
1.12573242
1.12500000
1.12573242
1.12573242
1.12548828
1.12622070
1.12512207
1.12585449
1.12548828
1.12573242
1.12573242
1.12487792
1.12609863
1.12536621
1.12561035
1.12573242
1.12487792
1.12487792
1.12512207
1.12536621
1.12548828
1.13061523
1.12622070
1.12512207
1.12573242
1.12561035
1.12573242
1.12512207
1.12524414
1.12500000
1.12512207
1.12524414
1.12500000
1.12524414
1.12573242
1.12573242
1.12512207
1.12573242
1.12573242
1.12524414
1.12585449
1.12475585
1.12536621
1.12512207
1.12524414
1.12536621
1.12585449
1.12512207
1.12573242
1.12573242
1.12561035
1.12561035
1.12512207
1.12585449
1.12622070
1.12548828
1.12573242
1.12573242
1.12561035
1.12475585
1.12536621
1.12524414
1.12573242
1.12561035
1.12597656
1.12524414
1.12512207
1.12524414
1.12512207
1.12512207
1.12561035
1.12548828
1.12524414
1.12512207
1.12487792
1.12512207
1.12548828
1.12597656
1.12512207
1.12561035
1.12536621
1.12536621
1.12585449
1.12561035
1.12548828
1.12500000
1.12536621
1.12573242
1.12536621
1.12512207
1.12512207
1.12585449
1.12512207
1.12548828
1.12512207
1.12524414
1.12500000
1.12524414
1.12512207
1.12512207
1.12573242
1.12561035
1.12573242
1.12512207
1.12548828
1.12573242
1.12573242
1.12475585
1.12512207
1.12524414
1.12561035
1.12573242
1.12561035
1.12512207
1.12536621
1.12524414
1.12512207
1.12524414
1.12561035
1.12512207
1.12451171
1.12536621
1.12548828
1.12573242
1.12561035
1.12487792
1.12463378
1.12487792
1.12500000
1.12512207
1.12561035
1.12561035
1.12622070
1.12573242
1.12573242
1.12512207
1.12512207
1.12976074
1.12561035
1.12561035
1.12548828
1.12561035
1.12487792
1.12487792
1.12512207
1.12548828
1.12573242
1.12573242
1.12561035
1.12512207
1.12463378
1.12512207
1.12536621
1.12548828
1.12561035
1.12475585
1.12500000
