1.12414550
1.12426757
1.12487792
1.12438964
1.12536621
1.12500000
1.12451171
1.12475585
1.12487792
1.12475585
1.12500000
1.12463378
1.12475585
1.12475585
1.12487792
1.12487792
1.12475585
1.12487792
1.12463378
1.12487792
1.12487792
1.12451171
1.12451171
1.12475585
1.12500000
1.12585449
1.12475585
1.12500000
1.12500000
1.12463378
1.12512207
1.12500000
1.12512207
1.12463378
1.12475585
1.12500000
1.12500000
1.12463378
1.12451171
1.12475585
1.12475585
1.12451171
1.12487792
1.12475585
1.12463378
1.12500000
1.12487792
1.12512207
1.12512207
1.12426757
1.12512207
1.12670898
1.12683105
1.12670898
1.12500000
1.12622070
1.12646484
1.12707519
1.12683105
1.12683105
1.12670898
1.12561035
1.12609863
1.12548828
1.12658691
1.12658691
1.12695312
1.12988281
1.12646484
1.12622070
1.12646484
1.12683105
1.12609863
1.12646484
1.12573242
1.12597656
1.12561035
1.13098144
1.12622070
1.12658691
1.12573242
1.12634277
1.12646484
1.12658691
1.12622070
1.12670898
1.12524414
1.12756347
1.12707519
1.12756347
1.12707519
1.12817382
1.12792968
1.12805175
1.12683105
1.12756347
1.12683105
1.12780761
1.12780761
1.12707519
1.12854003
1.12963867
1.13061523
1.12866210
1.13061523
1.13024902
1.12768554
1.13085937
1.12792968
1.12854003
1.13085937
1.12829589
1.13000488
1.12841796
1.12878417
1.13085937
1.12780761
1.13061523
1.12976074
1.13037109
1.13488769
1.12866210
1.12805175
1.13513183
1.13049316
1.13024902
1.13012695
1.12854003
1.13244628
1.12878417
1.12939453
1.12841796
1.12805175
1.12829589
1.12915039
1.13122558
1.12927246
1.13427734
1.12878417
1.12890625
1.12902832
1.12817382
1.12902832
1.12597656
1.12744140
1.13073730
1.13269042
1.13012695
1.13293457
1.12768554
1.12597656
1.13220214
1.12927246
1.13061523
1.12976074
1.12951660
1.13232421
1.13220214
1.13183593
1.13049316
1.13195800
1.12976074
1.13012695
1.13220214
1.13061523
1.13195800
1.12988281
1.13073730
1.13220214
1.12963867
1.13476562
1.13195800
1.13159179
1.12939453
1.13024902
1.13037109
1.12976074
1.12902832
1.12878417
1.12976074
1.13049316
1.12963867
1.12866210
1.12841796
1.12915039
1.12915039
1.13098144
1.12792968
1.12316894
1.12402343
1.12707519
1.12915039
1.13073730
1.13049316
1.12841796
1.12902832
1.13085937
1.11779785
1.12817382
1.12829589
