1.02722167
1.02844238
1.02380371
1.02380371
1.02441406
1.02587890
1.02233886
1.02392578
1.02441406
1.02319335
1.02587890
1.02478027
1.02221679
1.02270507
1.02661132
1.02209472
1.02429199
1.02514648
1.02209472
1.02380371
1.02575683
1.02221679
1.02368164
1.02612304
1.02587890
1.02307128
1.02270507
1.02819824
1.02429199
1.02917480
1.02770996
1.02355957
1.02624511
1.02270507
1.02331542
1.02453613
1.02685546
1.02392578
1.02453613
1.02307128
1.02416992
1.02600097
1.02453613
1.02404785
1.02478027
1.02282714
1.02319335
1.02758789
1.02380371
1.02404785
1.02172851
1.02209472
1.02453613
1.02307128
1.02844238
1.02453613
1.02270507
1.02392578
1.02294921
1.02392578
1.02355957
1.02221679
1.02685546
1.02319335
1.02331542
1.02368164
1.02233886
1.02392578
1.02478027
1.02258300
1.02282714
1.02526855
1.02453613
1.02258300
1.02465820
1.02282714
1.02697753
1.02343750
1.02514648
1.02294921
1.02221679
1.02380371
1.02319335
1.02905273
1.02551269
1.02355957
1.02734375
1.02368164
1.02246093
1.02282714
1.02380371
1.02270507
1.02319335
1.02416992
1.02587890
1.02355957
1.02233886
1.02307128
1.02319335
1.02258300
1.02465820
1.02416992
1.02697753
1.02465820
1.02197265
1.02380371
1.03015136
1.02172851
1.02392578
1.02368164
1.02221679
1.02539062
1.02392578
1.02380371
1.02770996
1.02172851
1.02270507
1.02563476
1.02502441
1.02600097
1.02453613
1.02221679
1.02392578
1.02648925
1.02380371
1.02502441
1.02539062
1.02551269
1.02880859
1.02575683
1.02392578
1.02392578
1.02246093
1.02416992
1.02355957
1.02661132
1.02429199
1.02392578
1.02453613
1.02233886
1.02404785
1.02526855
1.02441406
1.02636718
1.02392578
1.02355957
1.02770996
1.02331542
1.02563476
1.02368164
1.02416992
1.02160644
1.02600097
1.02648925
1.02331542
1.02575683
1.02258300
1.02441406
1.02575683
1.02722167
1.02319335
1.02673339
1.02331542
1.02770996
1.02587890
1.02368164
1.02368164
1.02453613
1.02343750
1.02502441
1.02307128
1.02343750
1.02221679
1.02392578
1.02441406
1.02478027
1.02514648
1.02343750
1.02343750
1.02343750
1.02368164
1.02307128
1.02819824
1.02404785
1.02258300
1.02575683
1.02258300
1.02416992
1.02551269
1.02319335
1.02648925
1.02148437
1.02392578
1.02746582
1.02514648
1.02734375
1.02258300
1.02368164
1.02502441
1.02307128
