1.26586914
1.26818847
1.26708984
1.26354980
1.26574707
1.26623535
1.26599121
1.26721191
1.26794433
1.25988769
1.26477050
1.26586914
1.26635742
1.26708984
1.26599121
1.26721191
1.26708984
1.26599121
1.26123046
1.25988769
1.26525878
1.26708984
1.26611328
1.26062011
1.25964355
1.26123046
1.26074218
1.26257324
1.26220703
1.26037597
1.26342773
1.26330566
1.26049804
1.26171875
1.26464843
1.25976562
1.26147460
1.26062011
1.26098632
1.26269531
1.26269531
1.26208496
1.26550292
1.25939941
1.26257324
1.26013183
1.25903320
1.25708007
1.26062011
1.26171875
1.26037597
1.26110839
1.26037597
1.26367187
1.26232910
1.25854492
1.25781250
1.26232910
1.26098632
1.26037597
1.26000976
1.26086425
1.26147460
1.26171875
1.26257324
1.25781250
1.26269531
1.25964355
1.26208496
1.26037597
1.26208496
1.26574707
1.25524902
1.26245117
1.26257324
1.26464843
1.26232910
1.26159667
1.26196289
1.26220703
1.25671386
1.25964355
1.26184082
1.25744628
1.26147460
1.26171875
1.25952148
1.26086425
1.26257324
1.26171875
1.26147460
1.26049804
1.26086425
1.26049804
1.26684570
1.26184082
1.25793457
1.26074218
1.25952148
1.26281738
1.26135253
1.25903320
1.26379394
1.26196289
1.26208496
1.25903320
1.25708007
1.26171875
1.26135253
1.26257324
1.26220703
1.26135253
1.26562500
1.25988769
1.26135253
1.26342773
1.26220703
1.26086425
1.26049804
1.25732421
1.25634765
1.25964355
1.25817871
1.26452636
1.26257324
1.26232910
1.26330566
1.25952148
1.26062011
1.26184082
1.26342773
1.26208496
1.26098632
1.26123046
1.26098632
1.26013183
1.25988769
1.26342773
1.26306152
1.25903320
1.25964355
1.26098632
1.25415039
1.26416015
1.26647949
1.26611328
1.26733398
1.26611328
1.26440429
1.26867675
1.26855468
1.26501464
1.26733398
1.27795410
1.26635742
1.27746582
1.26684570
1.26855468
1.27624511
1.25720214
1.27624511
1.26855468
1.26733398
1.26220703
1.26440429
1.26733398
1.26745605
1.29602050
1.27026367
1.28344726
1.27075195
1.26599121
1.29284667
1.27185058
1.27185058
1.28088378
1.28576660
1.27099609
1.27136230
1.27050781
1.26501464
1.27087402
1.26818847
1.27075195
1.26928710
1.26928710
1.29345703
1.27087402
1.27185058
1.25988769
1.27197265
1.28564453
1.26196289
1.27185058
1.27099609
1.26416015
1.26696777
1.26818847
1.27062988
1.27185058
