1.26721191
1.26660156
1.26660156
1.26184082
1.26635742
1.26708984
1.26708984
1.26562500
1.26660156
1.26354980
1.26721191
1.26696777
1.26464843
1.26599121
1.26684570
1.26696777
1.26721191
1.26721191
1.26855468
1.26708984
1.26708984
1.26293945
1.26647949
1.26635742
1.26623535
1.26208496
1.25769042
1.25915527
1.26208496
1.25866699
1.26281738
1.25781250
1.26086425
1.26074218
1.25732421
1.26220703
1.26098632
1.26342773
1.25781250
1.26086425
1.26086425
1.26098632
1.26086425
1.25976562
1.26013183
1.26135253
1.26770019
1.26196289
1.26098632
1.26208496
1.26098632
1.25854492
1.25732421
1.26208496
1.25720214
1.25854492
1.26391601
1.25695800
1.26098632
1.25976562
1.26623535
1.26086425
1.26208496
1.26098632
1.26342773
1.26330566
1.26086425
1.26000976
1.26086425
1.26086425
1.26110839
1.25878906
1.25952148
1.26086425
1.26086425
1.25952148
1.25952148
1.25732421
1.26220703
1.26074218
1.25976562
1.26147460
1.26086425
1.26208496
1.26086425
1.26098632
1.26086425
1.25732421
1.26208496
1.26208496
1.26086425
1.26171875
1.26464843
1.26208496
1.25610351
1.25732421
1.25964355
1.26184082
1.26086425
1.25964355
1.25610351
1.26403808
1.26086425
1.26086425
1.26147460
1.26110839
1.25854492
1.26098632
1.26257324
1.25854492
1.26086425
1.26330566
1.26086425
1.26086425
1.26098632
1.26208496
1.26220703
1.25964355
1.25964355
1.26208496
1.26196289
1.26098632
1.25610351
1.26086425
1.26086425
1.26074218
1.26074218
1.26367187
1.26245117
1.26208496
1.26086425
1.26452636
1.26330566
1.26940917
1.25683593
1.27587890
1.25952148
1.27160644
1.26611328
1.26733398
1.26330566
1.26623535
1.26867675
1.26379394
1.26867675
1.27233886
1.25842285
1.26867675
1.27746582
1.26647949
1.26745605
1.27844238
1.26623535
1.26623535
1.27746582
1.26733398
1.26867675
1.27783203
1.26867675
1.26867675
1.28479003
1.28564453
1.28344726
1.27636718
1.25988769
1.28198242
1.28686523
1.26733398
1.27185058
1.28601074
1.26818847
1.25842285
1.27062988
1.26672363
1.26733398
1.27087402
1.27099609
1.26538085
1.26879882
1.27868652
1.25488281
1.26940917
1.27111816
1.26220703
1.26660156
1.27124023
1.25976562
1.26574707
1.27990722
1.26940917
1.26525878
1.28576660
1.26977539
1.27001953
1.26452636
1.26818847
1.27075195
1.27099609
1.28320312
1.27062988
