1.26599121
1.26489257
1.26586914
1.26721191
1.26623535
1.26660156
1.26599121
1.26708984
1.26464843
1.26611328
1.26232910
1.26477050
1.26342773
1.26708984
1.26611328
1.26684570
1.26586914
1.26635742
1.26879882
1.26354980
1.26586914
1.26708984
1.26611328
1.26721191
1.26721191
1.26208496
1.26074218
1.25732421
1.26074218
1.26098632
1.26049804
1.26086425
1.25585937
1.26574707
1.26086425
1.26208496
1.26208496
1.26123046
1.26098632
1.26086425
1.26232910
1.25964355
1.26098632
1.25952148
1.26220703
1.25720214
1.25988769
1.26330566
1.25964355
1.25720214
1.26098632
1.25964355
1.25854492
1.26086425
1.26074218
1.26452636
1.25915527
1.26147460
1.26086425
1.26330566
1.26086425
1.25720214
1.26086425
1.26208496
1.26208496
1.25964355
1.26135253
1.26086425
1.26220703
1.26208496
1.25756835
1.26123046
1.26086425
1.26477050
1.26049804
1.26367187
1.26086425
1.26208496
1.26208496
1.26098632
1.25964355
1.26208496
1.25744628
1.25659179
1.25866699
1.26196289
1.26330566
1.25720214
1.26086425
1.26208496
1.26037597
1.26721191
1.26086425
1.26220703
1.26098632
1.26086425
1.25854492
1.26196289
1.26184082
1.26110839
1.26086425
1.26196289
1.26208496
1.26098632
1.26086425
1.26086425
1.26147460
1.26196289
1.26086425
1.26086425
1.26074218
1.26086425
1.25976562
1.26208496
1.26171875
1.25964355
1.26208496
1.26159667
1.26342773
1.26220703
1.26232910
1.26196289
1.26135253
1.26062011
1.26098632
1.26086425
1.26098632
1.26293945
1.26086425
1.26086425
1.26208496
1.26342773
1.25939941
1.26074218
1.26098632
1.25500488
1.26647949
1.26379394
1.26660156
1.26208496
1.26171875
1.26416015
1.26184082
1.26538085
1.26501464
1.26293945
1.26428222
1.26416015
1.26660156
1.26440429
1.26586914
1.26379394
1.26660156
1.26062011
1.26293945
1.26843261
1.28698730
1.27136230
1.28405761
1.26953125
1.26489257
1.28344726
1.28125000
1.28601074
1.27307128
1.27075195
1.28210449
1.27624511
1.27050781
1.27136230
1.27062988
1.26892089
1.26196289
1.16076660
1.15710449
1.08190917
1.08166503
1.08361816
1.07348632
1.08337402
1.08068847
1.08508300
1.08435058
1.08911132
1.08068847
1.20690917
1.17602539
1.19885253
1.19677734
1.19555664
1.20568847
1.19812011
1.19604492
1.20812988
1.20068359
1.19934082
1.19604492
1.28601074
1.28320312
1.27221679
