1.26721191
1.26489257
1.26318359
1.26721191
1.26635742
1.26696777
1.26586914
1.25952148
1.26843261
1.27319335
1.26660156
1.26684570
1.26611328
1.26599121
1.26635742
1.26623535
1.26257324
1.26586914
1.26452636
1.26696777
1.26477050
1.26232910
1.26708984
1.26635742
1.26257324
1.25976562
1.26147460
1.25720214
1.26098632
1.26196289
1.26086425
1.26086425
1.25732421
1.26086425
1.26220703
1.26208496
1.26354980
1.26086425
1.25793457
1.26196289
1.26086425
1.26330566
1.26086425
1.25964355
1.26086425
1.25732421
1.26330566
1.25732421
1.26208496
1.25964355
1.26208496
1.25732421
1.26086425
1.26208496
1.26086425
1.26452636
1.26086425
1.26086425
1.26110839
1.26086425
1.25964355
1.25732421
1.26196289
1.26208496
1.25891113
1.26440429
1.26086425
1.26086425
1.25939941
1.26098632
1.26220703
1.26159667
1.26232910
1.26184082
1.26171875
1.26208496
1.25732421
1.26098632
1.25854492
1.25781250
1.26098632
1.25976562
1.26098632
1.26281738
1.26257324
1.26062011
1.26208496
1.26208496
1.26208496
1.26196289
1.26086425
1.26586914
1.25964355
1.26098632
1.25976562
1.26416015
1.26367187
1.26208496
1.26208496
1.25756835
1.26135253
1.26208496
1.26086425
1.26098632
1.25976562
1.26196289
1.26086425
1.26086425
1.25964355
1.26086425
1.25854492
1.25976562
1.26000976
1.25488281
1.26086425
1.25830078
1.26147460
1.25756835
1.26208496
1.26123046
1.25720214
1.26135253
1.26208496
1.25964355
1.26208496
1.26086425
1.26208496
1.25976562
1.26098632
1.26342773
1.26171875
1.26098632
1.26416015
1.27392578
1.26416015
1.26171875
1.26538085
1.26660156
1.26660156
1.26049804
1.26452636
1.26293945
1.26306152
1.26281738
1.26416015
1.26440429
1.26428222
1.25817871
1.26171875
1.25769042
1.26953125
1.26110839
1.26940917
1.26879882
1.26940917
1.26953125
1.25769042
1.27221679
1.26855468
1.26086425
1.26574707
1.25622558
1.27160644
1.27099609
1.26953125
1.27587890
1.26562500
1.27099609
1.26171875
1.26708984
1.27062988
1.27172851
1.26965332
1.27111816
1.28454589
1.26818847
1.26965332
1.25354003
1.26953125
1.27062988
1.27099609
1.26379394
1.26892089
1.27185058
1.26586914
1.26818847
1.27087402
1.26806640
1.25122070
1.26916503
1.26293945
1.27062988
1.26721191
1.27099609
1.26770019
1.27062988
1.26940917
1.27062988
1.25610351
1.27136230
