1.26574707
1.26708984
1.26586914
1.26721191
1.26599121
1.26733398
1.26586914
1.26550292
1.26196289
1.26574707
1.26721191
1.26464843
1.26635742
1.26721191
1.26403808
1.26660156
1.26538085
1.26586914
1.26477050
1.26733398
1.26586914
1.26464843
1.26599121
1.26721191
1.26586914
1.26721191
1.26062011
1.26599121
1.26818847
1.26184082
1.26110839
1.25756835
1.26208496
1.25720214
1.26049804
1.26220703
1.26062011
1.25793457
1.26074218
1.26220703
1.26037597
1.26062011
1.26110839
1.26159667
1.26086425
1.26098632
1.26074218
1.26220703
1.26086425
1.26403808
1.26342773
1.26171875
1.26208496
1.26208496
1.26098632
1.26110839
1.26098632
1.26220703
1.26330566
1.26208496
1.26098632
1.26220703
1.25744628
1.26281738
1.26086425
1.25976562
1.26611328
1.26037597
1.26184082
1.25744628
1.25744628
1.26403808
1.26220703
1.26220703
1.26062011
1.26098632
1.26159667
1.26098632
1.25952148
1.26074218
1.26196289
1.26098632
1.26062011
1.26049804
1.26123046
1.26220703
1.26525878
1.25683593
1.26220703
1.26220703
1.26208496
1.26342773
1.26330566
1.25720214
1.26611328
1.26159667
1.26220703
1.25744628
1.26049804
1.26086425
1.26208496
1.26098632
1.26452636
1.26025390
1.26098632
1.26098632
1.26098632
1.25720214
1.25732421
1.25964355
1.26098632
1.26025390
1.26086425
1.26367187
1.26013183
1.26428222
1.26159667
1.26220703
1.25720214
1.26318359
1.25939941
1.26220703
1.26098632
1.26245117
1.26196289
1.26342773
1.26220703
1.26232910
1.25769042
1.25952148
1.26220703
1.26220703
1.26062011
1.26098632
1.26147460
1.26330566
1.26245117
1.26000976
1.26098632
1.26708984
1.25988769
1.26171875
1.26416015
1.26562500
1.26538085
1.26367187
1.24145507
1.27514648
1.26757812
1.27563476
1.26745605
1.26757812
1.26538085
1.26892089
1.29272460
1.26977539
1.28149414
1.25732421
1.29113769
1.26782226
1.27099609
1.26220703
1.26940917
1.27075195
1.25866699
1.28088378
1.26586914
1.27075195
1.28698730
1.27062988
1.26660156
1.26013183
1.27197265
1.28576660
1.27014160
1.25622558
1.26293945
1.26379394
1.26220703
1.26904296
1.28381347
1.26599121
1.27087402
1.28686523
1.27099609
1.28588867
1.26696777
1.26135253
1.28076171
1.27172851
1.26806640
1.26599121
1.27124023
1.27062988
1.26464843
1.26733398
1.26953125
1.26965332
1.26464843
1.27185058
