1.26721191
1.26586914
1.26586914
1.26574707
1.26708984
1.26696777
1.26586914
1.26599121
1.26757812
1.26599121
1.26513671
1.26721191
1.26635742
1.26586914
1.26745605
1.26708984
1.26672363
1.26623535
1.26232910
1.26708984
1.26586914
1.26074218
1.26721191
1.26293945
1.26635742
1.25598144
1.25610351
1.25732421
1.26367187
1.25585937
1.25964355
1.26208496
1.25927734
1.25744628
1.26208496
1.26098632
1.25854492
1.26330566
1.25573730
1.25976562
1.26086425
1.25915527
1.26318359
1.25854492
1.26171875
1.26208496
1.25708007
1.26440429
1.26196289
1.25964355
1.26074218
1.25634765
1.25964355
1.26208496
1.26086425
1.26208496
1.26330566
1.25854492
1.26208496
1.26330566
1.26281738
1.25817871
1.25732421
1.26184082
1.26086425
1.26123046
1.25964355
1.26184082
1.25793457
1.26220703
1.25854492
1.26208496
1.25952148
1.25952148
1.25976562
1.25952148
1.26196289
1.25732421
1.26074218
1.26403808
1.26086425
1.26159667
1.26098632
1.26086425
1.26123046
1.26086425
1.25744628
1.26220703
1.26135253
1.26086425
1.26086425
1.25854492
1.25964355
1.26281738
1.25708007
1.26208496
1.26269531
1.26086425
1.26342773
1.26147460
1.26208496
1.26074218
1.26086425
1.26013183
1.26208496
1.26086425
1.26086425
1.25952148
1.26013183
1.26098632
1.26354980
1.26062011
1.26208496
1.26098632
1.26342773
1.26220703
1.26098632
1.26086425
1.26086425
1.26208496
1.26196289
1.25720214
1.26074218
1.25854492
1.26135253
1.25732421
1.25720214
1.26086425
1.26086425
1.26049804
1.26086425
1.26330566
1.25964355
1.25952148
1.26184082
1.25964355
1.26208496
1.25964355
1.26086425
1.27185058
1.26562500
1.26171875
1.26599121
1.26782226
1.27539062
1.26513671
1.25866699
1.26501464
1.26672363
1.26745605
1.25024414
1.27209472
1.28112792
1.28515625
1.26586914
1.28698730
1.28454589
1.27062988
1.26879882
1.28454589
1.28674316
1.27185058
1.26904296
1.26501464
1.26000976
1.26574707
1.28210449
1.27185058
1.27087402
1.26025390
1.26953125
1.26855468
1.27075195
1.26489257
1.27099609
1.27111816
1.26452636
1.29333496
1.26977539
1.26684570
1.26647949
1.26953125
1.27185058
1.28100585
1.26843261
1.26855468
1.27062988
1.27209472
1.29321289
1.26403808
1.26147460
1.26220703
1.26586914
1.26721191
1.26574707
1.27062988
1.25964355
1.28454589
1.26940917
1.28332519
