1.26232910
1.26708984
1.26098632
1.26586914
1.26464843
1.26708984
1.26477050
1.26599121
1.26586914
1.26599121
1.26684570
1.26635742
1.26721191
1.26464843
1.26586914
1.26672363
1.26708984
1.26403808
1.26684570
1.26318359
1.26647949
1.26586914
1.26245117
1.26708984
1.26708984
1.26086425
1.26086425
1.26074218
1.26257324
1.26135253
1.26159667
1.26086425
1.26184082
1.25793457
1.26074218
1.26208496
1.26086425
1.25891113
1.26318359
1.25756835
1.26013183
1.26208496
1.26086425
1.26232910
1.26086425
1.25903320
1.26086425
1.25952148
1.26354980
1.26147460
1.26330566
1.25512695
1.26074218
1.26196289
1.25634765
1.26086425
1.26086425
1.26196289
1.26208496
1.26110839
1.26220703
1.25915527
1.26196289
1.26074218
1.26049804
1.26074218
1.25769042
1.26159667
1.26086425
1.25878906
1.25708007
1.26074218
1.26354980
1.26196289
1.26147460
1.26074218
1.26110839
1.26098632
1.26110839
1.26196289
1.26257324
1.26074218
1.25781250
1.26147460
1.26086425
1.25720214
1.26049804
1.26086425
1.25781250
1.25903320
1.25708007
1.26208496
1.26074218
1.26342773
1.25842285
1.25720214
1.26086425
1.26196289
1.26147460
1.25952148
1.26208496
1.25842285
1.26367187
1.25708007
1.26049804
1.25952148
1.26098632
1.26208496
1.26196289
1.26232910
1.26208496
1.26135253
1.26049804
1.25744628
1.25720214
1.26086425
1.26208496
1.25952148
1.26074218
1.26391601
1.25964355
1.25903320
1.26196289
1.26196289
1.26171875
1.26098632
1.26257324
1.26074218
1.26074218
1.26135253
1.26196289
1.26013183
1.26147460
1.26184082
1.25976562
1.26660156
1.26367187
1.26635742
1.26611328
1.26745605
1.25354003
1.26745605
1.25915527
1.26733398
1.26623535
1.26611328
1.26354980
1.26818847
1.28540039
1.26599121
1.26635742
1.27172851
1.26831054
1.26708984
1.26855468
1.27197265
1.30444335
1.26257324
1.27087402
1.27062988
1.27062988
1.28686523
1.27087402
1.26586914
1.26770019
1.27062988
1.26831054
1.27087402
1.26696777
1.26611328
1.28479003
1.26220703
1.27111816
1.28076171
1.26599121
1.27429199
1.27185058
1.27001953
1.26940917
1.26684570
1.27062988
1.26843261
1.26464843
1.26831054
1.24877929
1.26525878
1.27209472
1.28076171
1.26647949
1.26672363
1.28552246
1.26806640
1.28320312
1.25793457
1.28442382
1.27075195
1.27062988
1.26623535
1.27087402
1.26586914
