1.26708984
1.26599121
1.26708984
1.26586914
1.26098632
1.26672363
1.26721191
1.26464843
1.26684570
1.26586914
1.26330566
1.26599121
1.26306152
1.26599121
1.26062011
1.26672363
1.26586914
1.26574707
1.26599121
1.26550292
1.26745605
1.26611328
1.26220703
1.26269531
1.26354980
1.25476074
1.25964355
1.26098632
1.26086425
1.26147460
1.26086425
1.25988769
1.26208496
1.26086425
1.26086425
1.25964355
1.25964355
1.26281738
1.25939941
1.25952148
1.26367187
1.26135253
1.26086425
1.26208496
1.26147460
1.26208496
1.26428222
1.26086425
1.25720214
1.26135253
1.26062011
1.26208496
1.26086425
1.26232910
1.26354980
1.26086425
1.26086425
1.26318359
1.26342773
1.26013183
1.26086425
1.25732421
1.25756835
1.26220703
1.26208496
1.26184082
1.26098632
1.25964355
1.26232910
1.26208496
1.25720214
1.26208496
1.26147460
1.26196289
1.26269531
1.25854492
1.26086425
1.25769042
1.26208496
1.26110839
1.26110839
1.26477050
1.26184082
1.25842285
1.26208496
1.26379394
1.25976562
1.25830078
1.26074218
1.26037597
1.26123046
1.26110839
1.26428222
1.26684570
1.26098632
1.26074218
1.26220703
1.26196289
1.26220703
1.25854492
1.26342773
1.26171875
1.26074218
1.25964355
1.26123046
1.26049804
1.26220703
1.26208496
1.26110839
1.25964355
1.26220703
1.26062011
1.26000976
1.26367187
1.26318359
1.26171875
1.25732421
1.26184082
1.26049804
1.26220703
1.26220703
1.26086425
1.26208496
1.25891113
1.25732421
1.26220703
1.26159667
1.26159667
1.26196289
1.26147460
1.26330566
1.26208496
1.25964355
1.26403808
1.26525878
1.26647949
1.26660156
1.26684570
1.26660156
1.26538085
1.26306152
1.26635742
1.26647949
1.26379394
1.26586914
1.26428222
1.26367187
1.26135253
1.27062988
1.27087402
1.27197265
1.28259277
1.26977539
1.26440429
1.27722167
1.27209472
1.26586914
1.26013183
1.26635742
1.28100585
1.26843261
1.27062988
1.28210449
1.25964355
1.27185058
1.27075195
1.27087402
1.26940917
1.26745605
1.26525878
1.27050781
1.28186035
1.26904296
1.26818847
1.28210449
1.25952148
1.28320312
1.28210449
1.27172851
1.26696777
1.29333496
1.26611328
1.26977539
1.26599121
1.27185058
1.28564453
1.26110839
1.25805664
1.26989746
1.27099609
1.26916503
1.26379394
1.26965332
1.27087402
1.27185058
1.27197265
1.27185058
1.29284667
1.27612304
1.26940917
