1.26757812
1.26232910
1.26599121
1.26586914
1.26074218
1.26599121
1.26452636
1.26599121
1.26708984
1.26647949
1.26586914
1.26586914
1.26635742
1.26696777
1.26953125
1.26428222
1.26538085
1.26562500
1.26635742
1.26635742
1.26599121
1.26354980
1.26721191
1.26635742
1.26647949
1.26208496
1.25964355
1.26208496
1.25964355
1.26330566
1.26086425
1.26196289
1.26086425
1.26086425
1.26318359
1.26208496
1.26220703
1.26086425
1.26220703
1.25964355
1.26098632
1.26086425
1.25842285
1.26062011
1.26171875
1.26208496
1.26330566
1.26086425
1.25964355
1.26135253
1.26086425
1.25976562
1.25964355
1.25854492
1.26086425
1.25854492
1.26477050
1.25732421
1.26110839
1.25720214
1.25964355
1.25610351
1.25842285
1.26220703
1.26098632
1.25720214
1.26196289
1.25842285
1.26208496
1.26147460
1.26098632
1.25622558
1.26208496
1.25842285
1.26086425
1.26196289
1.26098632
1.26086425
1.26086425
1.25842285
1.26208496
1.26086425
1.25964355
1.26477050
1.25720214
1.26208496
1.26000976
1.25732421
1.25964355
1.26196289
1.26086425
1.26074218
1.25744628
1.26110839
1.26110839
1.26110839
1.26196289
1.25732421
1.25659179
1.26123046
1.26342773
1.26208496
1.25964355
1.26208496
1.25732421
1.25720214
1.26147460
1.25854492
1.26147460
1.26086425
1.26123046
1.25817871
1.26098632
1.25610351
1.26208496
1.25964355
1.26086425
1.25939941
1.26184082
1.26110839
1.26367187
1.26074218
1.26025390
1.26489257
1.26086425
1.26086425
1.26208496
1.26208496
1.26281738
1.26330566
1.26403808
1.26293945
1.25891113
1.25646972
1.25903320
1.26293945
1.26306152
1.26416015
1.26892089
1.27917480
1.26416015
1.26403808
1.26171875
1.26416015
1.26049804
1.25695800
1.26403808
1.27062988
1.27062988
1.27392578
1.28332519
1.27197265
1.29125976
1.26855468
1.26843261
1.26916503
1.27124023
1.28356933
1.28540039
1.26696777
1.27062988
1.27185058
1.27026367
1.26721191
1.26452636
1.27099609
1.27075195
1.26867675
1.27221679
1.28247070
1.26953125
1.27770996
1.26184082
1.26928710
1.26733398
1.26818847
1.26696777
1.26208496
1.26550292
1.27062988
1.26464843
1.27062988
1.26696777
1.28320312
1.26171875
1.27099609
1.26940917
1.28442382
1.28210449
1.26257324
1.27185058
1.26245117
1.26611328
1.28442382
1.27209472
1.27062988
1.28454589
1.27099609
1.26928710
1.28198242
