1.26684570
1.26538085
1.26232910
1.26696777
1.26599121
1.26708984
1.26635742
1.26708984
1.26586914
1.26757812
1.26599121
1.26586914
1.26672363
1.26477050
1.26721191
1.26538085
1.26721191
1.26721191
1.26586914
1.26586914
1.26586914
1.26660156
1.26599121
1.26464843
1.26684570
1.25720214
1.26110839
1.26208496
1.26135253
1.26208496
1.25708007
1.25830078
1.25720214
1.25976562
1.25976562
1.25720214
1.25842285
1.25830078
1.25964355
1.26110839
1.25708007
1.25476074
1.25708007
1.25708007
1.25708007
1.25708007
1.25585937
1.26098632
1.25512695
1.25756835
1.25878906
1.26013183
1.25634765
1.26086425
1.25732421
1.26147460
1.25952148
1.26086425
1.26208496
1.26208496
1.25964355
1.26196289
1.25976562
1.25585937
1.25854492
1.26208496
1.26208496
1.25720214
1.25732421
1.25793457
1.25817871
1.25842285
1.26416015
1.25830078
1.26086425
1.26208496
1.26220703
1.25781250
1.25671386
1.26196289
1.26086425
1.25952148
1.26257324
1.25842285
1.26098632
1.25830078
1.26208496
1.26843261
1.26196289
1.25732421
1.25964355
1.26098632
1.25598144
1.26086425
1.25598144
1.25732421
1.26208496
1.26208496
1.26208496
1.26208496
1.26074218
1.26269531
1.26049804
1.26379394
1.26049804
1.26086425
1.26098632
1.26159667
1.26098632
1.26281738
1.26086425
1.25732421
1.26086425
1.26159667
1.26171875
1.26013183
1.25756835
1.26086425
1.26037597
1.26135253
1.25720214
1.26074218
1.26477050
1.26318359
1.26477050
1.26098632
1.26013183
1.25964355
1.25964355
1.26086425
1.26098632
1.26220703
1.25964355
1.26086425
1.26306152
1.26342773
1.26098632
1.25817871
1.26416015
1.26293945
1.25927734
1.26171875
1.27148437
1.25622558
1.25939941
1.25439453
1.26342773
1.25866699
1.26293945
1.26538085
1.26416015
1.27209472
1.26416015
1.26416015
1.26477050
1.27416992
1.25805664
1.26489257
1.23266601
1.26501464
1.26794433
1.26440429
1.26623535
1.26599121
1.27636718
1.27197265
1.25280761
1.28588867
1.26989746
1.28161621
1.28601074
1.26733398
1.27856445
1.27062988
1.27185058
1.27185058
1.26452636
1.15917968
1.16015625
1.16442871
1.16088867
1.16198730
1.14978027
1.16040039
1.16052246
1.15625000
1.15576171
1.16931152
1.16906738
1.15344238
1.27099609
1.24707031
1.28222656
1.27062988
1.26733398
1.27062988
1.26611328
1.28332519
1.26257324
1.27868652
