1.25927734
1.25219726
1.24877929
1.25732421
1.25231933
1.25048828
1.27172851
1.27429199
1.25366210
1.25134277
1.27551269
1.28540039
1.25622558
1.26074218
1.25219726
1.25219726
1.25354003
1.27136230
1.25231933
1.26013183
1.26025390
1.25231933
1.25866699
1.25195312
1.25512695
1.24645996
1.26110839
1.26953125
1.25695800
1.26208496
1.26184082
1.25476074
1.26586914
1.27441406
1.26562500
1.26013183
1.25610351
1.26123046
1.26745605
1.27978515
1.24511718
1.25866699
1.27404785
1.25634765
1.27490234
1.27575683
1.25720214
1.27319335
1.25976562
1.25488281
1.27282714
1.27478027
1.26110839
1.27478027
1.25756835
1.26464843
1.26452636
1.27526855
1.25952148
1.25610351
1.25512695
1.25097656
1.24975585
1.25732421
1.26831054
1.26892089
1.25476074
1.24780273
1.26245117
1.25976562
1.25695800
1.26440429
1.25646972
1.25610351
1.25500488
1.26196289
1.25500488
1.25488281
1.27307128
1.27258300
1.25585937
1.26037597
1.25952148
1.25549316
1.25561523
1.27209472
1.26354980
1.25048828
1.25915527
1.26086425
1.26574707
1.25610351
1.26281738
1.26013183
1.26196289
1.27172851
1.25781250
1.25390625
1.25952148
1.25598144
1.27856445
1.26245117
1.25732421
1.25463867
1.24121093
1.25219726
1.25646972
1.25219726
1.25622558
1.24755859
1.25488281
1.25366210
1.27026367
1.26269531
1.25488281
1.25976562
1.25488281
1.26269531
1.25476074
1.25109863
1.26391601
1.28613281
1.25610351
1.27136230
1.25561523
1.25341796
1.27526855
1.25561523
1.25476074
1.26196289
1.24475097
1.25244140
1.29077148
1.25476074
1.24938964
1.25585937
1.25256347
1.25402832
1.25659179
1.26660156
1.25610351
1.25488281
1.25500488
1.27221679
1.25598144
1.25476074
1.25488281
1.23303222
1.26123046
1.25878906
1.25524902
1.26196289
1.25439453
1.25366210
1.25488281
1.26525878
1.25878906
1.27014160
1.27453613
1.25463867
1.26135253
1.26586914
1.25854492
1.26855468
1.26647949
1.24975585
1.27246093
1.25402832
1.26306152
1.26147460
1.27746582
1.26928710
1.25366210
1.26501464
1.25451660
1.25366210
1.25488281
1.25500488
1.25610351
1.25402832
1.26708984
1.25524902
1.25378417
1.25952148
1.25122070
1.25854492
1.26977539
1.25097656
1.25720214
1.28637695
1.25683593
1.25402832
1.25708007
1.25476074
1.25866699
1.25476074
1.25476074
1.28320312
1.25451660
1.26562500
