1.26562500
1.24414062
1.25549316
1.28649902
1.25598144
1.26232910
1.27551269
1.28393554
1.26635742
1.25109863
1.25231933
1.26110839
1.25695800
1.26110839
1.25219726
1.26440429
1.27307128
1.26489257
1.26721191
1.25610351
1.27319335
1.25256347
1.25402832
1.27124023
1.25231933
1.25842285
1.25402832
1.25720214
1.25048828
1.25341796
1.25109863
1.25366210
1.25708007
1.25231933
1.25573730
1.25476074
1.27209472
1.25854492
1.25708007
1.23986816
1.26074218
1.25524902
1.24951171
1.25634765
1.27404785
1.25451660
1.25805664
1.25610351
1.25683593
1.26977539
1.25964355
1.25476074
1.26635742
1.26184082
1.25634765
1.27514648
1.25549316
1.26525878
1.26525878
1.26281738
1.27270507
1.26220703
1.24975585
1.26293945
1.26196289
1.25500488
1.25769042
1.28100585
1.25695800
1.26440429
1.26306152
1.26733398
1.26855468
1.25476074
1.27770996
1.26196289
1.26232910
1.27392578
1.26098632
1.27380371
1.28112792
1.25781250
1.25646972
1.26000976
1.25500488
1.25500488
1.25500488
1.26733398
1.25610351
1.27770996
1.27453613
1.25488281
1.25866699
1.27563476
1.25817871
1.25109863
1.26232910
1.25097656
1.25463867
1.24877929
1.26232910
1.25476074
1.25476074
1.25537109
1.24987792
1.26062011
1.26831054
1.25097656
1.25878906
1.26196289
1.26074218
1.25451660
1.25598144
1.26147460
1.26855468
1.27697753
1.25488281
1.25732421
1.25366210
1.25476074
1.25573730
1.25476074
1.26525878
1.25085449
1.25048828
1.25366210
1.25610351
1.25463867
1.27233886
1.25805664
1.25683593
1.25488281
1.25061035
1.27026367
1.25256347
1.25878906
1.25024414
1.25463867
1.25610351
1.25561523
1.25488281
1.29052734
1.26342773
1.25708007
1.27209472
1.25097656
1.26281738
1.26245117
1.25854492
1.27734375
1.25354003
1.25402832
1.25378417
1.25683593
1.26354980
1.26574707
1.21301269
1.25354003
1.24853515
1.25573730
1.25500488
1.25341796
1.27258300
1.24877929
1.25488281
1.25817871
1.26159667
1.25488281
1.25695800
1.27319335
1.25744628
1.26501464
1.25524902
1.26196289
1.24853515
1.24597167
1.24365234
1.25646972
1.25634765
1.25598144
1.26953125
1.27075195
1.25463867
1.27026367
1.27136230
1.25488281
1.25048828
1.25122070
1.25695800
1.26574707
1.25488281
1.25610351
1.25732421
1.25354003
1.27294921
1.25329589
1.25976562
1.25634765
1.27148437
1.25476074
