1.25952148
1.27978515
1.25390625
1.25732421
1.25720214
1.24475097
1.25341796
1.24243164
1.26062011
1.25439453
1.26208496
1.25695800
1.28271484
1.26123046
1.26306152
1.26086425
1.26562500
1.25830078
1.25317382
1.26123046
1.26281738
1.25341796
1.25720214
1.26074218
1.25329589
1.25744628
1.25476074
1.25402832
1.27136230
1.25500488
1.27270507
1.25671386
1.26196289
1.25488281
1.27868652
1.26159667
1.25415039
1.25390625
1.27612304
1.26904296
1.25085449
1.25122070
1.25573730
1.26110839
1.28540039
1.27514648
1.26098632
1.25988769
1.25195312
1.24719238
1.25305175
1.25512695
1.25231933
1.27075195
1.26635742
1.25634765
1.26672363
1.26220703
1.25183105
1.25219726
1.25585937
1.25476074
1.25317382
1.26916503
1.26843261
1.26110839
1.25622558
1.26098632
1.25756835
1.27014160
1.25500488
1.25610351
1.26269531
1.26232910
1.27404785
1.27526855
1.25610351
1.26184082
1.25610351
1.25256347
1.25402832
1.26757812
1.25854492
1.24755859
1.24426269
1.26464843
1.25451660
1.26635742
1.25244140
1.25378417
1.25939941
1.25036621
1.25769042
1.26110839
1.28100585
1.26037597
1.26562500
1.27478027
1.26342773
1.25708007
1.25598144
1.27001953
1.27502441
1.25683593
1.25500488
1.27770996
1.25598144
1.25488281
1.24975585
1.25683593
1.25903320
1.25561523
1.26171875
1.25866699
1.26647949
1.25695800
1.25634765
1.26635742
1.27441406
1.25183105
1.27404785
1.25439453
1.25354003
1.27038574
1.26171875
1.25598144
1.25402832
1.25488281
1.29101562
1.25231933
1.25476074
1.25488281
1.25598144
1.24731445
1.25695800
1.25500488
1.25463867
1.25439453
1.25744628
1.25390625
1.28662109
1.25500488
1.25415039
1.26208496
1.25573730
1.25366210
1.22900390
1.26159667
1.28369140
1.23986816
1.25537109
1.25463867
1.25085449
1.24877929
1.26831054
1.26586914
1.25585937
1.27124023
1.26208496
1.25927734
1.25476074
1.25610351
1.27014160
1.24987792
1.26062011
1.25500488
1.26538085
1.25744628
1.25378417
1.25488281
1.27795410
1.26342773
1.25708007
1.25280761
1.25683593
1.25256347
1.25476074
1.27343750
1.25866699
1.25256347
1.25939941
1.25476074
1.25512695
1.25573730
1.26464843
1.26208496
1.27185058
1.25854492
1.25451660
1.22778320
1.27380371
1.26843261
1.27014160
1.27087402
1.27624511
1.25439453
1.25805664
1.25341796
1.25891113
1.25646972
