1.26892089
1.25329589
1.25451660
1.26892089
1.25476074
1.27661132
1.27355957
1.26232910
1.25842285
1.25598144
1.26037597
1.25683593
1.25598144
1.26208496
1.26892089
1.27832031
1.28015136
1.25073242
1.25500488
1.27270507
1.24768066
1.25573730
1.25732421
1.26098632
1.26770019
1.27233886
1.25537109
1.25610351
1.25915527
1.26220703
1.25634765
1.25097656
1.27441406
1.25573730
1.25622558
1.26940917
1.25329589
1.27075195
1.24584960
1.25451660
1.25219726
1.24987792
1.25427246
1.25512695
1.25097656
1.28833007
1.26281738
1.25488281
1.25390625
1.28491210
1.27282714
1.25659179
1.27587890
1.25708007
1.25720214
1.26086425
1.25463867
1.26159667
1.25354003
1.25512695
1.27136230
1.26367187
1.25366210
1.25830078
1.26635742
1.25695800
1.25610351
1.27404785
1.27392578
1.25573730
1.26660156
1.26196289
1.27160644
1.26171875
1.26843261
1.25488281
1.25720214
1.26672363
1.26928710
1.25537109
1.27539062
1.25537109
1.24645996
1.25451660
1.26098632
1.26184082
1.25573730
1.25463867
1.26110839
1.25488281
1.25488281
1.27770996
1.26342773
1.26464843
1.26721191
1.25927734
1.25561523
1.26135253
1.25329589
1.26000976
1.25561523
1.27441406
1.25646972
1.25842285
1.26074218
1.26647949
1.25964355
1.25097656
1.25610351
1.25793457
1.25146484
1.26098632
1.26696777
1.26220703
1.26135253
1.25354003
1.25122070
1.25573730
1.25585937
1.25585937
1.25952148
1.25219726
1.25708007
1.25378417
1.25524902
1.24975585
1.26892089
1.25598144
1.24072265
1.26159667
1.25390625
1.25488281
1.25585937
1.24987792
1.28527832
1.25012207
1.25354003
1.24987792
1.25488281
1.25488281
1.25488281
1.25598144
1.25366210
1.26660156
1.27478027
1.25622558
1.25476074
1.25366210
1.26049804
1.25476074
1.27014160
1.27014160
1.25610351
1.27392578
1.25134277
1.26330566
1.25488281
1.27636718
1.26013183
1.25708007
1.27136230
1.26135253
1.24304199
1.27014160
1.25622558
1.25488281
1.24792480
1.27148437
1.24731445
1.25524902
1.27526855
1.24975585
1.27185058
1.25488281
1.24853515
1.26904296
1.27136230
1.25488281
1.25891113
1.25537109
1.25488281
1.24609375
1.25524902
1.25451660
1.25488281
1.25231933
1.27026367
1.25366210
1.24426269
1.25439453
1.25378417
1.25109863
1.25512695
1.26306152
1.24475097
1.24011230
1.25354003
1.26647949
1.27136230
1.26708984
