1.25695800
1.27197265
1.25451660
1.26171875
1.25244140
1.25219726
1.26440429
1.26892089
1.27038574
1.25598144
1.27307128
1.26025390
1.27490234
1.27246093
1.27526855
1.26123046
1.26110839
1.26196289
1.26965332
1.27441406
1.25439453
1.26843261
1.26013183
1.27758789
1.25390625
1.25524902
1.25488281
1.25354003
1.25878906
1.27050781
1.24890136
1.25720214
1.25720214
1.26574707
1.24487304
1.26733398
1.24829101
1.25524902
1.26843261
1.25476074
1.26855468
1.26989746
1.26184082
1.26196289
1.24645996
1.25512695
1.28881835
1.25646972
1.26306152
1.25610351
1.25976562
1.27673339
1.25415039
1.25354003
1.27636718
1.25646972
1.25488281
1.25488281
1.25488281
1.26184082
1.25988769
1.26550292
1.25097656
1.26147460
1.26208496
1.25598144
1.25732421
1.24584960
1.25122070
1.26562500
1.25732421
1.25341796
1.25695800
1.25158691
1.25988769
1.25744628
1.24987792
1.24645996
1.24792480
1.28881835
1.26354980
1.26196289
1.26147460
1.25622558
1.25830078
1.26440429
1.26318359
1.26904296
1.25451660
1.25732421
1.27526855
1.25830078
1.25671386
1.26269531
1.25659179
1.26696777
1.25854492
1.27307128
1.28588867
1.25451660
1.26330566
1.25061035
1.25500488
1.25781250
1.26794433
1.25476074
1.25488281
1.24023437
1.25708007
1.23754882
1.25561523
1.25646972
1.24829101
1.25537109
1.25476074
1.25146484
1.25317382
1.25354003
1.25366210
1.27270507
1.25610351
1.26049804
1.24609375
1.25451660
1.25549316
1.26477050
1.26110839
1.26977539
1.25317382
1.25207519
1.25866699
1.25622558
1.26477050
1.25427246
1.24780273
1.25476074
1.25708007
1.25488281
1.25366210
1.25378417
1.25488281
1.25610351
1.27770996
1.25720214
1.25280761
1.25585937
1.26989746
1.25732421
1.25610351
1.25488281
1.25415039
1.25598144
1.26477050
1.28161621
1.23278808
1.28210449
1.25476074
1.25524902
1.25549316
1.25109863
1.26770019
1.25793457
1.25366210
1.25463867
1.25451660
1.27136230
1.26879882
1.24975585
1.24377441
1.25573730
1.25427246
1.25891113
1.25488281
1.25524902
1.27648925
1.25585937
1.26171875
1.25390625
1.25476074
1.25476074
1.24853515
1.25207519
1.25476074
1.25354003
1.25488281
1.25842285
1.25427246
1.24865722
1.27075195
1.27441406
1.25366210
1.25488281
1.24536132
1.25366210
1.25683593
1.27380371
1.25451660
1.24401855
1.25488281
1.27246093
