1.25231933
1.26037597
1.26306152
1.25231933
1.25109863
1.25439453
1.27685546
1.27514648
1.27075195
1.26330566
1.26062011
1.26379394
1.26123046
1.27075195
1.28002929
1.26013183
1.26232910
1.26110839
1.26013183
1.26110839
1.26037597
1.25097656
1.25866699
1.25988769
1.28564453
1.26245117
1.24609375
1.25219726
1.26464843
1.25683593
1.25537109
1.25134277
1.28771972
1.26721191
1.26220703
1.25622558
1.25671386
1.25610351
1.26745605
1.25500488
1.26013183
1.25561523
1.25927734
1.25549316
1.25720214
1.26647949
1.27294921
1.25500488
1.24743652
1.25500488
1.26965332
1.24719238
1.25756835
1.25988769
1.28662109
1.26953125
1.26025390
1.27355957
1.25634765
1.25622558
1.25195312
1.25695800
1.27111816
1.28637695
1.26843261
1.25817871
1.27429199
1.26000976
1.25537109
1.26318359
1.27392578
1.25598144
1.27172851
1.26477050
1.25231933
1.27111816
1.28100585
1.28051757
1.27185058
1.25610351
1.25585937
1.26477050
1.26501464
1.25927734
1.25622558
1.25939941
1.25988769
1.25708007
1.24438476
1.27355957
1.26428222
1.25097656
1.26452636
1.25390625
1.25610351
1.27746582
1.25476074
1.25512695
1.25488281
1.26391601
1.26916503
1.25683593
1.25866699
1.25476074
1.27258300
1.26953125
1.25219726
1.25109863
1.27185058
1.26184082
1.24975585
1.25854492
1.25366210
1.25964355
1.27172851
1.25488281
1.27026367
1.25976562
1.26892089
1.27148437
1.25341796
1.25781250
1.25427246
1.26257324
1.26660156
1.24963378
1.26782226
1.25720214
1.26306152
1.25488281
1.26965332
1.25646972
1.24902343
1.27990722
1.25708007
1.25158691
1.26904296
1.25683593
1.26306152
1.24987792
1.24755859
1.25512695
1.25500488
1.25366210
1.24865722
1.24975585
1.25708007
1.24987792
1.25915527
1.25854492
1.25671386
1.25341796
1.27233886
1.27124023
1.27148437
1.25122070
1.26953125
1.24853515
1.26171875
1.25463867
1.25488281
1.26635742
1.25610351
1.24597167
1.25488281
1.26806640
1.26513671
1.25231933
1.27600097
1.25622558
1.25878906
1.25683593
1.25036621
1.25488281
1.25695800
1.25878906
1.25720214
1.25488281
1.25634765
1.27148437
1.25842285
1.25500488
1.25476074
1.25610351
1.24584960
1.27026367
1.25354003
1.27539062
1.26989746
1.25598144
1.25366210
1.27014160
1.25622558
1.25756835
1.26843261
1.27624511
1.25476074
1.25659179
1.26879882
1.24609375
