1.26831054
1.26696777
1.23815917
1.25988769
1.25354003
1.25585937
1.25598144
1.25524902
1.25073242
1.25634765
1.26184082
1.25317382
1.26464843
1.25292968
1.26745605
1.26171875
1.25720214
1.25695800
1.25952148
1.25610351
1.27404785
1.27294921
1.26416015
1.26635742
1.25402832
1.25476074
1.26281738
1.25292968
1.28002929
1.25732421
1.26013183
1.26696777
1.25573730
1.27697753
1.26208496
1.25671386
1.25976562
1.25878906
1.25476074
1.27319335
1.25708007
1.27441406
1.25500488
1.25122070
1.26916503
1.26098632
1.26062011
1.25024414
1.25830078
1.25500488
1.25561523
1.26818847
1.25512695
1.27514648
1.26672363
1.27087402
1.25805664
1.29223632
1.26220703
1.26989746
1.25805664
1.25524902
1.25695800
1.26953125
1.24975585
1.26647949
1.25598144
1.25512695
1.25476074
1.25268554
1.25903320
1.25500488
1.25659179
1.25866699
1.25341796
1.25610351
1.25964355
1.25366210
1.25830078
1.25231933
1.24755859
1.25988769
1.27197265
1.26721191
1.25683593
1.25610351
1.25402832
1.25610351
1.25476074
1.26062011
1.25939941
1.25634765
1.25378417
1.28649902
1.25280761
1.25390625
1.25964355
1.26452636
1.27209472
1.25402832
1.25964355
1.25561523
1.27099609
1.26330566
1.25610351
1.24743652
1.25610351
1.25366210
1.26379394
1.28027343
1.25500488
1.25720214
1.25488281
1.27526855
1.25390625
1.25207519
1.24682617
1.25488281
1.25720214
1.25366210
1.25305175
1.26916503
1.25476074
1.25732421
1.27014160
1.25891113
1.28100585
1.27392578
1.25488281
1.25842285
1.25488281
1.25231933
1.27807617
1.25610351
1.25720214
1.26525878
1.25280761
1.25732421
1.26464843
1.25415039
1.25854492
1.26733398
1.26550292
1.26721191
1.25634765
1.25256347
1.25866699
1.25476074
1.25244140
1.27319335
1.25524902
1.26562500
1.24438476
1.25756835
1.25610351
1.26025390
1.26940917
1.25415039
1.26965332
1.24853515
1.25878906
1.28210449
1.30200195
1.22119140
1.25537109
1.25683593
1.25598144
1.24755859
1.25549316
1.25708007
1.25366210
1.26403808
1.27453613
1.25524902
1.25354003
1.25805664
1.25244140
1.25512695
1.26708984
1.25622558
1.25366210
1.25488281
1.25598144
1.25366210
1.25402832
1.25500488
1.25646972
1.25476074
1.25964355
1.25292968
1.25744628
1.25354003
1.27014160
1.25488281
1.26037597
1.27697753
1.25891113
1.25268554
1.25744628
1.26501464
