1.27246093
1.27270507
1.27307128
1.25988769
1.26757812
1.25964355
1.25219726
1.26062011
1.25378417
1.28894042
1.25097656
1.26220703
1.26184082
1.25830078
1.26074218
1.26062011
1.24853515
1.26232910
1.28393554
1.25036621
1.24975585
1.25109863
1.25219726
1.28161621
1.25561523
1.26831054
1.26293945
1.24645996
1.24890136
1.27917480
1.25378417
1.26489257
1.26269531
1.25793457
1.26721191
1.25537109
1.25341796
1.26867675
1.26745605
1.25451660
1.25854492
1.25476074
1.25659179
1.26721191
1.25610351
1.28527832
1.26074218
1.25720214
1.25732421
1.25622558
1.27014160
1.26953125
1.25488281
1.27197265
1.27392578
1.25109863
1.26513671
1.25720214
1.27136230
1.27197265
1.25830078
1.25708007
1.25866699
1.26281738
1.25769042
1.25732421
1.25170898
1.25817871
1.25976562
1.25097656
1.26940917
1.26940917
1.25573730
1.25488281
1.25744628
1.25817871
1.25708007
1.25415039
1.25598144
1.25073242
1.25561523
1.25964355
1.25231933
1.24987792
1.26159667
1.25610351
1.27111816
1.28283691
1.25109863
1.26184082
1.25390625
1.27648925
1.28125000
1.25659179
1.26245117
1.27233886
1.25622558
1.26818847
1.25109863
1.26977539
1.25866699
1.26354980
1.27880859
1.26196289
1.25573730
1.25488281
1.25927734
1.25476074
1.24951171
1.25781250
1.25476074
1.25610351
1.25097656
1.25476074
1.24938964
1.25634765
1.25036621
1.24914550
1.25561523
1.26135253
1.27185058
1.24157714
1.25146484
1.25134277
1.26660156
1.25488281
1.25366210
1.25769042
1.25512695
1.26867675
1.25646972
1.25280761
1.25354003
1.25488281
1.25366210
1.25195312
1.26782226
1.25610351
1.26660156
1.25646972
1.25378417
1.25585937
1.25598144
1.25500488
1.25610351
1.25598144
1.24963378
1.25476074
1.25708007
1.25769042
1.25573730
1.25329589
1.26318359
1.25634765
1.26318359
1.25354003
1.27136230
1.26489257
1.25500488
1.26257324
1.25610351
1.26391601
1.26062011
1.25354003
1.27770996
1.25476074
1.26135253
1.25683593
1.25756835
1.25488281
1.25878906
1.26647949
1.25573730
1.25476074
1.25048828
1.25244140
1.26550292
1.25781250
1.25476074
1.25476074
1.25476074
1.26428222
1.25451660
1.25036621
1.25683593
1.25427246
1.26416015
1.25549316
1.25378417
1.24987792
1.25451660
1.27136230
1.25439453
1.24902343
1.25354003
1.25646972
1.27172851
1.26196289
1.25488281
1.28076171
