1.28149414
1.26464843
1.27038574
1.25390625
1.25219726
1.27453613
1.27026367
1.26281738
1.27075195
1.27038574
1.26306152
1.26831054
1.25109863
1.25634765
1.25231933
1.25524902
1.26135253
1.26110839
1.25573730
1.28002929
1.25610351
1.25781250
1.25341796
1.25231933
1.26147460
1.25488281
1.25585937
1.26354980
1.27368164
1.25134277
1.26635742
1.25231933
1.25219726
1.26086425
1.28088378
1.26330566
1.25708007
1.25610351
1.25488281
1.26330566
1.25720214
1.25610351
1.26123046
1.25756835
1.26110839
1.25598144
1.27478027
1.26184082
1.26318359
1.25927734
1.25622558
1.25378417
1.26672363
1.29125976
1.28173828
1.25598144
1.25012207
1.25683593
1.25610351
1.25097656
1.26452636
1.25195312
1.26501464
1.25231933
1.26306152
1.25500488
1.25427246
1.26074218
1.27770996
1.25524902
1.27600097
1.25537109
1.24279785
1.25866699
1.25488281
1.26696777
1.27624511
1.27929687
1.25720214
1.25610351
1.25219726
1.26965332
1.26306152
1.26110839
1.27294921
1.25585937
1.24853515
1.28649902
1.25512695
1.25610351
1.25598144
1.27050781
1.26110839
1.26098632
1.26464843
1.25036621
1.26000976
1.25354003
1.25427246
1.27185058
1.25048828
1.25219726
1.26867675
1.25927734
1.25598144
1.25756835
1.25671386
1.26025390
1.25903320
1.25573730
1.25500488
1.25537109
1.27526855
1.25610351
1.25598144
1.26403808
1.26550292
1.26110839
1.25744628
1.25366210
1.26074218
1.27929687
1.25476074
1.24255371
1.24890136
1.25988769
1.25341796
1.26599121
1.25512695
1.25805664
1.25207519
1.24853515
1.25561523
1.24707031
1.27160644
1.25756835
1.26098632
1.24035644
1.25854492
1.28796386
1.25109863
1.26708984
1.25488281
1.24841308
1.25793457
1.25671386
1.25390625
1.25952148
1.27001953
1.25610351
1.25659179
1.25195312
1.25109863
1.25463867
1.24963378
1.25488281
1.25256347
1.25048828
1.26831054
1.25317382
1.25366210
1.28393554
1.26135253
1.25549316
1.25817871
1.25695800
1.25598144
1.26660156
1.25476074
1.25695800
1.25000000
1.25476074
1.25634765
1.25354003
1.25561523
1.25634765
1.27014160
1.25488281
1.25378417
1.26269531
1.25366210
1.25341796
1.25390625
1.25476074
1.25366210
1.25354003
1.25476074
1.25366210
1.25109863
1.25488281
1.25610351
1.25402832
1.25500488
1.28540039
1.27172851
1.26574707
1.25585937
1.26953125
1.25256347
1.25488281
