1.27612304
1.27514648
1.25561523
1.25097656
1.25720214
1.26208496
1.26293945
1.26696777
1.26367187
1.26062011
1.25695800
1.25878906
1.24975585
1.26184082
1.25000000
1.26684570
1.30041503
1.26428222
1.26110839
1.26025390
1.27416992
1.25842285
1.25671386
1.27636718
1.25634765
1.25317382
1.26123046
1.26831054
1.25866699
1.26110839
1.25683593
1.25476074
1.27648925
1.26721191
1.25610351
1.26464843
1.26208496
1.27075195
1.26721191
1.28405761
1.24987792
1.25598144
1.25219726
1.25109863
1.25500488
1.27392578
1.26196289
1.25354003
1.25488281
1.25097656
1.25671386
1.26965332
1.26062011
1.25793457
1.27502441
1.26708984
1.24548339
1.25378417
1.25488281
1.25549316
1.27026367
1.26074218
1.25476074
1.25976562
1.26037597
1.25427246
1.25366210
1.25512695
1.26501464
1.28247070
1.24963378
1.25073242
1.28344726
1.26452636
1.25476074
1.24584960
1.24829101
1.28417968
1.25976562
1.27770996
1.25488281
1.25109863
1.27270507
1.25634765
1.26110839
1.25366210
1.27038574
1.26147460
1.27172851
1.25537109
1.26452636
1.26123046
1.25549316
1.25598144
1.26818847
1.25378417
1.25476074
1.25488281
1.26574707
1.24560546
1.25610351
1.25610351
1.25500488
1.25598144
1.25097656
1.25476074
1.25366210
1.26965332
1.25476074
1.25646972
1.25134277
1.24645996
1.27404785
1.24987792
1.27380371
1.25427246
1.25964355
1.25524902
1.25073242
1.25488281
1.25561523
1.25854492
1.25244140
1.26660156
1.25366210
1.25231933
1.24975585
1.26879882
1.26879882
1.26831054
1.26721191
1.26635742
1.25109863
1.27258300
1.25488281
1.26440429
1.26696777
1.26953125
1.25500488
1.28649902
1.25695800
1.25573730
1.25329589
1.24755859
1.25500488
1.27136230
1.25915527
1.25366210
1.26000976
1.25988769
1.25512695
1.27807617
1.28771972
1.27490234
1.25793457
1.25854492
1.27258300
1.25744628
1.25598144
1.25476074
1.26013183
1.25610351
1.25659179
1.25720214
1.26281738
1.25488281
1.26159667
1.26574707
1.25598144
1.25231933
1.26159667
1.25122070
1.25500488
1.25500488
1.26464843
1.25451660
1.25744628
1.25415039
1.25622558
1.26696777
1.25451660
1.26513671
1.26257324
1.26953125
1.27587890
1.25781250
1.25634765
1.27038574
1.26220703
1.25268554
1.25390625
1.25500488
1.25537109
1.25488281
1.27380371
1.26672363
1.25024414
1.25524902
1.25268554
1.25634765
