1.20776367
1.20837402
1.21032714
1.21179199
1.20764160
1.21069335
1.21667480
1.21032714
1.20507812
1.21093750
1.21740722
1.21899414
1.21813964
1.20837402
1.21813964
1.21618652
1.22167968
1.20727539
1.21936035
1.20800781
1.22180175
1.21374511
1.21606445
1.20898437
1.20556640
1.21557617
1.20910644
1.22058105
1.21289062
1.20922851
1.21325683
1.21691894
1.21179199
1.21801757
1.21105957
1.21215820
1.21057128
1.20275878
1.20983886
1.22106933
1.20849609
1.22143554
1.20654296
1.20971679
1.21057128
1.21276855
1.22180175
1.20849609
1.22167968
1.21337890
1.20812988
1.21093750
1.20458984
1.20861816
1.20764160
1.20288085
1.21862792
1.20605468
1.21655273
1.20397949
1.20092773
1.20703125
1.20861816
1.20666503
1.21667480
1.22167968
1.21826171
1.20312500
1.21057128
1.20349121
1.21789550
1.18090820
1.18359375
1.18615722
1.19677734
1.18420410
1.18688964
1.18542480
1.18481445
1.19714355
1.18310546
1.18920898
1.18798828
1.18798828
1.18847656
1.18835449
1.18798828
1.19091796
1.18933105
1.19213867
1.18847656
1.20422363
1.19934082
1.20373535
1.19335937
1.19934082
1.20068359
1.18786621
1.19897460
1.19970703
1.18847656
1.18640136
1.18188476
1.18615722
1.19934082
1.17431640
1.20654296
1.19726562
1.18969726
1.19042968
1.18591308
1.17480468
1.18469238
1.18395996
1.19311523
1.18054199
1.18469238
1.18762207
1.18945312
1.18591308
1.19030761
1.19555664
1.18298339
1.18078613
1.17968750
1.18627929
1.17858886
1.18457031
1.18835449
1.18322753
1.17846679
1.17980957
1.17968750
1.18090820
1.18237304
1.20251464
1.17736816
1.19555664
1.18554687
1.18322753
1.18566894
1.18920898
1.18566894
1.18505859
1.18798828
1.18811035
1.19958496
1.18688964
1.19824218
1.19030761
1.19543457
1.19921875
1.19763183
1.19152832
1.17883300
1.20288085
1.20532226
1.18896484
1.19531250
1.19812011
1.18469238
1.19226074
1.19274902
1.20300292
1.18041992
1.18847656
1.19042968
1.17980957
1.18579101
1.18945312
1.17980957
1.19323730
1.17834472
1.18896484
1.18762207
1.18896484
1.18920898
1.19921875
1.19934082
1.18652343
1.18103027
1.18566894
1.18444824
1.18566894
1.18823242
1.19189453
1.18322753
1.20190429
1.18969726
1.18579101
1.18359375
1.19079589
1.18200683
1.18542480
1.19079589
1.18359375
1.18090820
1.18225097
1.18103027
1.18469238
