1.20849609
1.20959472
1.20336914
1.20227050
1.20202636
1.21154785
1.19873046
1.21166992
1.21057128
1.20361328
1.21838378
1.20947265
1.21704101
1.20959472
1.21936035
1.21191406
1.21948242
1.20861816
1.22302246
1.20751953
1.22119140
1.20947265
1.22045898
1.20861816
1.20458984
1.22253417
1.21325683
1.21289062
1.20300292
1.21923828
1.19946289
1.20678710
1.20556640
1.20764160
1.20446777
1.20898437
1.22167968
1.21813964
1.22290039
1.22180175
1.20678710
1.20104980
1.22290039
1.20239257
1.21179199
1.21459960
1.22119140
1.20422363
1.22167968
1.22058105
1.20849609
1.21154785
1.22229003
1.21264648
1.21936035
1.20104980
1.20092773
1.20935058
1.21679687
1.21948242
1.21740722
1.20935058
1.20849609
1.21533203
1.21325683
1.22045898
1.20593261
1.20825195
1.19702148
1.20849609
1.20581054
1.21728515
1.22326660
1.18957519
1.18933105
1.19995117
1.20043945
1.19482421
1.20117187
1.19934082
1.19458007
1.19042968
1.20349121
1.20410156
1.19812011
1.18713378
1.18383789
1.19030761
1.18798828
1.18750000
1.18701171
1.18371582
1.18640136
1.18798828
1.18920898
1.18737792
1.17822265
1.19677734
1.18811035
1.18322753
1.20019531
1.19934082
1.18615722
1.18847656
1.18261718
1.19067382
1.18249511
1.18469238
1.18090820
1.17968750
1.18444824
1.18090820
1.18823242
1.18579101
1.18078613
1.18359375
1.18090820
1.18469238
1.19580078
1.18615722
1.18505859
1.18750000
1.17956542
1.18493652
1.17980957
1.17834472
1.18054199
1.17846679
1.17980957
1.19702148
1.18554687
1.18713378
1.18566894
1.18664550
1.19970703
1.18566894
1.18078613
1.18627929
1.18444824
1.18847656
1.18103027
1.19921875
1.18090820
1.19030761
1.18920898
1.19067382
1.17968750
1.18920898
1.18225097
1.19091796
1.18920898
1.18322753
1.17944335
1.18078613
1.18737792
1.19042968
1.17590332
1.18933105
1.18920898
1.18395996
1.18103027
1.18481445
1.18493652
1.17858886
1.17968750
1.18078613
1.19689941
1.17993164
1.18115234
1.17126464
1.17712402
1.18615722
1.18554687
1.18566894
1.18566894
1.19982910
1.19458007
1.19384765
1.19421386
1.18212890
1.18225097
1.18798828
1.20178222
1.18212890
1.18957519
1.18957519
1.18896484
1.19628906
1.18811035
1.19067382
1.19445800
1.18920898
1.18981933
1.19165039
1.20007324
1.18103027
1.17944335
1.19042968
1.19897460
1.17968750
