1.20739746
1.20178222
1.20190429
1.20849609
1.21728515
1.21691894
1.20336914
1.22827148
1.21936035
1.20471191
1.21704101
1.21032714
1.21813964
1.20935058
1.21704101
1.21423339
1.20947265
1.20861816
1.20837402
1.21691894
1.21313476
1.20373535
1.21313476
1.20959472
1.21411132
1.20788574
1.20617675
1.20910644
1.20593261
1.21887207
1.20617675
1.22058105
1.21655273
1.20910644
1.21569824
1.22143554
1.20275878
1.21838378
1.20971679
1.22180175
1.20727539
1.20849609
1.19824218
1.20886230
1.22167968
1.21191406
1.21020507
1.21679687
1.19982910
1.20727539
1.20263671
1.20812988
1.21899414
1.19848632
1.21813964
1.21081542
1.21044921
1.21813964
1.21838378
1.21447753
1.21936035
1.21142578
1.21704101
1.20959472
1.21557617
1.20422363
1.20507812
1.20019531
1.20092773
1.21691894
1.21752929
1.22143554
1.20959472
1.19689941
1.19128417
1.18798828
1.19384765
1.19091796
1.17980957
1.18469238
1.20422363
1.17968750
1.18957519
1.17309570
1.18835449
1.18957519
1.19494628
1.18847656
1.18896484
1.18505859
1.18505859
1.19812011
1.19812011
1.19934082
1.18310546
1.19885253
1.19567871
1.19689941
1.18640136
1.17590332
1.19287109
1.18457031
1.19055175
1.18835449
1.17712402
1.18603515
1.19018554
1.17968750
1.18542480
1.19091796
1.18908691
1.18212890
1.18359375
1.18347167
1.18640136
1.18078613
1.19799804
1.18078613
1.19812011
1.18676757
1.17980957
1.18640136
1.18078613
1.18090820
1.17993164
1.18908691
1.18090820
1.17968750
1.18017578
1.19128417
1.19934082
1.18518066
1.18566894
1.18493652
1.17993164
1.18713378
1.20031738
1.19543457
1.19482421
1.19470214
1.18566894
1.18005371
1.19018554
1.18627929
1.17968750
1.19934082
1.20202636
1.19738769
1.20178222
1.18481445
1.20251464
1.19812011
1.18933105
1.18762207
1.19689941
1.19921875
1.19836425
1.18469238
1.19812011
1.18603515
1.19799804
1.19689941
1.17834472
1.18542480
1.18041992
1.19897460
1.18823242
1.18518066
1.20178222
1.19848632
1.18408203
1.19702148
1.19934082
1.19067382
1.19055175
1.18701171
1.19873046
1.18945312
1.18469238
1.17968750
1.18481445
1.18591308
1.17907714
1.17968750
1.18164062
1.18676757
1.18310546
1.19812011
1.17944335
1.20251464
1.17944335
1.18591308
1.19812011
1.17968750
1.18469238
1.18872070
1.18713378
1.18481445
1.18554687
1.18469238
