1.20837402
1.20532226
1.22473144
1.21362304
1.21008300
1.20471191
1.21569824
1.21289062
1.20483398
1.22070312
1.20727539
1.20446777
1.21923828
1.20483398
1.21166992
1.21887207
1.20812988
1.21899414
1.21936035
1.21899414
1.20324707
1.20605468
1.20825195
1.20324707
1.21508789
1.20837402
1.20373535
1.20263671
1.20715332
1.21838378
1.21301269
1.20959472
1.20800781
1.20605468
1.20996093
1.20825195
1.21435546
1.20727539
1.20764160
1.20849609
1.21264648
1.20935058
1.20544433
1.20959472
1.21411132
1.20678710
1.20849609
1.21264648
1.20739746
1.21557617
1.20349121
1.21923828
1.21008300
1.20739746
1.21057128
1.22216796
1.20373535
1.21936035
1.21411132
1.20812988
1.21179199
1.21301269
1.22131347
1.22192382
1.20410156
1.20751953
1.21728515
1.20996093
1.20422363
1.19079589
1.17810058
1.18920898
1.19042968
1.20385742
1.20532226
1.19079589
1.19995117
1.18847656
1.18225097
1.20349121
1.18994140
1.20410156
1.18823242
1.19091796
1.18115234
1.20300292
1.19653320
1.19799804
1.18066406
1.18933105
1.19824218
1.19555664
1.20068359
1.18566894
1.19079589
1.19323730
1.18566894
1.18603515
1.18664550
1.18859863
1.20043945
1.20324707
1.19921875
1.19555664
1.17968750
1.18542480
1.18713378
1.19104003
1.19189453
1.19042968
1.19445800
1.19836425
1.19238281
1.18054199
1.18591308
1.18139648
1.19677734
1.18212890
1.18139648
1.18115234
1.18591308
1.18090820
1.18469238
1.18115234
1.20166015
1.18481445
1.19750976
1.20043945
1.20227050
1.18920898
1.18554687
1.18713378
1.18322753
1.19812011
1.18200683
1.18518066
1.18127441
1.18615722
1.18066406
1.18359375
1.18664550
1.19812011
1.19812011
1.18957519
1.18054199
1.18798828
1.19091796
1.20068359
1.19042968
1.17968750
1.17968750
1.18090820
1.18981933
1.17980957
1.18457031
1.17895507
1.19030761
1.19128417
1.18469238
1.18322753
1.18432617
1.19543457
1.18090820
1.18493652
1.17858886
1.19323730
1.18676757
1.18676757
1.18395996
1.19909667
1.18957519
1.17602539
1.18786621
1.19934082
1.19104003
1.18225097
1.18920898
1.19213867
1.19042968
1.20019531
1.18847656
1.19189453
1.17980957
1.19311523
1.18969726
1.19042968
1.18835449
1.18225097
1.18566894
1.19519042
1.18200683
1.18542480
1.18090820
1.17968750
1.18566894
1.18090820
1.18469238
1.18701171
1.18603515
1.19836425
