1.20849609
1.22180175
1.20788574
1.22058105
1.20727539
1.20947265
1.20458984
1.21936035
1.21044921
1.21057128
1.20812988
1.20690917
1.21752929
1.21923828
1.21594238
1.20263671
1.21350097
1.21948242
1.20581054
1.20812988
1.22265625
1.21813964
1.22045898
1.21215820
1.20849609
1.20410156
1.21569824
1.22155761
1.21984863
1.20349121
1.19531250
1.21557617
1.20727539
1.20214843
1.20825195
1.22058105
1.21411132
1.20715332
1.20837402
1.20727539
1.20642089
1.21520996
1.20422363
1.21752929
1.20361328
1.20739746
1.20764160
1.20007324
1.20495605
1.21679687
1.20971679
1.21179199
1.22412109
1.23608398
1.20837402
1.20849609
1.20397949
1.22290039
1.21093750
1.20849609
1.21191406
1.21264648
1.20458984
1.20239257
1.19274902
1.18835449
1.20410156
1.19348144
1.18896484
1.19104003
1.19042968
1.18920898
1.19750976
1.18469238
1.20300292
1.19897460
1.18432617
1.19799804
1.18847656
1.17712402
1.18261718
1.18798828
1.19091796
1.18481445
1.18640136
1.18493652
1.18566894
1.20166015
1.20178222
1.18615722
1.18432617
1.18847656
1.18469238
1.19042968
1.19677734
1.18920898
1.19042968
1.17968750
1.18591308
1.18920898
1.18432617
1.17907714
1.18359375
1.18029785
1.18005371
1.19824218
1.19445800
1.18090820
1.18444824
1.18066406
1.18591308
1.17736816
1.19177246
1.19604492
1.18359375
1.18469238
1.18005371
1.18041992
1.17883300
1.18676757
1.18310546
1.18212890
1.20056152
1.18322753
1.19311523
1.18322753
1.18151855
1.18298339
1.18566894
1.20544433
1.20300292
1.18920898
1.18811035
1.17858886
1.19079589
1.18811035
1.18542480
1.18200683
1.19042968
1.20043945
1.20056152
1.18835449
1.18859863
1.18957519
1.18212890
1.18505859
1.19201660
1.18896484
1.20166015
1.18359375
1.18981933
1.18457031
1.18823242
1.18920898
1.18884277
1.19738769
1.19677734
1.17602539
1.17858886
1.18920898
1.17736816
1.19421386
1.19812011
1.18566894
1.19873046
1.19812011
1.18261718
1.18200683
1.18701171
1.20068359
1.18737792
1.20068359
1.20019531
1.18994140
1.20422363
1.18041992
1.18676757
1.19165039
1.18481445
1.19042968
1.18176269
1.19409179
1.20056152
1.19702148
1.19689941
1.19897460
1.19812011
1.18823242
1.18212890
1.17944335
1.18469238
1.17968750
1.18078613
1.20043945
1.18432617
1.18041992
1.19934082
1.19677734
1.19079589
1.17834472
