1.20056152
1.20959472
1.20849609
1.20825195
1.20837402
1.22216796
1.22448730
1.20617675
1.21740722
1.19775390
1.21020507
1.20471191
1.20886230
1.20800781
1.21057128
1.20935058
1.20617675
1.20202636
1.20092773
1.20983886
1.20214843
1.19604492
1.21374511
1.21496582
1.20971679
1.21374511
1.21850585
1.21081542
1.21240234
1.20849609
1.20483398
1.20349121
1.20959472
1.20910644
1.20812988
1.20483398
1.22290039
1.21789550
1.20886230
1.21289062
1.21081542
1.22558593
1.20043945
1.20703125
1.22387695
1.20507812
1.21520996
1.21789550
1.20556640
1.21862792
1.20617675
1.22058105
1.21240234
1.20434570
1.21166992
1.20849609
1.22167968
1.22290039
1.20886230
1.21154785
1.21008300
1.20483398
1.20788574
1.19042968
1.20385742
1.18920898
1.19934082
1.18811035
1.19042968
1.19018554
1.18933105
1.18933105
1.18249511
1.18481445
1.18688964
1.19091796
1.19042968
1.18908691
1.19042968
1.19958496
1.19067382
1.20397949
1.18994140
1.19042968
1.20031738
1.18652343
1.18798828
1.20043945
1.20056152
1.18530273
1.18676757
1.18676757
1.18469238
1.18261718
1.19592285
1.19238281
1.21520996
1.18957519
1.19213867
1.20397949
1.18920898
1.19555664
1.19421386
1.19042968
1.19030761
1.18920898
1.19848632
1.18969726
1.19592285
1.18652343
1.18103027
1.18041992
1.19799804
1.20544433
1.19787597
1.18359375
1.19128417
1.18957519
1.18566894
1.18469238
1.18005371
1.18591308
1.18627929
1.18908691
1.20043945
1.19799804
1.19763183
1.18774414
1.18090820
1.18359375
1.18579101
1.19445800
1.18676757
1.18676757
1.17846679
1.17700195
1.18542480
1.18762207
1.18591308
1.19812011
1.18371582
1.17700195
1.18017578
1.19445800
1.19592285
1.19628906
1.19042968
1.18750000
1.19812011
1.18383789
1.19616699
1.18603515
1.18151855
1.18237304
1.18469238
1.17980957
1.18078613
1.18103027
1.18615722
1.19335937
1.18701171
1.18188476
1.18566894
1.17968750
1.20043945
1.17834472
1.18591308
1.19018554
1.18310546
1.19909667
1.19152832
1.19921875
1.17102050
1.18676757
1.19934082
1.19738769
1.18566894
1.17712402
1.18212890
1.18554687
1.18591308
1.19494628
1.19787597
1.19152832
1.20031738
1.18750000
1.18200683
1.19091796
1.18212890
1.18151855
1.18591308
1.19921875
1.18359375
1.18225097
1.19165039
1.18457031
1.18493652
1.20166015
1.18481445
1.17968750
