1.20312500
1.20312500
1.20715332
1.20727539
1.20727539
1.21630859
1.21166992
1.20593261
1.20812988
1.21765136
1.21813964
1.21850585
1.20812988
1.20336914
1.21716308
1.21374511
1.21923828
1.20336914
1.21203613
1.22180175
1.21289062
1.20288085
1.21166992
1.20227050
1.21472167
1.21936035
1.21289062
1.22192382
1.21472167
1.19262695
1.20715332
1.21948242
1.20690917
1.20117187
1.21252441
1.21179199
1.20959472
1.20349121
1.21789550
1.20446777
1.20251464
1.20373535
1.22387695
1.21911621
1.20935058
1.20715332
1.20483398
1.21691894
1.21166992
1.21826171
1.20153808
1.22314453
1.21093750
1.22290039
1.22033691
1.20935058
1.21911621
1.20898437
1.20239257
1.20727539
1.20422363
1.20104980
1.20739746
1.21032714
1.20666503
1.22180175
1.21679687
1.21350097
1.18847656
1.18969726
1.19213867
1.18969726
1.18420410
1.17846679
1.18957519
1.20300292
1.18957519
1.20068359
1.18359375
1.18969726
1.19799804
1.17932128
1.19763183
1.18542480
1.18920898
1.18554687
1.19934082
1.18493652
1.17675781
1.18615722
1.18566894
1.18554687
1.17590332
1.19848632
1.19165039
1.19873046
1.17993164
1.17858886
1.18603515
1.18090820
1.18090820
1.18041992
1.18859863
1.18920898
1.18103027
1.18432617
1.20117187
1.18847656
1.19714355
1.19042968
1.18603515
1.18908691
1.18115234
1.19042968
1.20654296
1.18457031
1.19152832
1.18334960
1.19836425
1.18127441
1.18713378
1.18725585
1.18322753
1.18615722
1.19323730
1.18469238
1.20056152
1.18603515
1.18994140
1.18725585
1.18481445
1.17980957
1.18591308
1.20019531
1.19055175
1.17968750
1.18615722
1.19165039
1.18432617
1.19677734
1.18811035
1.18933105
1.18347167
1.18395996
1.19848632
1.18713378
1.18469238
1.18395996
1.18200683
1.17993164
1.19775390
1.18237304
1.19165039
1.18432617
1.18591308
1.18920898
1.17846679
1.17968750
1.18395996
1.19873046
1.18493652
1.19677734
1.18420410
1.18603515
1.18530273
1.19335937
1.18676757
1.18859863
1.19921875
1.20178222
1.19824218
1.18566894
1.19421386
1.18115234
1.18078613
1.18359375
1.18481445
1.18359375
1.19543457
1.19934082
1.17968750
1.18481445
1.17590332
1.18945312
1.18334960
1.18798828
1.17980957
1.18481445
1.18347167
1.18920898
1.19799804
1.19042968
1.19702148
1.17871093
1.19921875
1.18640136
1.19299316
1.19067382
1.19494628
1.19763183
