1.20385742
1.20227050
1.20776367
1.20739746
1.21667480
1.20849609
1.21997070
1.20800781
1.20422363
1.21679687
1.21936035
1.21020507
1.21093750
1.20495605
1.21191406
1.20080566
1.20483398
1.21044921
1.21813964
1.20983886
1.22497558
1.22045898
1.20458984
1.20800781
1.21154785
1.20324707
1.20678710
1.21691894
1.20910644
1.20739746
1.20361328
1.21557617
1.21179199
1.21582031
1.21826171
1.21569824
1.20849609
1.20251464
1.20349121
1.20043945
1.20507812
1.21166992
1.20324707
1.20849609
1.21789550
1.20397949
1.20959472
1.21826171
1.21716308
1.21813964
1.20983886
1.21740722
1.20812988
1.21459960
1.19921875
1.20849609
1.20788574
1.20434570
1.20349121
1.20910644
1.20849609
1.20983886
1.20251464
1.21240234
1.20959472
1.20715332
1.20349121
1.22070312
1.20483398
1.18957519
1.19067382
1.18188476
1.18969726
1.19934082
1.18676757
1.18811035
1.19482421
1.18713378
1.18457031
1.18444824
1.18933105
1.19091796
1.20288085
1.18603515
1.18554687
1.19580078
1.18530273
1.18322753
1.19763183
1.18676757
1.19213867
1.19128417
1.18933105
1.18969726
1.18957519
1.19921875
1.19824218
1.17614746
1.18334960
1.18737792
1.18591308
1.18347167
1.18920898
1.18310546
1.19055175
1.19897460
1.17980957
1.18298339
1.18493652
1.19042968
1.19433593
1.18957519
1.17834472
1.17846679
1.17895507
1.18603515
1.18688964
1.18566894
1.19494628
1.19226074
1.18981933
1.19946289
1.19287109
1.18554687
1.19787597
1.18750000
1.18298339
1.18395996
1.18078613
1.18566894
1.18676757
1.19995117
1.18457031
1.18103027
1.18798828
1.18469238
1.19543457
1.18811035
1.18054199
1.17919921
1.19396972
1.18212890
1.19799804
1.18981933
1.18957519
1.19042968
1.18273925
1.18469238
1.18493652
1.18701171
1.19934082
1.18481445
1.19750976
1.18481445
1.18554687
1.18737792
1.18969726
1.18603515
1.19921875
1.19055175
1.19860839
1.19384765
1.18566894
1.18579101
1.18566894
1.18969726
1.19799804
1.18640136
1.18603515
1.18603515
1.18469238
1.18591308
1.18481445
1.19494628
1.18847656
1.18896484
1.18420410
1.17968750
1.18457031
1.19799804
1.18212890
1.18676757
1.19018554
1.18359375
1.18493652
1.19445800
1.18359375
1.18103027
1.19787597
1.18591308
1.18359375
1.18566894
1.18945312
1.20043945
1.19836425
1.18444824
1.18737792
1.19042968
1.18481445
1.18676757
