1.21936035
1.20422363
1.21081542
1.20202636
1.21472167
1.20727539
1.20849609
1.21240234
1.21166992
1.20471191
1.20092773
1.20739746
1.20495605
1.21704101
1.21948242
1.20898437
1.22058105
1.20532226
1.21667480
1.21704101
1.20715332
1.20825195
1.21899414
1.20861816
1.21691894
1.21179199
1.20349121
1.20727539
1.20849609
1.21704101
1.20715332
1.20629882
1.20788574
1.20849609
1.22167968
1.20349121
1.20715332
1.21093750
1.21118164
1.20776367
1.20324707
1.20776367
1.21020507
1.20922851
1.21215820
1.21948242
1.20739746
1.21813964
1.20275878
1.21105957
1.20507812
1.20666503
1.20495605
1.21679687
1.20971679
1.20751953
1.20898437
1.22021484
1.21289062
1.20739746
1.21203613
1.22033691
1.20629882
1.21728515
1.20837402
1.21166992
1.19641113
1.20532226
1.19165039
1.18933105
1.18957519
1.21020507
1.19079589
1.20056152
1.19628906
1.18359375
1.20129394
1.18737792
1.18847656
1.17993164
1.19079589
1.19909667
1.18725585
1.18481445
1.19934082
1.17785644
1.20092773
1.20117187
1.19226074
1.18945312
1.19689941
1.19812011
1.18298339
1.19982910
1.19812011
1.18920898
1.18188476
1.18591308
1.17346191
1.18469238
1.18554687
1.18090820
1.18591308
1.18359375
1.18029785
1.18103027
1.18103027
1.18908691
1.18359375
1.18908691
1.17968750
1.18957519
1.19689941
1.18054199
1.19091796
1.18908691
1.18457031
1.18090820
1.18469238
1.18383789
1.18847656
1.18566894
1.18518066
1.18444824
1.18566894
1.18676757
1.18566894
1.18518066
1.19909667
1.17578125
1.18054199
1.19921875
1.18395996
1.18615722
1.18322753
1.18090820
1.19812011
1.18994140
1.19921875
1.19177246
1.18200683
1.18469238
1.18066406
1.19836425
1.17834472
1.18872070
1.19042968
1.18481445
1.18481445
1.17968750
1.18469238
1.18969726
1.17932128
1.18957519
1.18469238
1.18200683
1.18725585
1.19934082
1.18969726
1.19934082
1.18615722
1.19958496
1.18676757
1.20251464
1.18676757
1.18615722
1.18713378
1.18591308
1.17980957
1.18591308
1.18176269
1.18090820
1.19335937
1.18310546
1.18090820
1.17504882
1.18273925
1.19348144
1.18859863
1.18615722
1.18078613
1.18090820
1.18493652
1.18408203
1.18469238
1.18920898
1.18359375
1.18554687
1.19921875
1.18957519
1.17956542
1.18640136
1.19689941
1.19934082
1.19946289
1.18676757
1.18920898
1.19677734
1.18798828
1.18310546
