1.21093750
1.20861816
1.20703125
1.20751953
1.20202636
1.22290039
1.22058105
1.21704101
1.20556640
1.21008300
1.20202636
1.21801757
1.20446777
1.21459960
1.20166015
1.22033691
1.20947265
1.20715332
1.21240234
1.21289062
1.22290039
1.20971679
1.20031738
1.20776367
1.20727539
1.21533203
1.20922851
1.22167968
1.20837402
1.22302246
1.22192382
1.21936035
1.20336914
1.20324707
1.21923828
1.21984863
1.21166992
1.21557617
1.20483398
1.22058105
1.21447753
1.20190429
1.22070312
1.22387695
1.21813964
1.21936035
1.22363281
1.20910644
1.22045898
1.20666503
1.20910644
1.23754882
1.20483398
1.20422363
1.20605468
1.21704101
1.20849609
1.22058105
1.20507812
1.21752929
1.21057128
1.21887207
1.22204589
1.21130371
1.20190429
1.21154785
1.22167968
1.20800781
1.22399902
1.21240234
1.20837402
1.21215820
1.20458984
1.18969726
1.19775390
1.19042968
1.20434570
1.20324707
1.18542480
1.18847656
1.19079589
1.20239257
1.18603515
1.20227050
1.18359375
1.18103027
1.19873046
1.18249511
1.19091796
1.18969726
1.19934082
1.18847656
1.20227050
1.18725585
1.18920898
1.20410156
1.18835449
1.18774414
1.18957519
1.17346191
1.18676757
1.18054199
1.18481445
1.18469238
1.19934082
1.18542480
1.19946289
1.19091796
1.19934082
1.19934082
1.18737792
1.18054199
1.19299316
1.18090820
1.18908691
1.18127441
1.18481445
1.17968750
1.18103027
1.18566894
1.18212890
1.19921875
1.18798828
1.18041992
1.19848632
1.19274902
1.18371582
1.18469238
1.18359375
1.18359375
1.18591308
1.18041992
1.18444824
1.18164062
1.18872070
1.18359375
1.17712402
1.19042968
1.18640136
1.17724609
1.18603515
1.18566894
1.18530273
1.18566894
1.18212890
1.19812011
1.18127441
1.18481445
1.19677734
1.18469238
1.18847656
1.18469238
1.18225097
1.18054199
1.18591308
1.19775390
1.18359375
1.19689941
1.18493652
1.18664550
1.18542480
1.18273925
1.18872070
1.19104003
1.17834472
1.18469238
1.18420410
1.19030761
1.18469238
1.18371582
1.18908691
1.18469238
1.20532226
1.19677734
1.18957519
1.18225097
1.18957519
1.17504882
1.18664550
1.18542480
1.18640136
1.18957519
1.17956542
1.18725585
1.18493652
1.18798828
1.18811035
1.19946289
1.18969726
1.18591308
1.18127441
1.19006347
1.18811035
1.18676757
1.18469238
1.18469238
1.18090820
1.18579101
1.17932128
1.18090820
