1.25732421
1.26086425
1.26086425
1.26086425
1.25964355
1.26159667
1.28515625
1.25854492
1.26123046
1.25695800
1.26196289
1.25231933
1.27661132
1.27294921
1.25976562
1.27185058
1.25610351
1.25805664
1.25854492
1.26086425
1.25732421
1.25512695
1.27209472
1.26062011
1.27062988
1.25720214
1.25805664
1.25964355
1.27050781
1.26098632
1.27124023
1.26879882
1.25976562
1.26281738
1.28405761
1.26025390
1.25756835
1.26538085
1.26086425
1.26599121
1.26049804
1.25952148
1.26525878
1.25512695
1.25988769
1.26489257
1.26037597
1.25854492
1.25952148
1.26599121
1.25720214
1.26257324
1.25817871
1.26013183
1.26831054
1.26464843
1.26171875
1.26342773
1.26232910
1.26538085
1.25744628
1.26416015
1.25964355
1.27429199
1.26904296
1.26940917
1.25964355
1.25732421
1.26831054
1.25927734
1.25878906
1.25805664
1.25720214
1.25964355
1.27087402
1.26000976
1.26098632
1.27526855
1.27062988
1.26110839
1.25964355
1.26416015
1.25964355
1.26660156
1.25976562
1.26171875
1.25451660
1.26843261
1.26538085
1.26538085
1.26904296
1.26098632
1.25854492
1.26062011
1.27429199
1.26293945
1.27490234
1.26196289
1.27490234
1.26220703
1.27416992
1.27490234
1.25964355
1.27416992
1.27160644
1.26354980
1.26220703
1.25708007
1.26391601
1.26220703
1.26818847
1.26330566
1.26159667
1.27502441
1.28039550
1.26171875
1.26245117
1.26416015
1.25927734
1.26110839
1.27661132
1.27795410
1.27282714
1.26306152
1.27929687
1.27172851
1.25842285
1.25866699
1.26318359
1.26184082
1.26538085
1.25964355
1.27062988
1.26171875
1.25622558
1.26269531
1.26818847
1.26232910
1.27355957
1.27502441
1.27172851
1.25939941
1.27526855
1.25732421
1.26269531
1.26660156
1.26770019
1.26171875
1.26293945
1.26086425
1.25976562
1.27661132
1.26293945
1.26818847
1.26171875
1.27294921
1.26525878
1.25695800
1.27307128
1.27160644
1.27136230
1.25805664
1.25842285
1.26428222
1.26306152
1.26782226
1.25769042
1.27185058
1.26416015
1.25439453
1.27429199
1.27172851
1.27404785
1.27429199
1.26013183
1.26049804
1.25964355
1.26232910
1.24963378
1.26245117
1.26220703
1.25939941
1.25695800
1.26232910
1.26708984
1.26098632
1.25207519
1.25671386
1.26013183
1.27539062
1.26086425
1.27246093
1.26916503
1.25903320
1.26245117
1.25732421
1.26452636
1.27441406
1.27099609
1.25854492
