1.26196289
1.26416015
1.26708984
1.25988769
1.26354980
1.25817871
1.25671386
1.26452636
1.26281738
1.27563476
1.26940917
1.26220703
1.26855468
1.25439453
1.25915527
1.24719238
1.26354980
1.26074218
1.27404785
1.25976562
1.27172851
1.26159667
1.25964355
1.26086425
1.26367187
1.24890136
1.25451660
1.26831054
1.27209472
1.27941894
1.25732421
1.26416015
1.25708007
1.25695800
1.26306152
1.25610351
1.27331542
1.25732421
1.25292968
1.26440429
1.26367187
1.25732421
1.24731445
1.26428222
1.27294921
1.26367187
1.27526855
1.26098632
1.26928710
1.26135253
1.26403808
1.26953125
1.27416992
1.27172851
1.25939941
1.26440429
1.26293945
1.25744628
1.27307128
1.27124023
1.26257324
1.25646972
1.27294921
1.25708007
1.26293945
1.25939941
1.25708007
1.25854492
1.26672363
1.27600097
1.25854492
1.26464843
1.26403808
1.25927734
1.27062988
1.26354980
1.25842285
1.25463867
1.26000976
1.27539062
1.25939941
1.25976562
1.27148437
1.27795410
1.27575683
1.26599121
1.26330566
1.27099609
1.25939941
1.27075195
1.25842285
1.26708984
1.26342773
1.25695800
1.26293945
1.25805664
1.26354980
1.26660156
1.27062988
1.25854492
1.25744628
1.26354980
1.25744628
1.26660156
1.25769042
1.25976562
1.25732421
1.28039550
1.27307128
1.25634765
1.27185058
1.26586914
1.26562500
1.25878906
1.26098632
1.25976562
1.26672363
1.27355957
1.26086425
1.25415039
1.26098632
1.26171875
1.27709960
1.26074218
1.26696777
1.27050781
1.26342773
1.26245117
1.27941894
1.26806640
1.26293945
1.25219726
1.26464843
1.27587890
1.26354980
1.26245117
1.26818847
1.26257324
1.25842285
1.27661132
1.26318359
1.26770019
1.27050781
1.26672363
1.26464843
1.27343750
1.26123046
1.27441406
1.26074218
1.25805664
1.26086425
1.26745605
1.26354980
1.26794433
1.27929687
1.26647949
1.26647949
1.26184082
1.26928710
1.26794433
1.27160644
1.26562500
1.26110839
1.27563476
1.26367187
1.26672363
1.25720214
1.27197265
1.26220703
1.26538085
1.25219726
1.25878906
1.26000976
1.25561523
1.26123046
1.24975585
1.25964355
1.25866699
1.28063964
1.25854492
1.27807617
1.26074218
1.26660156
1.26354980
1.27294921
1.26440429
1.25854492
1.25756835
1.26672363
1.26000976
1.26782226
1.25769042
1.27416992
1.26086425
1.27307128
1.26403808
1.27673339
1.26220703
1.26928710
1.26354980
