1.26477050
1.26245117
1.26464843
1.26599121
1.26342773
1.25842285
1.27062988
1.27319335
1.27539062
1.26171875
1.27172851
1.27172851
1.25720214
1.27185058
1.26086425
1.27075195
1.26171875
1.25585937
1.26818847
1.26818847
1.27050781
1.26647949
1.26513671
1.26171875
1.26293945
1.25976562
1.26342773
1.25964355
1.26049804
1.25964355
1.25708007
1.25842285
1.27062988
1.26208496
1.26403808
1.26330566
1.27380371
1.25891113
1.27563476
1.26525878
1.25744628
1.25305175
1.25976562
1.25634765
1.25134277
1.26171875
1.27429199
1.25842285
1.25610351
1.26098632
1.27209472
1.26477050
1.26013183
1.26110839
1.26342773
1.25866699
1.26086425
1.27380371
1.26599121
1.26354980
1.26159667
1.26501464
1.27185058
1.25341796
1.25781250
1.27111816
1.27307128
1.25854492
1.26330566
1.25610351
1.26574707
1.27062988
1.27209472
1.26818847
1.27490234
1.27392578
1.26391601
1.26379394
1.26306152
1.26208496
1.25683593
1.25695800
1.25720214
1.26550292
1.27722167
1.25561523
1.26184082
1.25964355
1.26782226
1.27307128
1.26293945
1.25671386
1.27380371
1.26525878
1.25329589
1.26416015
1.26464843
1.27294921
1.25366210
1.25817871
1.27185058
1.26708984
1.27307128
1.25488281
1.27233886
1.25976562
1.25695800
1.26354980
1.26293945
1.27416992
1.27185058
1.27185058
1.25390625
1.26391601
1.27416992
1.26538085
1.26782226
1.26696777
1.27062988
1.26416015
1.26208496
1.27673339
1.26062011
1.26306152
1.27331542
1.25537109
1.25927734
1.27380371
1.26196289
1.26293945
1.26440429
1.26318359
1.27294921
1.25854492
1.27062988
1.25988769
1.26147460
1.26062011
1.26000976
1.26416015
1.26525878
1.25756835
1.25756835
1.26013183
1.25817871
1.25891113
1.26281738
1.27172851
1.27148437
1.25683593
1.26464843
1.27307128
1.25878906
1.27246093
1.27636718
1.26989746
1.27062988
1.25854492
1.25854492
1.25952148
1.25976562
1.26098632
1.26184082
1.25769042
1.25842285
1.27294921
1.26660156
1.26806640
1.26696777
1.25756835
1.27185058
1.25854492
1.26745605
1.26940917
1.26708984
1.26708984
1.25817871
1.26708984
1.25476074
1.25622558
1.25817871
1.26086425
1.26574707
1.26501464
1.26928710
1.25988769
1.26184082
1.26611328
1.26220703
1.27734375
1.27050781
1.26232910
1.26416015
1.25976562
1.25964355
1.25720214
1.26538085
1.26025390
1.27172851
1.25830078
