1.25817871
1.25964355
1.25817871
1.27172851
1.25854492
1.25854492
1.26281738
1.27172851
1.25720214
1.27062988
1.26416015
1.23657226
1.26171875
1.27307128
1.25744628
1.26232910
1.25854492
1.25964355
1.26245117
1.25732421
1.26086425
1.25671386
1.26464843
1.26428222
1.25732421
1.27124023
1.26464843
1.25964355
1.27209472
1.26232910
1.25610351
1.25939941
1.24975585
1.26831054
1.25817871
1.25244140
1.26049804
1.25732421
1.26171875
1.26416015
1.26501464
1.27526855
1.27307128
1.25683593
1.25695800
1.26379394
1.27148437
1.26818847
1.25683593
1.25744628
1.27087402
1.25671386
1.25817871
1.25415039
1.27294921
1.27062988
1.27539062
1.27783203
1.26306152
1.25866699
1.27307128
1.25769042
1.26989746
1.25769042
1.27343750
1.27294921
1.26464843
1.26342773
1.26196289
1.26574707
1.26184082
1.27062988
1.27185058
1.25976562
1.27416992
1.27148437
1.27429199
1.26013183
1.27429199
1.27685546
1.27636718
1.27270507
1.26318359
1.27185058
1.26245117
1.27795410
1.25451660
1.26794433
1.25976562
1.25939941
1.26330566
1.25341796
1.26025390
1.27307128
1.25976562
1.27075195
1.25854492
1.27331542
1.26086425
1.25817871
1.27685546
1.25842285
1.26403808
1.25683593
1.25561523
1.26293945
1.25842285
1.26416015
1.27392578
1.27185058
1.25830078
1.26489257
1.26306152
1.26330566
1.25732421
1.25805664
1.26416015
1.25207519
1.26062011
1.25842285
1.25732421
1.26330566
1.25927734
1.25964355
1.27270507
1.25854492
1.26391601
1.25976562
1.27221679
1.26452636
1.26416015
1.25854492
1.26428222
1.26440429
1.26281738
1.25878906
1.25732421
1.26782226
1.25854492
1.25964355
1.26330566
1.25451660
1.25769042
1.26037597
1.25891113
1.21936035
1.25781250
1.26416015
1.27319335
1.27233886
1.27038574
1.25988769
1.27185058
1.26086425
1.26269531
1.26110839
1.27197265
1.25366210
1.26843261
1.25390625
1.25537109
1.25366210
1.26806640
1.26806640
1.25170898
1.26708984
1.26293945
1.27062988
1.25854492
1.25646972
1.25842285
1.25695800
1.26147460
1.27331542
1.26428222
1.26440429
1.24853515
1.27062988
1.27587890
1.27258300
1.27197265
1.26196289
1.25891113
1.25610351
1.27282714
1.26293945
1.25341796
1.25366210
1.27307128
1.27307128
1.26293945
1.26196289
1.26818847
1.25781250
1.26782226
1.26538085
1.26293945
1.25976562
1.26916503
1.26269531
