1.25708007
1.26013183
1.25964355
1.26196289
1.26940917
1.26086425
1.25805664
1.25976562
1.27416992
1.25976562
1.27722167
1.26208496
1.27343750
1.26599121
1.27294921
1.26123046
1.26562500
1.26196289
1.28125000
1.26831054
1.25842285
1.25805664
1.25134277
1.25500488
1.25915527
1.25939941
1.26000976
1.26074218
1.27331542
1.27160644
1.26062011
1.25805664
1.25439453
1.26184082
1.27355957
1.25939941
1.26953125
1.25952148
1.26953125
1.28881835
1.26440429
1.25439453
1.27307128
1.25964355
1.25866699
1.25830078
1.25439453
1.26464843
1.27404785
1.26379394
1.25964355
1.26318359
1.26098632
1.27233886
1.25891113
1.25732421
1.25964355
1.25207519
1.28417968
1.27148437
1.27539062
1.26464843
1.26098632
1.25976562
1.27258300
1.27294921
1.26940917
1.26306152
1.27185058
1.26220703
1.26330566
1.26354980
1.25756835
1.25866699
1.26538085
1.26171875
1.26428222
1.25500488
1.26257324
1.27270507
1.26257324
1.25842285
1.27185058
1.25976562
1.27160644
1.26049804
1.27526855
1.25646972
1.27172851
1.25964355
1.26733398
1.28027343
1.26281738
1.26062011
1.26416015
1.27307128
1.25695800
1.25854492
1.27294921
1.27355957
1.26379394
1.25988769
1.25695800
1.25573730
1.25976562
1.25549316
1.26074218
1.26501464
1.26464843
1.27185058
1.25646972
1.25976562
1.25341796
1.27600097
1.25854492
1.27539062
1.25976562
1.26464843
1.26110839
1.25854492
1.26342773
1.25988769
1.26330566
1.26232910
1.26489257
1.27795410
1.26586914
1.27954101
1.26330566
1.25866699
1.25952148
1.25891113
1.25854492
1.25866699
1.26147460
1.25610351
1.24804687
1.26721191
1.25866699
1.27941894
1.26464843
1.25256347
1.26660156
1.25964355
1.26049804
1.26208496
1.25866699
1.25964355
1.27404785
1.25158691
1.26232910
1.27258300
1.27197265
1.25854492
1.26452636
1.26477050
1.25415039
1.26672363
1.26464843
1.26281738
1.26220703
1.25976562
1.26354980
1.25854492
1.25793457
1.27197265
1.27368164
1.25964355
1.26025390
1.26904296
1.25805664
1.26403808
1.25781250
1.25927734
1.25854492
1.27661132
1.26452636
1.27368164
1.25988769
1.26794433
1.25976562
1.25769042
1.25976562
1.27197265
1.26293945
1.27392578
1.28051757
1.27307128
1.27294921
1.26416015
1.25805664
1.25988769
1.26391601
1.27709960
1.26928710
1.26416015
1.25695800
1.27429199
1.27294921
1.27648925
