1.26586914
1.25634765
1.25463867
1.26342773
1.27343750
1.26269531
1.26147460
1.27062988
1.26098632
1.26391601
1.26647949
1.25732421
1.25720214
1.26330566
1.25976562
1.25610351
1.25854492
1.27246093
1.27661132
1.25073242
1.27185058
1.26806640
1.27062988
1.25744628
1.26208496
1.27392578
1.27209472
1.27233886
1.25610351
1.26135253
1.26171875
1.26574707
1.27258300
1.26916503
1.25610351
1.27185058
1.27429199
1.26293945
1.27429199
1.25341796
1.25451660
1.25732421
1.27185058
1.26892089
1.26818847
1.26257324
1.27172851
1.26416015
1.26794433
1.25976562
1.27294921
1.26672363
1.25939941
1.26782226
1.25866699
1.26208496
1.25903320
1.26293945
1.25939941
1.26538085
1.27307128
1.25976562
1.26391601
1.26171875
1.26220703
1.27319335
1.27917480
1.26464843
1.26062011
1.26464843
1.26391601
1.26135253
1.26428222
1.27490234
1.26318359
1.26562500
1.27758789
1.26354980
1.27343750
1.26281738
1.25817871
1.27575683
1.27404785
1.25708007
1.27111816
1.26232910
1.26135253
1.26831054
1.26391601
1.27185058
1.27429199
1.25854492
1.26171875
1.26562500
1.27185058
1.27172851
1.26489257
1.26281738
1.25610351
1.26708984
1.26171875
1.27307128
1.25451660
1.26293945
1.27307128
1.27404785
1.27429199
1.26818847
1.26110839
1.27246093
1.25866699
1.26562500
1.25695800
1.26318359
1.26306152
1.27307128
1.27172851
1.25073242
1.26342773
1.26708984
1.27062988
1.26550292
1.26940917
1.26464843
1.27612304
1.28051757
1.26757812
1.27124023
1.25866699
1.25976562
1.26245117
1.26428222
1.25427246
1.24707031
1.25329589
1.25268554
1.25366210
1.26464843
1.25939941
1.27563476
1.26062011
1.25695800
1.27209472
1.27197265
1.27966308
1.27563476
1.27563476
1.27539062
1.27404785
1.27416992
1.27185058
1.26831054
1.26904296
1.25952148
1.25891113
1.25708007
1.26416015
1.26843261
1.25793457
1.26062011
1.26245117
1.25976562
1.26293945
1.26379394
1.27465820
1.27416992
1.27172851
1.27331542
1.26318359
1.27294921
1.26452636
1.27209472
1.25964355
1.27905273
1.25744628
1.27319335
1.26806640
1.27416992
1.27062988
1.27392578
1.27380371
1.25683593
1.27209472
1.25305175
1.26245117
1.25329589
1.26306152
1.26562500
1.26416015
1.25329589
1.25708007
1.25561523
1.26123046
1.27807617
1.26416015
1.25805664
1.26684570
1.27185058
1.25854492
1.27685546
