1.25671386
1.25732421
1.25585937
1.25683593
1.27050781
1.27014160
1.26940917
1.26562500
1.26782226
1.27185058
1.25683593
1.26293945
1.25817871
1.25329589
1.26416015
1.25805664
1.26440429
1.27563476
1.26354980
1.27160644
1.27770996
1.27294921
1.27758789
1.27624511
1.27172851
1.27282714
1.26684570
1.26171875
1.26257324
1.26232910
1.25708007
1.27880859
1.26965332
1.27294921
1.26306152
1.27062988
1.25964355
1.25939941
1.26330566
1.25659179
1.27062988
1.27490234
1.28259277
1.26184082
1.25842285
1.27429199
1.25793457
1.26379394
1.25866699
1.25854492
1.26171875
1.25964355
1.25939941
1.26123046
1.26696777
1.26232910
1.26232910
1.26354980
1.25573730
1.26550292
1.26928710
1.25683593
1.26220703
1.25317382
1.24377441
1.26391601
1.26818847
1.25366210
1.26062011
1.25988769
1.26940917
1.25952148
1.26794433
1.27282714
1.25927734
1.25708007
1.27905273
1.26757812
1.25878906
1.26293945
1.27539062
1.27111816
1.28051757
1.27148437
1.25878906
1.27062988
1.27453613
1.26452636
1.26660156
1.26403808
1.26379394
1.26782226
1.26171875
1.26281738
1.27001953
1.25878906
1.26306152
1.26293945
1.25988769
1.27294921
1.27148437
1.26293945
1.25866699
1.25927734
1.26416015
1.26940917
1.25817871
1.26245117
1.25854492
1.27185058
1.26428222
1.27270507
1.26367187
1.25891113
1.27709960
1.26391601
1.27600097
1.25695800
1.26281738
1.25219726
1.26550292
1.25866699
1.26293945
1.27172851
1.26428222
1.27185058
1.27148437
1.26867675
1.26062011
1.25854492
1.26428222
1.26171875
1.26049804
1.27539062
1.26953125
1.27185058
1.27416992
1.26452636
1.26940917
1.27685546
1.25769042
1.27185058
1.26086425
1.25732421
1.27319335
1.25817871
1.26416015
1.25732421
1.27307128
1.25744628
1.27282714
1.26013183
1.26538085
1.26428222
1.27294921
1.25891113
1.27050781
1.25732421
1.27343750
1.25708007
1.27185058
1.27661132
1.27893066
1.27709960
1.26306152
1.26428222
1.25939941
1.26794433
1.26855468
1.27246093
1.26342773
1.26171875
1.26293945
1.25817871
1.25976562
1.25817871
1.25744628
1.27233886
1.27416992
1.27282714
1.27307128
1.26342773
1.27380371
1.25964355
1.27185058
1.25842285
1.26647949
1.26660156
1.27368164
1.26428222
1.27990722
1.27502441
1.26696777
1.27465820
1.27429199
1.25720214
1.27416992
1.27392578
1.26110839
1.26306152
