1.25988769
1.25976562
1.25964355
1.26440429
1.25939941
1.26123046
1.25671386
1.26513671
1.26574707
1.26428222
1.25329589
1.26232910
1.25976562
1.25964355
1.25769042
1.25732421
1.26330566
1.27307128
1.26086425
1.27966308
1.25744628
1.26184082
1.26013183
1.26953125
1.26696777
1.29138183
1.25073242
1.25939941
1.25341796
1.26721191
1.25524902
1.25488281
1.26574707
1.26281738
1.26184082
1.26464843
1.26464843
1.25341796
1.27209472
1.25976562
1.27746582
1.25634765
1.25622558
1.25708007
1.27062988
1.25720214
1.25976562
1.27111816
1.27429199
1.27307128
1.25366210
1.26660156
1.27819824
1.27062988
1.26806640
1.27185058
1.26293945
1.26037597
1.27368164
1.25854492
1.26452636
1.26574707
1.25488281
1.26928710
1.25854492
1.25744628
1.26049804
1.27429199
1.27294921
1.27185058
1.27197265
1.27490234
1.27172851
1.25207519
1.27136230
1.27160644
1.25634765
1.26171875
1.26171875
1.25793457
1.26098632
1.25817871
1.25915527
1.25561523
1.25756835
1.26171875
1.26232910
1.27429199
1.26550292
1.27185058
1.25854492
1.26940917
1.27172851
1.26232910
1.27416992
1.26245117
1.27307128
1.26293945
1.25939941
1.26330566
1.26135253
1.26306152
1.27246093
1.27453613
1.27038574
1.25878906
1.27355957
1.26342773
1.27307128
1.25842285
1.27209472
1.25744628
1.27172851
1.27478027
1.27185058
1.27465820
1.27136230
1.26184082
1.26562500
1.26281738
1.26232910
1.27307128
1.26379394
1.27551269
1.27160644
1.27307128
1.26538085
1.28051757
1.26696777
1.27307128
1.25329589
1.27185058
1.26440429
1.27294921
1.27258300
1.27319335
1.27551269
1.25329589
1.26281738
1.26245117
1.27502441
1.25732421
1.25878906
1.25268554
1.25378417
1.25292968
1.26708984
1.26818847
1.26635742
1.26672363
1.25988769
1.25744628
1.25976562
1.25976562
1.25305175
1.26416015
1.25451660
1.25866699
1.25927734
1.25878906
1.26464843
1.26538085
1.25903320
1.26477050
1.27185058
1.26599121
1.27307128
1.25439453
1.25976562
1.27062988
1.24853515
1.26208496
1.26306152
1.25915527
1.27062988
1.27453613
1.25610351
1.26281738
1.27441406
1.27416992
1.26940917
1.27307128
1.26806640
1.25854492
1.26208496
1.25598144
1.27221679
1.26318359
1.26599121
1.27124023
1.26574707
1.25695800
1.27404785
1.27185058
1.25817871
1.26293945
1.25988769
1.27429199
1.25732421
1.27270507
