1.26684570
1.26171875
1.25781250
1.26989746
1.26965332
1.27697753
1.27636718
1.26293945
1.27185058
1.27258300
1.25207519
1.27441406
1.26684570
1.27917480
1.26062011
1.27185058
1.25964355
1.26013183
1.26538085
1.27294921
1.27050781
1.26184082
1.26171875
1.27307128
1.25708007
1.26440429
1.26086425
1.25329589
1.26464843
1.27026367
1.26367187
1.25964355
1.27416992
1.25891113
1.26818847
1.25964355
1.27075195
1.27172851
1.27368164
1.27319335
1.26049804
1.27478027
1.26452636
1.25732421
1.27160644
1.27270507
1.27185058
1.27099609
1.26635742
1.26635742
1.27514648
1.25854492
1.27172851
1.26208496
1.25915527
1.26440429
1.26208496
1.27172851
1.27441406
1.25964355
1.27185058
1.25720214
1.27307128
1.27429199
1.25854492
1.27270507
1.25695800
1.25939941
1.26416015
1.26757812
1.27172851
1.25695800
1.26525878
1.27807617
1.27233886
1.25830078
1.25817871
1.25329589
1.26367187
1.26403808
1.27563476
1.27404785
1.26708984
1.26074218
1.27441406
1.27270507
1.27429199
1.25805664
1.26782226
1.25671386
1.25952148
1.25964355
1.27917480
1.25683593
1.26660156
1.26416015
1.27124023
1.26062011
1.25561523
1.26049804
1.27319335
1.27294921
1.25952148
1.26928710
1.26232910
1.26464843
1.27246093
1.26940917
1.26171875
1.27368164
1.25366210
1.26892089
1.25427246
1.26232910
1.26794433
1.27404785
1.27294921
1.27783203
1.26184082
1.27307128
1.27209472
1.26672363
1.27575683
1.27416992
1.26416015
1.25744628
1.25964355
1.25854492
1.26123046
1.26208496
1.27172851
1.26220703
1.26721191
1.26025390
1.26013183
1.25744628
1.25939941
1.25830078
1.25988769
1.25854492
1.26000976
1.25854492
1.25854492
1.25964355
1.26098632
1.25952148
1.26416015
1.25891113
1.27270507
1.25891113
1.26538085
1.25451660
1.25610351
1.27111816
1.26171875
1.26196289
1.25756835
1.27197265
1.26293945
1.27661132
1.26354980
1.27270507
1.27038574
1.25854492
1.26330566
1.25573730
1.27429199
1.25976562
1.26330566
1.25854492
1.26098632
1.26098632
1.27575683
1.26025390
1.26293945
1.26000976
1.26306152
1.27307128
1.25817871
1.27172851
1.25354003
1.27258300
1.26184082
1.26757812
1.25817871
1.26416015
1.26281738
1.26989746
1.25891113
1.26293945
1.25817871
1.26171875
1.27185058
1.27844238
1.27404785
1.27172851
1.27661132
1.25866699
1.27416992
1.25329589
