1.25988769
1.25915527
1.26794433
1.27331542
1.26220703
1.26013183
1.25744628
1.25854492
1.26611328
1.25939941
1.27172851
1.27270507
1.26940917
1.25842285
1.26623535
1.25744628
1.25964355
1.27233886
1.25854492
1.27282714
1.26184082
1.27307128
1.26782226
1.26171875
1.25329589
1.25781250
1.25463867
1.26440429
1.25769042
1.27453613
1.26293945
1.27294921
1.25854492
1.25219726
1.25854492
1.26306152
1.26049804
1.25378417
1.26599121
1.26171875
1.26196289
1.25830078
1.27087402
1.26062011
1.26062011
1.26269531
1.26208496
1.25732421
1.25683593
1.26440429
1.25732421
1.26318359
1.26806640
1.26660156
1.25805664
1.25854492
1.25842285
1.26660156
1.25207519
1.25573730
1.27062988
1.25329589
1.27172851
1.26257324
1.27429199
1.27416992
1.27209472
1.26428222
1.25646972
1.27197265
1.27416992
1.26867675
1.27075195
1.25866699
1.27209472
1.27795410
1.25781250
1.26660156
1.26525878
1.25207519
1.26220703
1.25341796
1.26403808
1.27416992
1.25927734
1.27355957
1.26489257
1.26391601
1.26330566
1.26281738
1.27185058
1.27539062
1.27124023
1.26574707
1.27001953
1.25695800
1.26171875
1.25732421
1.25524902
1.27416992
1.27185058
1.26269531
1.27294921
1.26293945
1.27282714
1.26013183
1.27392578
1.27429199
1.27124023
1.27307128
1.25317382
1.25878906
1.27429199
1.27185058
1.26806640
1.27331542
1.27404785
1.26428222
1.27307128
1.25854492
1.26806640
1.26721191
1.26989746
1.27282714
1.26782226
1.27233886
1.25854492
1.26538085
1.27026367
1.26293945
1.26306152
1.26525878
1.25854492
1.25976562
1.27148437
1.25476074
1.26245117
1.26440429
1.25842285
1.27124023
1.25732421
1.26660156
1.26062011
1.27050781
1.25573730
1.26660156
1.27416992
1.27416992
1.26391601
1.27270507
1.26477050
1.26513671
1.27221679
1.25817871
1.25854492
1.27331542
1.25744628
1.27026367
1.26074218
1.26049804
1.25732421
1.26940917
1.25817871
1.25805664
1.27172851
1.27172851
1.27563476
1.27185058
1.25085449
1.25439453
1.27319335
1.27722167
1.27331542
1.26098632
1.25976562
1.27380371
1.27050781
1.26525878
1.27392578
1.26074218
1.26086425
1.27172851
1.26208496
1.26611328
1.24963378
1.26684570
1.25878906
1.26867675
1.25366210
1.25817871
1.26965332
1.25988769
1.25939941
1.25732421
1.25439453
1.27563476
1.26379394
1.25732421
1.27209472
1.26171875
