1.22167968
1.22302246
1.22058105
1.22180175
1.21362304
1.21899414
1.22082519
1.20727539
1.22021484
1.22070312
1.22058105
1.21130371
1.20678710
1.20959472
1.20666503
1.21130371
1.20471191
1.22082519
1.20666503
1.22058105
1.21936035
1.22106933
1.22216796
1.20959472
1.21777343
1.21166992
1.20556640
1.21862792
1.21154785
1.21923828
1.21166992
1.22058105
1.22058105
1.22009277
1.20959472
1.21166992
1.22143554
1.22094726
1.22180175
1.20690917
1.21203613
1.20605468
1.21093750
1.21203613
1.22058105
1.21704101
1.22192382
1.20812988
1.21166992
1.20825195
1.20678710
1.19836425
1.20837402
1.22082519
1.22167968
1.22045898
1.22180175
1.21154785
1.22180175
1.22155761
1.20812988
1.20947265
1.20727539
1.20703125
1.20935058
1.21459960
1.22155761
1.21142578
1.21069335
1.21166992
1.21191406
1.21936035
1.21362304
1.21020507
1.20764160
1.19726562
1.21240234
1.20898437
1.21582031
1.21154785
1.21044921
1.21936035
1.20727539
1.21691894
1.20678710
1.21179199
1.21179199
1.20178222
1.18994140
1.20300292
1.20166015
1.19165039
1.17614746
1.18847656
1.20178222
1.18847656
1.20300292
1.18847656
1.20166015
1.18200683
1.20214843
1.20129394
1.20324707
1.19079589
1.17956542
1.20068359
1.19213867
1.20166015
1.17956542
1.20178222
1.18945312
1.20178222
1.18811035
1.18737792
1.18798828
1.18725585
1.20288085
1.20361328
1.18798828
1.18969726
1.18811035
1.18786621
1.17822265
1.20092773
1.19812011
1.18701171
1.18969726
1.20288085
1.20227050
1.20263671
1.20178222
1.20056152
1.18933105
1.19604492
1.19665527
1.20190429
1.20068359
1.18896484
1.18945312
1.18835449
1.18847656
1.18554687
1.20166015
1.20239257
1.19067382
1.19812011
1.18017578
1.20056152
1.18823242
1.18920898
1.18957519
1.18847656
1.18969726
1.18798828
1.17846679
1.19116210
1.19042968
1.18627929
1.18676757
1.20104980
1.18444824
1.18957519
1.20288085
1.18847656
1.20153808
1.18762207
1.20056152
1.18847656
1.19812011
1.19030761
1.18811035
1.18994140
1.19702148
1.18920898
1.18847656
1.20141601
1.18847656
1.20397949
1.19653320
1.20056152
1.18432617
1.18798828
1.18847656
1.17602539
1.18957519
1.18737792
1.18383789
1.18859863
1.19934082
1.18762207
1.19030761
1.18920898
1.18188476
1.20288085
1.18933105
1.18566894
1.19042968
1.18811035
1.20300292
1.19287109
