1.21337890
1.21081542
1.21704101
1.20727539
1.21093750
1.20581054
1.20959472
1.22570800
1.22180175
1.22302246
1.21093750
1.21582031
1.21655273
1.22167968
1.22119140
1.21643066
1.22180175
1.21081542
1.22094726
1.22131347
1.21142578
1.22058105
1.21801757
1.21350097
1.21936035
1.20971679
1.20849609
1.21069335
1.21044921
1.20520019
1.21276855
1.21655273
1.21264648
1.21289062
1.21704101
1.21093750
1.20837402
1.22302246
1.21057128
1.19848632
1.20935058
1.21105957
1.20959472
1.20996093
1.20849609
1.22167968
1.20812988
1.20971679
1.22106933
1.20959472
1.21728515
1.21252441
1.21228027
1.22216796
1.20886230
1.20703125
1.21289062
1.21081542
1.22021484
1.20935058
1.20971679
1.21447753
1.21301269
1.20654296
1.21142578
1.21252441
1.20605468
1.20971679
1.20971679
1.22180175
1.21142578
1.20886230
1.19006347
1.19091796
1.18835449
1.18896484
1.19335937
1.18725585
1.18920898
1.19091796
1.19250488
1.19213867
1.19250488
1.19348144
1.18847656
1.20190429
1.18920898
1.19323730
1.18835449
1.19299316
1.19335937
1.18603515
1.19335937
1.18920898
1.18920898
1.18811035
1.19201660
1.19006347
1.18957519
1.20373535
1.19580078
1.19335937
1.19226074
1.20263671
1.19177246
1.19213867
1.18884277
1.19519042
1.19213867
1.20410156
1.19079589
1.19458007
1.19226074
1.19006347
1.18774414
1.20288085
1.19897460
1.18957519
1.18872070
1.20178222
1.19030761
1.19812011
1.20300292
1.19213867
1.19201660
1.19213867
1.19091796
1.18920898
1.19079589
1.18847656
1.19213867
1.18920898
1.19299316
1.19689941
1.19006347
1.18957519
1.18920898
1.19812011
1.19812011
1.19238281
1.19201660
1.19348144
1.19262695
1.19458007
1.20422363
1.19335937
1.17895507
1.18896484
1.19091796
1.18896484
1.19140625
1.20300292
1.18896484
1.20288085
1.19091796
1.19213867
1.18847656
1.19226074
1.19335937
1.19335937
1.20300292
1.18762207
1.18920898
1.19335937
1.18676757
1.19079589
1.19335937
1.18920898
1.19213867
1.19335937
1.20300292
1.18920898
1.19299316
1.20288085
1.18920898
1.20288085
1.18737792
1.19177246
1.19213867
1.19177246
1.19335937
1.19531250
1.19177246
1.19226074
1.19189453
1.19018554
1.19213867
1.21130371
1.19213867
1.18847656
1.19055175
1.19726562
1.18933105
1.19055175
1.18005371
1.19262695
1.19335937
1.18847656
1.18933105
1.19201660
