1.20617675
1.21203613
1.22094726
1.20642089
1.22058105
1.20849609
1.21447753
1.22167968
1.22070312
1.20666503
1.22094726
1.22180175
1.20605468
1.20935058
1.22167968
1.21936035
1.21057128
1.21337890
1.22058105
1.20324707
1.22058105
1.20703125
1.22338867
1.21166992
1.21093750
1.22180175
1.21936035
1.20922851
1.21215820
1.21276855
1.20727539
1.21166992
1.20800781
1.21154785
1.21411132
1.21447753
1.22180175
1.21667480
1.21044921
1.20727539
1.21862792
1.21252441
1.21984863
1.20727539
1.21960449
1.20349121
1.21166992
1.22216796
1.22045898
1.21044921
1.20202636
1.21264648
1.21923828
1.22180175
1.21936035
1.21166992
1.21289062
1.22155761
1.21081542
1.21289062
1.21289062
1.20800781
1.21166992
1.22045898
1.21301269
1.21948242
1.22009277
1.20935058
1.21289062
1.20678710
1.21166992
1.20886230
1.22058105
1.22302246
1.20812988
1.21154785
1.21093750
1.21240234
1.20495605
1.21301269
1.21166992
1.21801757
1.21447753
1.20715332
1.21142578
1.20642089
1.22143554
1.22326660
1.20068359
1.18310546
1.18835449
1.20080566
1.18872070
1.20214843
1.18762207
1.20300292
1.18981933
1.18469238
1.18432617
1.19970703
1.20068359
1.18798828
1.19604492
1.18798828
1.18847656
1.18676757
1.18603515
1.19189453
1.18774414
1.19140625
1.18933105
1.18811035
1.18920898
1.18847656
1.18676757
1.20288085
1.18920898
1.18798828
1.18261718
1.20214843
1.18591308
1.20202636
1.20263671
1.20263671
1.19079589
1.18603515
1.20178222
1.18725585
1.18896484
1.18725585
1.19702148
1.20092773
1.19921875
1.18896484
1.20532226
1.19226074
1.18847656
1.18798828
1.18750000
1.18811035
1.20019531
1.18798828
1.18176269
1.17968750
1.18957519
1.20288085
1.18725585
1.20056152
1.18969726
1.18298339
1.20336914
1.18798828
1.18920898
1.18713378
1.20275878
1.18811035
1.20397949
1.18371582
1.18493652
1.20202636
1.20288085
1.18933105
1.18920898
1.18603515
1.19030761
1.18847656
1.18762207
1.19335937
1.20275878
1.20275878
1.18835449
1.18908691
1.20227050
1.20214843
1.18725585
1.18920898
1.18762207
1.18835449
1.18811035
1.20410156
1.18920898
1.19140625
1.18957519
1.18798828
1.18310546
1.18933105
1.18798828
1.18835449
1.18188476
1.20019531
1.18798828
1.20422363
1.18676757
1.20239257
1.19677734
1.18066406
1.20166015
1.20104980
1.18554687
1.19787597
