1.21166992
1.20727539
1.22033691
1.20849609
1.21984863
1.22216796
1.20959472
1.20727539
1.21203613
1.20678710
1.21105957
1.20922851
1.21166992
1.21215820
1.21215820
1.21215820
1.20690917
1.21264648
1.20971679
1.20739746
1.20751953
1.20654296
1.21289062
1.20727539
1.20739746
1.21252441
1.21691894
1.20654296
1.20935058
1.22204589
1.21020507
1.21228027
1.21215820
1.21093750
1.21215820
1.20886230
1.21081542
1.21350097
1.21289062
1.22180175
1.22155761
1.22045898
1.22009277
1.21887207
1.22045898
1.21936035
1.21655273
1.22021484
1.22033691
1.21936035
1.22070312
1.20849609
1.21057128
1.22119140
1.20678710
1.20727539
1.22021484
1.22058105
1.21850585
1.22167968
1.21691894
1.21936035
1.21704101
1.21813964
1.22302246
1.22094726
1.21301269
1.22302246
1.21801757
1.22155761
1.21667480
1.21813964
1.22180175
1.21984863
1.21997070
1.21362304
1.21301269
1.21923828
1.21984863
1.21166992
1.20776367
1.20666503
1.20520019
1.22167968
1.18969726
1.20312500
1.20300292
1.19702148
1.18957519
1.18627929
1.20178222
1.20397949
1.20434570
1.18762207
1.20300292
1.19213867
1.18981933
1.20288085
1.18847656
1.18920898
1.19689941
1.20178222
1.19567871
1.20141601
1.17639160
1.20129394
1.18823242
1.18884277
1.18957519
1.18957519
1.18725585
1.18835449
1.18957519
1.18676757
1.18859863
1.20397949
1.18933105
1.19079589
1.19335937
1.20166015
1.18969726
1.19116210
1.19335937
1.18847656
1.18811035
1.18811035
1.20056152
1.18957519
1.20239257
1.18713378
1.19287109
1.19201660
1.18908691
1.20190429
1.20153808
1.20263671
1.20422363
1.18200683
1.18933105
1.18847656
1.20166015
1.20422363
1.18981933
1.19213867
1.18859863
1.18798828
1.20166015
1.19445800
1.18835449
1.18920898
1.20056152
1.17944335
1.18847656
1.18798828
1.19189453
1.20166015
1.20410156
1.20300292
1.19006347
1.19213867
1.18688964
1.18200683
1.18566894
1.20312500
1.19079589
1.20336914
1.18896484
1.19812011
1.18310546
1.18798828
1.18811035
1.18847656
1.18554687
1.18908691
1.18920898
1.19335937
1.18139648
1.20129394
1.18945312
1.20166015
1.20300292
1.19689941
1.18859863
1.18798828
1.17932128
1.18945312
1.18676757
1.18713378
1.20080566
1.20166015
1.18188476
1.18847656
1.20056152
1.18811035
1.20532226
1.18798828
1.19091796
1.20166015
1.17956542
1.18811035
