1.21496582
1.20654296
1.22106933
1.21936035
1.20751953
1.21166992
1.21545410
1.21093750
1.22094726
1.22058105
1.22180175
1.22167968
1.21105957
1.22058105
1.21166992
1.20715332
1.20324707
1.20397949
1.21069335
1.20214843
1.21948242
1.22058105
1.21606445
1.22058105
1.21032714
1.22167968
1.22058105
1.20520019
1.19470214
1.21936035
1.22192382
1.19873046
1.20922851
1.21289062
1.22155761
1.21301269
1.20727539
1.22167968
1.21533203
1.20764160
1.22192382
1.20727539
1.22045898
1.21691894
1.19958496
1.22094726
1.21704101
1.20568847
1.21032714
1.20727539
1.21032714
1.20703125
1.21752929
1.20971679
1.20581054
1.21423339
1.22058105
1.21105957
1.20312500
1.21166992
1.22070312
1.22058105
1.21594238
1.20739746
1.22094726
1.20605468
1.20983886
1.21203613
1.21240234
1.21215820
1.21057128
1.22009277
1.21301269
1.21691894
1.21093750
1.21118164
1.22143554
1.20727539
1.20629882
1.23828125
1.21166992
1.20812988
1.21606445
1.20483398
1.18872070
1.20410156
1.18847656
1.20178222
1.18835449
1.20166015
1.19824218
1.20288085
1.20300292
1.20214843
1.18798828
1.18762207
1.18884277
1.18664550
1.19067382
1.18933105
1.18762207
1.18969726
1.18725585
1.19140625
1.19750976
1.20263671
1.19177246
1.18725585
1.18957519
1.18945312
1.18896484
1.19299316
1.19006347
1.17956542
1.18896484
1.18969726
1.18920898
1.18957519
1.18798828
1.19067382
1.18920898
1.20410156
1.18933105
1.18920898
1.20214843
1.18676757
1.20300292
1.18566894
1.20056152
1.19042968
1.20104980
1.18969726
1.18811035
1.18798828
1.18664550
1.20532226
1.18322753
1.19323730
1.20422363
1.20202636
1.20385742
1.18957519
1.18957519
1.19689941
1.19042968
1.18762207
1.18920898
1.20263671
1.20178222
1.20117187
1.18786621
1.18981933
1.20410156
1.18664550
1.20336914
1.19567871
1.20202636
1.19689941
1.19201660
1.18847656
1.18933105
1.20019531
1.18530273
1.18395996
1.18896484
1.20166015
1.18957519
1.18945312
1.18701171
1.18920898
1.20178222
1.18310546
1.20104980
1.18188476
1.20104980
1.18920898
1.20275878
1.19213867
1.20227050
1.19934082
1.20031738
1.18725585
1.20227050
1.18591308
1.20166015
1.18969726
1.20178222
1.18762207
1.20227050
1.19689941
1.18188476
1.20166015
1.18957519
1.20275878
1.18957519
1.20214843
1.18798828
1.20239257
1.20336914
1.18811035
