1.21276855
1.21936035
1.21411132
1.21276855
1.21142578
1.21240234
1.20959472
1.20715332
1.21997070
1.22106933
1.20446777
1.21691894
1.20886230
1.20690917
1.22045898
1.22119140
1.21081542
1.21166992
1.20849609
1.20324707
1.20849609
1.21936035
1.21020507
1.21166992
1.20764160
1.21923828
1.20727539
1.20727539
1.20935058
1.20605468
1.21166992
1.22290039
1.21166992
1.21765136
1.20581054
1.20922851
1.21972656
1.20629882
1.20898437
1.22167968
1.20605468
1.20324707
1.20715332
1.21447753
1.20825195
1.21179199
1.20410156
1.20605468
1.21325683
1.21679687
1.21057128
1.21691894
1.20483398
1.22351074
1.21166992
1.21240234
1.21057128
1.20544433
1.20922851
1.21166992
1.21936035
1.22058105
1.20617675
1.20727539
1.20605468
1.21044921
1.21057128
1.20446777
1.20812988
1.21166992
1.22106933
1.20922851
1.20922851
1.21166992
1.21569824
1.21130371
1.22058105
1.21960449
1.21997070
1.19738769
1.20605468
1.20800781
1.20605468
1.20678710
1.21166992
1.21276855
1.22058105
1.20446777
1.21289062
1.22106933
1.19042968
1.19934082
1.20739746
1.20288085
1.19042968
1.20202636
1.19226074
1.18737792
1.20043945
1.20410156
1.18957519
1.18835449
1.18920898
1.20178222
1.18994140
1.20336914
1.18310546
1.18798828
1.19812011
1.19152832
1.18811035
1.18164062
1.18920898
1.18811035
1.19616699
1.20288085
1.18811035
1.18920898
1.18957519
1.20288085
1.18725585
1.19360351
1.18847656
1.18786621
1.19042968
1.19824218
1.18908691
1.19299316
1.18811035
1.18981933
1.19348144
1.18798828
1.18640136
1.18688964
1.18725585
1.18530273
1.18872070
1.18811035
1.19091796
1.18164062
1.18566894
1.20056152
1.20422363
1.18896484
1.18811035
1.18920898
1.18920898
1.18676757
1.20300292
1.18701171
1.20153808
1.18457031
1.18896484
1.18835449
1.18872070
1.18530273
1.20300292
1.18957519
1.17883300
1.18798828
1.17956542
1.18957519
1.18798828
1.20202636
1.17883300
1.18566894
1.18676757
1.18957519
1.18823242
1.20166015
1.18811035
1.18188476
1.18420410
1.20202636
1.18798828
1.18908691
1.18371582
1.18554687
1.18981933
1.18554687
1.18847656
1.20043945
1.18835449
1.20056152
1.19201660
1.18273925
1.18322753
1.20019531
1.18237304
1.19812011
1.18688964
1.20300292
1.18164062
1.18713378
1.18676757
1.20178222
1.20178222
1.20446777
1.18798828
1.18737792
