1.21240234
1.22167968
1.22106933
1.22302246
1.22167968
1.20715332
1.21044921
1.21130371
1.22302246
1.21301269
1.21960449
1.21777343
1.21813964
1.21520996
1.21826171
1.21911621
1.21813964
1.21716308
1.21923828
1.22302246
1.22180175
1.21166992
1.22058105
1.20727539
1.20874023
1.22167968
1.20971679
1.20605468
1.21691894
1.20568847
1.22302246
1.20715332
1.22180175
1.20727539
1.21936035
1.22167968
1.20483398
1.22045898
1.21936035
1.22058105
1.20324707
1.20446777
1.22058105
1.21301269
1.22058105
1.21166992
1.22094726
1.21203613
1.22546386
1.21179199
1.21948242
1.21923828
1.21850585
1.21936035
1.20861816
1.21166992
1.20812988
1.20568847
1.22216796
1.20812988
1.22058105
1.20935058
1.22058105
1.21350097
1.21533203
1.22167968
1.20642089
1.21057128
1.21240234
1.22058105
1.20715332
1.22131347
1.20690917
1.21301269
1.20617675
1.20898437
1.21130371
1.21984863
1.22167968
1.21081542
1.21166992
1.20715332
1.22045898
1.19750976
1.21936035
1.22119140
1.20666503
1.21936035
1.20178222
1.20104980
1.20275878
1.20056152
1.18981933
1.20166015
1.19677734
1.20056152
1.19079589
1.18334960
1.19348144
1.19494628
1.18701171
1.18884277
1.20202636
1.20495605
1.19812011
1.19909667
1.19812011
1.18615722
1.20336914
1.20178222
1.20166015
1.18078613
1.20361328
1.19738769
1.20336914
1.20227050
1.18566894
1.18847656
1.18920898
1.18188476
1.20190429
1.20178222
1.20153808
1.18969726
1.19494628
1.18811035
1.18835449
1.18798828
1.18920898
1.20214843
1.20141601
1.19702148
1.20166015
1.18920898
1.20166015
1.20178222
1.20166015
1.18872070
1.20166015
1.18969726
1.20178222
1.20019531
1.20117187
1.20410156
1.18273925
1.18762207
1.18957519
1.19042968
1.19042968
1.18920898
1.19213867
1.18920898
1.20190429
1.18969726
1.18920898
1.18823242
1.18310546
1.19323730
1.18676757
1.19079589
1.18212890
1.19946289
1.18933105
1.19628906
1.20410156
1.19189453
1.18994140
1.20068359
1.18969726
1.20190429
1.18981933
1.20300292
1.18957519
1.18920898
1.18603515
1.18322753
1.20361328
1.18676757
1.18725585
1.18041992
1.20214843
1.19702148
1.18835449
1.19201660
1.18969726
1.18920898
1.18798828
1.20227050
1.18261718
1.19396972
1.19799804
1.19494628
1.20520019
1.18688964
1.19934082
1.20251464
1.20166015
1.19018554
1.18566894
1.18811035
