1.21643066
1.20727539
1.20385742
1.20471191
1.20727539
1.21997070
1.20849609
1.20690917
1.20971679
1.20800781
1.22143554
1.21923828
1.20727539
1.22180175
1.21142578
1.20715332
1.21289062
1.20605468
1.20983886
1.20715332
1.20935058
1.21203613
1.21118164
1.22058105
1.21044921
1.20458984
1.20556640
1.21044921
1.21936035
1.20739746
1.22082519
1.21350097
1.20703125
1.21130371
1.20617675
1.20788574
1.22058105
1.20483398
1.20654296
1.22277832
1.21960449
1.20202636
1.20605468
1.22033691
1.20361328
1.21337890
1.21289062
1.22167968
1.20324707
1.21801757
1.21325683
1.21179199
1.21166992
1.22192382
1.21667480
1.22070312
1.21166992
1.20666503
1.21044921
1.21191406
1.21301269
1.21936035
1.21936035
1.21289062
1.22167968
1.20727539
1.22180175
1.21984863
1.20678710
1.20935058
1.20190429
1.21936035
1.19958496
1.21899414
1.20996093
1.22143554
1.22167968
1.21691894
1.22167968
1.21289062
1.21154785
1.21093750
1.22180175
1.22180175
1.21166992
1.22058105
1.21691894
1.21008300
1.21289062
1.22302246
1.22180175
1.18322753
1.19165039
1.19702148
1.18310546
1.19323730
1.18920898
1.20080566
1.17578125
1.18591308
1.20288085
1.18969726
1.20141601
1.19116210
1.20410156
1.18713378
1.18957519
1.20056152
1.20080566
1.18798828
1.19201660
1.20166015
1.18847656
1.19042968
1.19079589
1.20300292
1.18847656
1.18798828
1.18884277
1.20288085
1.19006347
1.20239257
1.18750000
1.19812011
1.18847656
1.19213867
1.18774414
1.18798828
1.18725585
1.20141601
1.20349121
1.19946289
1.19934082
1.20178222
1.20336914
1.20166015
1.17236328
1.20031738
1.18554687
1.18859863
1.18676757
1.18957519
1.20166015
1.18737792
1.18933105
1.20288085
1.20166015
1.19018554
1.20178222
1.18798828
1.20300292
1.20324707
1.20288085
1.20288085
1.18762207
1.19079589
1.20166015
1.18786621
1.20410156
1.20300292
1.18884277
1.20056152
1.18969726
1.18908691
1.20239257
1.19042968
1.18676757
1.19299316
1.18981933
1.18713378
1.18969726
1.20275878
1.19519042
1.20178222
1.20263671
1.19042968
1.18725585
1.20190429
1.18957519
1.20117187
1.18713378
1.20166015
1.19689941
1.18835449
1.18920898
1.18762207
1.20288085
1.20422363
1.20422363
1.18786621
1.18847656
1.20288085
1.20300292
1.19409179
1.18933105
1.18847656
1.18798828
1.18859863
1.18798828
1.18896484
