1.21105957
1.20886230
1.21948242
1.20959472
1.20678710
1.20971679
1.22619628
1.20739746
1.22045898
1.20727539
1.22082519
1.21862792
1.21020507
1.22033691
1.21093750
1.21313476
1.20971679
1.21691894
1.21850585
1.22058105
1.21166992
1.21166992
1.20983886
1.22167968
1.20800781
1.21166992
1.21240234
1.22058105
1.22070312
1.21228027
1.22326660
1.22290039
1.21069335
1.20507812
1.20324707
1.22058105
1.22192382
1.21960449
1.22106933
1.21936035
1.22167968
1.21081542
1.20983886
1.20703125
1.21105957
1.21679687
1.21130371
1.22070312
1.22058105
1.22021484
1.21936035
1.20446777
1.20849609
1.21166992
1.22082519
1.20935058
1.22277832
1.21936035
1.20751953
1.21997070
1.22192382
1.22070312
1.21191406
1.21936035
1.22045898
1.20324707
1.20678710
1.21228027
1.21972656
1.20495605
1.21166992
1.22180175
1.21936035
1.20727539
1.21289062
1.21057128
1.21166992
1.21289062
1.22094726
1.22058105
1.21044921
1.20837402
1.21899414
1.22192382
1.22033691
1.21118164
1.21008300
1.21191406
1.21057128
1.21081542
1.20983886
1.18896484
1.18774414
1.18676757
1.18847656
1.20166015
1.19824218
1.18884277
1.18322753
1.18835449
1.18798828
1.20422363
1.18164062
1.20153808
1.18664550
1.20166015
1.18615722
1.18884277
1.18969726
1.18725585
1.20227050
1.18933105
1.20202636
1.18750000
1.20288085
1.18872070
1.20324707
1.18212890
1.20056152
1.17980957
1.18859863
1.18847656
1.19067382
1.19360351
1.18920898
1.18676757
1.20056152
1.20190429
1.20166015
1.20190429
1.20178222
1.18310546
1.18725585
1.20263671
1.17724609
1.20178222
1.19567871
1.19030761
1.20288085
1.20080566
1.20056152
1.19091796
1.18798828
1.20410156
1.20300292
1.18566894
1.18798828
1.20288085
1.20141601
1.18786621
1.19140625
1.19604492
1.20178222
1.18859863
1.18286132
1.20300292
1.18896484
1.18774414
1.18920898
1.19042968
1.18920898
1.20288085
1.18701171
1.18957519
1.20422363
1.19433593
1.18920898
1.19213867
1.19848632
1.19213867
1.19335937
1.19262695
1.20251464
1.20166015
1.18920898
1.20166015
1.20092773
1.18188476
1.17431640
1.19555664
1.18798828
1.18713378
1.18957519
1.20166015
1.18786621
1.20263671
1.20410156
1.19604492
1.18920898
1.20056152
1.18725585
1.19921875
1.18908691
1.18713378
1.20300292
1.20056152
1.20178222
1.18920898
1.18518066
1.18847656
