1.21350097
1.22290039
1.20678710
1.22094726
1.21618652
1.22290039
1.22058105
1.22180175
1.22058105
1.21972656
1.21020507
1.21936035
1.20642089
1.22119140
1.20690917
1.22021484
1.22058105
1.21179199
1.20605468
1.21057128
1.20617675
1.22167968
1.20922851
1.21936035
1.21166992
1.21179199
1.21057128
1.20629882
1.21301269
1.21081542
1.21069335
1.20654296
1.22058105
1.22058105
1.20324707
1.20849609
1.22167968
1.20605468
1.20690917
1.21166992
1.20935058
1.20275878
1.20300292
1.21179199
1.21166992
1.20800781
1.20959472
1.21081542
1.20605468
1.21289062
1.22131347
1.20349121
1.20678710
1.20434570
1.21105957
1.21215820
1.22143554
1.22033691
1.21813964
1.20727539
1.21411132
1.20935058
1.21862792
1.20751953
1.22070312
1.21142578
1.22241210
1.22070312
1.21057128
1.20605468
1.21179199
1.21228027
1.20886230
1.21997070
1.20446777
1.20764160
1.22058105
1.22167968
1.21154785
1.20812988
1.20935058
1.20935058
1.20776367
1.20703125
1.21032714
1.21191406
1.21179199
1.20971679
1.22070312
1.21337890
1.21301269
1.18847656
1.20288085
1.18847656
1.18676757
1.19274902
1.20178222
1.19812011
1.20336914
1.20178222
1.18322753
1.20141601
1.18933105
1.18920898
1.19848632
1.20043945
1.20056152
1.20263671
1.20410156
1.18798828
1.20092773
1.20263671
1.18811035
1.17822265
1.18933105
1.18823242
1.20166015
1.18566894
1.20227050
1.18811035
1.20190429
1.20166015
1.18884277
1.20288085
1.18994140
1.20166015
1.17956542
1.17749023
1.19152832
1.18957519
1.20300292
1.20178222
1.20178222
1.18652343
1.17944335
1.18847656
1.19067382
1.18725585
1.18566894
1.18615722
1.18908691
1.18322753
1.18310546
1.20275878
1.18322753
1.18310546
1.18652343
1.18200683
1.18859863
1.18750000
1.19335937
1.19091796
1.17846679
1.18969726
1.19934082
1.20300292
1.18981933
1.18798828
1.20056152
1.18920898
1.18896484
1.20153808
1.18762207
1.20166015
1.19335937
1.18835449
1.18542480
1.18859863
1.20007324
1.18798828
1.18847656
1.18872070
1.17944335
1.18713378
1.20056152
1.18847656
1.19921875
1.19287109
1.20288085
1.18872070
1.18798828
1.18933105
1.18798828
1.18798828
1.18872070
1.19494628
1.18920898
1.18969726
1.18737792
1.20300292
1.18762207
1.18566894
1.18566894
1.18920898
1.18811035
1.18322753
1.18811035
1.20190429
1.18603515
1.20288085
