1.26965332
1.26721191
1.26892089
1.27258300
1.27075195
1.26440429
1.26599121
1.27050781
1.27014160
1.26354980
1.27062988
1.26574707
1.27062988
1.26440429
1.26831054
1.26562500
1.26831054
1.26953125
1.26562500
1.26953125
1.26770019
1.26879882
1.26953125
1.27087402
1.26733398
1.26953125
1.25952148
1.26586914
1.26086425
1.26452636
1.25964355
1.26440429
1.26049804
1.26501464
1.26489257
1.26062011
1.25964355
1.26538085
1.26440429
1.26440429
1.26489257
1.25952148
1.26062011
1.27197265
1.25952148
1.25952148
1.26086425
1.26428222
1.26574707
1.26562500
1.25854492
1.26562500
1.26452636
1.26159667
1.26086425
1.25952148
1.26330566
1.26452636
1.26098632
1.26452636
1.25952148
1.26306152
1.26281738
1.26086425
1.25952148
1.26318359
1.26562500
1.26147460
1.26489257
1.26745605
1.26501464
1.26452636
1.26550292
1.26062011
1.25964355
1.26403808
1.26831054
1.26562500
1.25976562
1.26074218
1.26562500
1.25976562
1.26452636
1.26525878
1.26354980
1.26208496
1.26452636
1.26464843
1.25756835
1.25964355
1.26342773
1.26354980
1.26086425
1.26599121
1.26074218
1.26562500
1.26049804
1.26062011
1.26074218
1.25732421
1.26074218
1.26086425
1.26062011
1.26074218
1.26562500
1.25891113
1.26477050
1.25781250
1.26440429
1.26330566
1.26562500
1.26074218
1.26708984
1.26452636
1.26464843
1.26538085
1.25842285
1.26574707
1.26757812
1.27148437
1.27539062
1.26672363
1.27648925
1.28173828
1.27514648
1.26086425
1.27551269
1.24987792
1.27416992
1.27697753
1.26831054
1.27661132
1.27172851
1.27868652
1.27868652
1.26171875
1.24719238
1.25793457
1.28674316
1.26428222
1.28564453
1.26525878
1.26708984
1.28881835
1.26574707
1.29223632
1.27758789
1.28503417
1.26098632
1.29577636
1.28588867
1.26574707
1.26574707
1.27844238
1.27099609
1.24926757
1.26342773
1.28332519
1.26770019
1.27099609
1.28576660
1.26623535
1.26708984
1.27099609
1.26086425
1.26623535
1.25598144
1.26611328
1.26135253
1.27075195
1.27038574
1.26123046
1.26843261
1.25964355
1.26696777
1.27209472
1.28210449
1.26879882
1.26013183
1.27331542
1.27062988
1.26977539
1.26940917
1.26940917
1.28686523
1.26818847
1.26977539
1.26831054
1.26818847
1.27148437
1.26721191
1.26708984
1.28601074
1.26831054
1.27062988
1.28210449
1.26977539
1.27026367
1.26721191
1.27197265
