1.27062988
1.27062988
1.26953125
1.27111816
1.27050781
1.26342773
1.26904296
1.27062988
1.26574707
1.27075195
1.26501464
1.27075195
1.26940917
1.26916503
1.27062988
1.26928710
1.27075195
1.27075195
1.26953125
1.27038574
1.26953125
1.27062988
1.26391601
1.27062988
1.26574707
1.26013183
1.26098632
1.26440429
1.26074218
1.26403808
1.26342773
1.25952148
1.26086425
1.26086425
1.26074218
1.26708984
1.26074218
1.26574707
1.26086425
1.26306152
1.26440429
1.26086425
1.26098632
1.26013183
1.26086425
1.26086425
1.26086425
1.26037597
1.26037597
1.25964355
1.26086425
1.26440429
1.26293945
1.26391601
1.26562500
1.26330566
1.26574707
1.26501464
1.25976562
1.26538085
1.26562500
1.26428222
1.26452636
1.26562500
1.26452636
1.26062011
1.26562500
1.27075195
1.25952148
1.26562500
1.26452636
1.26525878
1.26330566
1.26489257
1.26440429
1.25830078
1.25976562
1.25830078
1.26538085
1.26562500
1.26171875
1.26440429
1.26098632
1.26696777
1.26440429
1.26477050
1.26452636
1.26660156
1.26062011
1.26074218
1.26489257
1.26452636
1.26379394
1.26635742
1.25964355
1.26000976
1.25976562
1.26330566
1.26245117
1.26647949
1.26452636
1.26159667
1.26196289
1.25927734
1.26074218
1.26062011
1.26770019
1.25866699
1.26440429
1.26452636
1.26159667
1.26562500
1.26452636
1.26647949
1.26318359
1.25964355
1.26074218
1.26562500
1.27185058
1.26416015
1.26708984
1.26538085
1.26574707
1.26660156
1.26831054
1.25683593
1.26806640
1.26611328
1.26806640
1.26660156
1.26928710
1.26647949
1.26586914
1.26416015
1.26574707
1.25988769
1.25805664
1.26733398
1.26257324
1.27221679
1.26293945
1.25439453
1.27612304
1.27160644
1.27502441
1.26599121
1.26660156
1.26062011
1.26745605
1.26171875
1.26745605
1.26855468
1.27868652
1.26806640
1.26684570
1.26391601
1.26843261
1.26379394
1.26599121
1.27844238
1.27770996
1.26098632
1.26245117
1.26806640
1.26562500
1.26916503
1.27111816
1.28320312
1.26586914
1.28393554
1.28344726
1.27062988
1.26013183
1.27062988
1.28381347
1.27075195
1.26977539
1.27185058
1.26818847
1.26586914
1.27062988
1.26953125
1.26953125
1.29125976
1.27124023
1.27087402
1.29467773
1.27709960
1.26940917
1.26110839
1.26696777
1.28442382
1.27087402
1.27014160
1.26416015
1.27172851
1.28588867
1.26867675
1.28540039
1.27075195
