1.26464843
1.27075195
1.27075195
1.27075195
1.26232910
1.27587890
1.26635742
1.27062988
1.26708984
1.27075195
1.27014160
1.27062988
1.27087402
1.27062988
1.27062988
1.26831054
1.27038574
1.27075195
1.26599121
1.26940917
1.26965332
1.26916503
1.26879882
1.27075195
1.26562500
1.26147460
1.26062011
1.26647949
1.26086425
1.26452636
1.26049804
1.26574707
1.25952148
1.25964355
1.25964355
1.26269531
1.26074218
1.26074218
1.25964355
1.26062011
1.26086425
1.26440429
1.26538085
1.25952148
1.26574707
1.26440429
1.26208496
1.25964355
1.26452636
1.26525878
1.26013183
1.25952148
1.26184082
1.26501464
1.26025390
1.26379394
1.26696777
1.26086425
1.26708984
1.26562500
1.25952148
1.26452636
1.26013183
1.26550292
1.26147460
1.26318359
1.25976562
1.25964355
1.26647949
1.26000976
1.25952148
1.26062011
1.25964355
1.26477050
1.26452636
1.26452636
1.26110839
1.26440429
1.25964355
1.26086425
1.25952148
1.26342773
1.25952148
1.25952148
1.26074218
1.26208496
1.25952148
1.26318359
1.26452636
1.26416015
1.26354980
1.26062011
1.26062011
1.27075195
1.25854492
1.25976562
1.26452636
1.25952148
1.26074218
1.25964355
1.26354980
1.26562500
1.26098632
1.26318359
1.26110839
1.26464843
1.26574707
1.26562500
1.26831054
1.26562500
1.26440429
1.26525878
1.25952148
1.26464843
1.26025390
1.26281738
1.25659179
1.26562500
1.26342773
1.26379394
1.26428222
1.26574707
1.26574707
1.26660156
1.26794433
1.26525878
1.25866699
1.26489257
1.26025390
1.27795410
1.27795410
1.27746582
1.26110839
1.27868652
1.27746582
1.26745605
1.27270507
1.26855468
1.27648925
1.25769042
1.27636718
1.26708984
1.27099609
1.27770996
1.26489257
1.26940917
1.28576660
1.27600097
1.26818847
1.26330566
1.26464843
1.26464843
1.27062988
1.27075195
1.28845214
1.28247070
1.27075195
1.26574707
1.27099609
1.26965332
1.26391601
1.28344726
1.26818847
1.27099609
1.26489257
1.26611328
1.28234863
1.26831054
1.27575683
1.26977539
1.26086425
1.28320312
1.26928710
1.27221679
1.30297851
1.27185058
1.28454589
1.26110839
1.27099609
1.26953125
1.27075195
1.27185058
1.26855468
1.27148437
1.26501464
1.28186035
1.26452636
1.26696777
1.28210449
1.26245117
1.26647949
1.26110839
1.27099609
1.28332519
1.26623535
1.26684570
1.26281738
1.26831054
1.27062988
1.25512695
