1.26965332
1.26574707
1.27075195
1.26965332
1.26953125
1.26953125
1.26940917
1.27075195
1.26953125
1.26989746
1.27038574
1.27001953
1.26208496
1.27075195
1.26794433
1.27062988
1.26953125
1.26232910
1.27001953
1.26940917
1.26611328
1.27050781
1.26745605
1.26965332
1.26953125
1.26562500
1.25952148
1.26452636
1.26196289
1.26452636
1.26086425
1.26147460
1.25952148
1.25952148
1.26550292
1.26562500
1.26074218
1.26000976
1.25988769
1.25964355
1.26452636
1.26196289
1.26440429
1.26086425
1.25952148
1.26062011
1.26599121
1.25952148
1.26000976
1.26062011
1.26501464
1.25964355
1.26074218
1.26501464
1.26147460
1.26171875
1.25964355
1.26342773
1.26196289
1.25964355
1.26501464
1.26086425
1.25976562
1.26074218
1.26464843
1.26452636
1.26464843
1.26330566
1.26147460
1.26196289
1.26013183
1.26074218
1.26428222
1.26074218
1.25976562
1.26074218
1.25964355
1.26562500
1.26452636
1.26452636
1.25964355
1.26586914
1.25988769
1.25988769
1.26391601
1.26062011
1.26208496
1.26062011
1.26367187
1.26196289
1.26330566
1.26721191
1.26440429
1.25964355
1.26208496
1.26086425
1.26513671
1.26452636
1.26318359
1.26562500
1.26586914
1.26074218
1.26562500
1.26574707
1.25964355
1.26562500
1.26086425
1.26098632
1.26037597
1.26672363
1.26501464
1.26574707
1.26452636
1.26147460
1.25952148
1.25964355
1.25964355
1.25952148
1.26074218
1.26452636
1.26574707
1.26574707
1.26684570
1.26696777
1.26574707
1.23999023
1.27856445
1.25659179
1.26171875
1.25952148
1.25683593
1.27380371
1.25561523
1.25732421
1.26062011
1.27062988
1.26904296
1.27075195
1.25891113
1.28625488
1.27783203
1.27099609
1.28320312
1.26733398
1.26501464
1.28698730
1.26928710
1.27062988
1.26831054
1.27014160
1.26892089
1.27087402
1.15209960
1.17102050
1.15832519
1.08251953
1.01672363
1.03051757
1.02246093
1.02087402
1.02050781
1.02160644
1.02526855
1.00830078
1.02661132
1.10070800
1.10168457
1.10314941
1.10437011
1.24719238
1.28198242
1.26977539
1.26647949
1.26965332
1.26745605
1.27075195
1.27099609
1.26940917
1.27197265
1.26416015
1.27075195
1.28320312
1.27099609
1.26574707
1.27087402
1.27087402
1.26940917
1.26367187
1.28564453
1.25634765
1.26818847
1.26977539
1.26708984
1.28710937
1.26806640
1.27099609
1.28442382
1.26696777
1.28100585
1.26953125
