1.27075195
1.26953125
1.26965332
1.26953125
1.26965332
1.26977539
1.27075195
1.26586914
1.26965332
1.27075195
1.27062988
1.27038574
1.26733398
1.26293945
1.27001953
1.27062988
1.27062988
1.26452636
1.27001953
1.26989746
1.27075195
1.27062988
1.26330566
1.26831054
1.26025390
1.26208496
1.25964355
1.26208496
1.26074218
1.26135253
1.26184082
1.26574707
1.25952148
1.25964355
1.26086425
1.26306152
1.26025390
1.26562500
1.26135253
1.26184082
1.26428222
1.26708984
1.26074218
1.26049804
1.26025390
1.26074218
1.26110839
1.26440429
1.26062011
1.26159667
1.26062011
1.26574707
1.26440429
1.26501464
1.25976562
1.26074218
1.26428222
1.26367187
1.26513671
1.26562500
1.26452636
1.26196289
1.26477050
1.26281738
1.25964355
1.26110839
1.26684570
1.26013183
1.26562500
1.26806640
1.26428222
1.26196289
1.26440429
1.25952148
1.26574707
1.25952148
1.26208496
1.26684570
1.26574707
1.26513671
1.26062011
1.26000976
1.26220703
1.25952148
1.26452636
1.26452636
1.26074218
1.26342773
1.26342773
1.26196289
1.26452636
1.26464843
1.26574707
1.26086425
1.26171875
1.26086425
1.26184082
1.26672363
1.26025390
1.26086425
1.26501464
1.26562500
1.26440429
1.26708984
1.26525878
1.26123046
1.26391601
1.26196289
1.26550292
1.25976562
1.26452636
1.26428222
1.26464843
1.26562500
1.26452636
1.26562500
1.26086425
1.26757812
1.26452636
1.26611328
1.27075195
1.26953125
1.26696777
1.26464843
1.26525878
1.27734375
1.25878906
1.26660156
1.26660156
1.25671386
1.27807617
1.25671386
1.26391601
1.26660156
1.25683593
1.26586914
1.26599121
1.26647949
1.28100585
1.27636718
1.27392578
1.28198242
1.28479003
1.30078125
1.28234863
1.28320312
1.30334472
1.25927734
1.27062988
1.28076171
1.26782226
1.28222656
1.27160644
1.28454589
1.27185058
1.27172851
1.27111816
1.27050781
1.25598144
1.15942382
1.17077636
1.16918945
1.14514160
1.15881347
1.16809082
1.15600585
1.16162109
1.16821289
1.16040039
1.15930175
1.15222167
1.16052246
1.16052246
1.27209472
1.26733398
1.28540039
1.27185058
1.28088378
1.27209472
1.27185058
1.28320312
1.27026367
1.27087402
1.26049804
1.26855468
1.28356933
1.27221679
1.26501464
1.28442382
1.26940917
1.26599121
1.28283691
1.26074218
1.27099609
1.25170898
1.25939941
1.26940917
1.26013183
1.28356933
1.26733398
