1.27050781
1.26477050
1.27075195
1.26953125
1.27075195
1.26928710
1.26110839
1.27062988
1.26965332
1.26855468
1.26953125
1.26831054
1.26965332
1.26965332
1.27038574
1.26953125
1.26403808
1.26928710
1.27001953
1.27124023
1.26953125
1.27087402
1.27026367
1.26953125
1.26953125
1.26953125
1.26586914
1.26953125
1.27441406
1.25988769
1.26452636
1.26196289
1.26049804
1.26074218
1.26452636
1.26086425
1.25952148
1.26000976
1.26074218
1.26232910
1.26562500
1.26452636
1.25964355
1.26025390
1.26733398
1.26062011
1.26049804
1.26464843
1.26086425
1.26062011
1.26354980
1.26232910
1.26440429
1.26062011
1.26159667
1.26416015
1.25878906
1.26171875
1.26574707
1.25988769
1.26196289
1.26464843
1.26525878
1.26464843
1.26159667
1.26196289
1.26062011
1.26086425
1.25952148
1.26452636
1.26049804
1.26098632
1.26440429
1.26293945
1.25878906
1.26208496
1.26733398
1.26086425
1.26074218
1.26562500
1.26379394
1.26452636
1.26147460
1.26098632
1.26684570
1.26562500
1.26086425
1.26452636
1.26452636
1.26196289
1.26562500
1.26684570
1.25952148
1.26452636
1.26452636
1.26452636
1.26208496
1.26220703
1.25988769
1.26196289
1.25976562
1.26562500
1.26269531
1.26489257
1.26452636
1.26342773
1.26562500
1.25964355
1.25976562
1.26562500
1.25952148
1.26110839
1.25939941
1.26013183
1.25976562
1.26074218
1.26562500
1.26196289
1.26562500
1.26489257
1.26696777
1.26489257
1.27539062
1.26098632
1.26818847
1.27539062
1.27734375
1.26098632
1.26538085
1.26245117
1.26953125
1.27893066
1.27868652
1.26794433
1.28210449
1.29113769
1.26989746
1.28454589
1.26342773
1.28601074
1.28454589
1.29370117
1.28576660
1.27868652
1.27966308
1.27746582
1.25744628
1.26586914
1.26367187
1.26574707
1.28344726
1.26818847
1.26953125
1.27453613
1.29089355
1.26977539
1.26464843
1.28112792
1.28198242
1.27185058
1.27185058
1.26953125
1.28710937
1.26220703
1.27050781
1.28210449
1.26379394
1.26696777
1.27075195
1.26977539
1.26135253
1.26843261
1.26354980
1.26879882
1.27124023
1.27185058
1.27246093
1.26086425
1.28454589
1.27880859
1.26977539
1.28442382
1.28564453
1.28576660
1.28491210
1.26953125
1.27185058
1.27062988
1.26965332
1.28442382
1.26818847
1.28649902
1.26708984
1.27062988
1.28247070
1.27062988
1.26623535
1.26989746
1.27136230
1.27075195
