1.27050781
1.27099609
1.27197265
1.27038574
1.27075195
1.26464843
1.26953125
1.26953125
1.26965332
1.26904296
1.27099609
1.26477050
1.27062988
1.27062988
1.26977539
1.26977539
1.27075195
1.27075195
1.26953125
1.27062988
1.26477050
1.27099609
1.27026367
1.26953125
1.26049804
1.26025390
1.26025390
1.26025390
1.26696777
1.26013183
1.25952148
1.26220703
1.26037597
1.26159667
1.26037597
1.26098632
1.26684570
1.25976562
1.26318359
1.26074218
1.26232910
1.26037597
1.26074218
1.26269531
1.26147460
1.26074218
1.25952148
1.26452636
1.26184082
1.26525878
1.26098632
1.26538085
1.26232910
1.26123046
1.26171875
1.26464843
1.26000976
1.26550292
1.26477050
1.26489257
1.26672363
1.26672363
1.26452636
1.25988769
1.26464843
1.26123046
1.25927734
1.26135253
1.26428222
1.26501464
1.26330566
1.26562500
1.26196289
1.26782226
1.25952148
1.26062011
1.26440429
1.26306152
1.26440429
1.26525878
1.26611328
1.26757812
1.26550292
1.26123046
1.25744628
1.26196289
1.26416015
1.26477050
1.26403808
1.25939941
1.26525878
1.26086425
1.26513671
1.25927734
1.26037597
1.26086425
1.25903320
1.26049804
1.26074218
1.26245117
1.25939941
1.26342773
1.26696777
1.26062011
1.26098632
1.26562500
1.26538085
1.26660156
1.26489257
1.26440429
1.25927734
1.26599121
1.26477050
1.26062011
1.25964355
1.25927734
1.25927734
1.26611328
1.26696777
1.26208496
1.27722167
1.27783203
1.27722167
1.27453613
1.25915527
1.27172851
1.26696777
1.26647949
1.27429199
1.27600097
1.26782226
1.27514648
1.27783203
1.27783203
1.27746582
1.29138183
1.27685546
1.26062011
1.26623535
1.25891113
1.26782226
1.26306152
1.26623535
1.26184082
1.26623535
1.26599121
1.29223632
1.27978515
1.26953125
1.27612304
1.28332519
1.26635742
1.27185058
1.26611328
1.26940917
1.27062988
1.27062988
1.15576171
1.16040039
1.07336425
1.02416992
1.02185058
1.02075195
1.02294921
1.02185058
1.02661132
1.02294921
1.02539062
1.02612304
1.02539062
1.02673339
1.10168457
1.27526855
1.27075195
1.26843261
1.27172851
1.27087402
1.29235839
1.26855468
1.27905273
1.26330566
1.27075195
1.26977539
1.27075195
1.28344726
1.27685546
1.26660156
1.27062988
1.26708984
1.26574707
1.26953125
1.26159667
1.26452636
1.27197265
1.26940917
1.26574707
1.26855468
1.28466796
1.27075195
1.26989746
