1.26611328
1.27111816
1.27038574
1.26953125
1.27099609
1.26525878
1.26232910
1.26953125
1.27062988
1.26672363
1.27062988
1.26464843
1.27026367
1.27062988
1.26916503
1.27062988
1.26977539
1.27001953
1.26635742
1.27075195
1.27075195
1.26379394
1.27062988
1.27062988
1.27062988
1.26599121
1.26550292
1.25842285
1.26452636
1.26000976
1.26110839
1.26562500
1.25952148
1.26062011
1.26416015
1.26318359
1.26184082
1.26098632
1.26086425
1.26818847
1.26049804
1.26342773
1.26000976
1.26184082
1.26074218
1.25964355
1.26062011
1.26965332
1.26110839
1.26171875
1.25976562
1.25939941
1.25891113
1.26025390
1.26391601
1.26220703
1.26062011
1.25976562
1.26074218
1.26000976
1.26110839
1.26086425
1.26464843
1.25939941
1.26098632
1.26098632
1.25952148
1.25988769
1.26452636
1.26025390
1.26245117
1.26477050
1.26464843
1.26452636
1.26098632
1.26123046
1.26000976
1.26452636
1.26599121
1.26074218
1.25915527
1.26452636
1.26501464
1.26208496
1.26477050
1.26452636
1.26086425
1.26452636
1.25988769
1.26684570
1.26208496
1.25744628
1.26098632
1.26416015
1.26452636
1.26757812
1.26574707
1.25720214
1.26354980
1.26489257
1.26147460
1.26269531
1.26000976
1.26086425
1.26452636
1.25939941
1.26611328
1.26599121
1.26525878
1.26171875
1.26037597
1.26062011
1.26586914
1.26464843
1.26623535
1.26550292
1.26000976
1.25976562
1.25805664
1.26062011
1.25634765
1.25866699
1.27453613
1.26550292
1.25927734
1.27416992
1.26171875
1.26708984
1.26330566
1.26733398
1.26867675
1.28442382
1.28576660
1.28527832
1.28564453
1.28002929
1.26867675
1.28088378
1.27502441
1.28320312
1.29003906
1.26953125
1.26855468
1.26855468
1.28210449
1.26550292
1.28259277
1.28210449
1.26171875
1.26562500
1.16198730
1.15356445
1.15942382
1.16052246
1.16003417
1.16809082
1.15942382
1.16711425
1.15820312
1.16076660
1.15673828
1.16174316
1.16564941
1.16125488
1.26696777
1.27087402
1.26574707
1.27062988
1.26879882
1.27124023
1.28479003
1.27075195
1.26953125
1.25488281
1.27221679
1.28381347
1.26721191
1.26989746
1.25964355
1.28088378
1.26818847
1.29333496
1.26818847
1.27185058
1.26501464
1.26940917
1.28686523
1.26855468
1.26940917
1.26391601
1.28686523
1.27075195
1.28356933
1.26477050
1.27075195
1.28576660
1.27075195
1.26586914
1.26513671
1.26574707
