1.26831054
1.26501464
1.26843261
1.26953125
1.26232910
1.26953125
1.26953125
1.27185058
1.27160644
1.26953125
1.26953125
1.26953125
1.26708984
1.26953125
1.26928710
1.26257324
1.26208496
1.26843261
1.26953125
1.27001953
1.27062988
1.26354980
1.26953125
1.26916503
1.27075195
1.27148437
1.26977539
1.26806640
1.26196289
1.26574707
1.25976562
1.25952148
1.26062011
1.26562500
1.26074218
1.26196289
1.25964355
1.26257324
1.26428222
1.27026367
1.26672363
1.26953125
1.25964355
1.26086425
1.26367187
1.26074218
1.25952148
1.26074218
1.26196289
1.26611328
1.26196289
1.25939941
1.26562500
1.25830078
1.25952148
1.26025390
1.26074218
1.26086425
1.26184082
1.26025390
1.26574707
1.26452636
1.26501464
1.26074218
1.26013183
1.26086425
1.26562500
1.26196289
1.26049804
1.25952148
1.25952148
1.26159667
1.25915527
1.26562500
1.26062011
1.26025390
1.26562500
1.26330566
1.26184082
1.26049804
1.25952148
1.25952148
1.26147460
1.26269531
1.26513671
1.26464843
1.26062011
1.26000976
1.26074218
1.25939941
1.25964355
1.26208496
1.26086425
1.26330566
1.26562500
1.26196289
1.26684570
1.26440429
1.26782226
1.25891113
1.25964355
1.26818847
1.26306152
1.26452636
1.26086425
1.25952148
1.25878906
1.26452636
1.26245117
1.26025390
1.25976562
1.26440429
1.26562500
1.26208496
1.26232910
1.26452636
1.26440429
1.26684570
1.26574707
1.26452636
1.26550292
1.26562500
1.28186035
1.26635742
1.28161621
1.26354980
1.26660156
1.27551269
1.27868652
1.27734375
1.27648925
1.25817871
1.27795410
1.27270507
1.25915527
1.27624511
1.26416015
1.26501464
1.25805664
1.25976562
1.26647949
1.28454589
1.26989746
1.27600097
1.26745605
1.28588867
1.26525878
1.28247070
1.27026367
1.27209472
1.29211425
1.27038574
1.26586914
1.27636718
1.26354980
1.26843261
1.28320312
1.27026367
1.27221679
1.26928710
1.27197265
1.27087402
1.27099609
1.27209472
1.26721191
1.26855468
1.27185058
1.27026367
1.27514648
1.26586914
1.28466796
1.25964355
1.27197265
1.27062988
1.25817871
1.26464843
1.27099609
1.26940917
1.26879882
1.26855468
1.27197265
1.26855468
1.27685546
1.26831054
1.27062988
1.28247070
1.28540039
1.28405761
1.26831054
1.27087402
1.28051757
1.26354980
1.25720214
1.27062988
1.27062988
1.28283691
1.26831054
1.26977539
1.26721191
1.26708984
