1.26464843
1.26403808
1.26599121
1.26708984
1.26135253
1.26721191
1.26220703
1.26599121
1.26477050
1.26721191
1.26208496
1.26708984
1.26354980
1.26403808
1.26184082
1.25964355
1.26208496
1.26342773
1.26599121
1.26232910
1.26159667
1.26635742
1.26525878
1.26611328
1.26599121
1.26599121
1.26550292
1.26586914
1.26611328
1.25878906
1.26354980
1.26464843
1.26721191
1.25915527
1.26843261
1.26623535
1.26623535
1.26245117
1.25988769
1.26208496
1.26733398
1.26721191
1.26220703
1.26599121
1.26611328
1.26708984
1.26098632
1.26074218
1.26220703
1.26477050
1.26477050
1.26074218
1.26721191
1.26159667
1.26208496
1.26586914
1.26159667
1.25878906
1.26220703
1.25976562
1.26684570
1.26721191
1.26708984
1.26477050
1.26159667
1.26562500
1.26721191
1.26098632
1.26611328
1.25976562
1.26049804
1.26721191
1.26208496
1.26599121
1.26232910
1.26367187
1.25732421
1.25793457
1.26123046
1.26135253
1.26208496
1.26220703
1.26135253
1.26586914
1.26721191
1.26721191
1.26586914
1.26586914
1.26037597
1.26062011
1.26062011
1.25964355
1.26477050
1.26574707
1.26000976
1.26098632
1.26086425
1.26586914
1.26098632
1.26586914
1.26306152
1.26599121
1.26586914
1.26220703
1.26721191
1.26599121
1.26635742
1.26635742
1.26208496
1.26611328
1.28161621
1.26599121
1.27429199
1.25793457
1.26013183
1.26770019
1.27197265
1.26721191
1.26147460
1.26232910
1.25854492
1.26110839
1.26318359
1.26586914
1.26391601
1.26220703
1.26098632
1.26098632
1.26086425
1.26245117
1.26635742
1.26599121
1.26562500
1.26293945
1.26464843
1.26135253
1.26782226
1.26086425
1.26464843
1.26562500
1.26281738
1.26098632
1.26464843
1.26599121
1.26086425
1.26843261
1.26086425
1.26123046
1.26477050
1.26745605
1.26574707
1.26171875
1.26379394
1.26599121
1.26708984
1.26501464
1.26464843
1.25561523
1.26184082
1.26477050
1.26330566
1.26708984
1.26586914
1.26647949
1.26635742
1.26721191
1.26354980
1.26159667
1.26416015
1.26464843
1.26086425
1.26098632
1.26464843
1.26477050
1.26586914
1.26574707
1.26489257
1.26562500
1.26806640
1.26599121
1.26501464
1.26538085
1.26464843
1.26635742
1.26623535
1.27917480
1.25939941
1.26635742
1.26452636
1.26477050
1.26672363
1.26660156
1.26586914
1.26269531
1.26721191
1.26586914
1.26660156
1.26843261
1.26586914
1.26501464
