1.26721191
1.26489257
1.26220703
1.26672363
1.26086425
1.26721191
1.26721191
1.26489257
1.25927734
1.26208496
1.26477050
1.26477050
1.26525878
1.26330566
1.26708984
1.26477050
1.26257324
1.26611328
1.26721191
1.26721191
1.26257324
1.26684570
1.26586914
1.26721191
1.26220703
1.26208496
1.26354980
1.25793457
1.25964355
1.26708984
1.26611328
1.26721191
1.26611328
1.26220703
1.26367187
1.26513671
1.26428222
1.26123046
1.26599121
1.26660156
1.26342773
1.26721191
1.26477050
1.26440429
1.26330566
1.25976562
1.26086425
1.25732421
1.26123046
1.26635742
1.26574707
1.26708984
1.26098632
1.26220703
1.26721191
1.26501464
1.26477050
1.26464843
1.26721191
1.26171875
1.26416015
1.26464843
1.26708984
1.26123046
1.26220703
1.25842285
1.26123046
1.25732421
1.26049804
1.25732421
1.26354980
1.26110839
1.26477050
1.26184082
1.26220703
1.26074218
1.26489257
1.26513671
1.26477050
1.26269531
1.26586914
1.26098632
1.26574707
1.26086425
1.26477050
1.25976562
1.26721191
1.25891113
1.26586914
1.26330566
1.26708984
1.26342773
1.26513671
1.26342773
1.26501464
1.26342773
1.25976562
1.26477050
1.26843261
1.26477050
1.26477050
1.26464843
1.25964355
1.26220703
1.26489257
1.26086425
1.26733398
1.26599121
1.26110839
1.26599121
1.26086425
1.26733398
1.26599121
1.26159667
1.25964355
1.26208496
1.26574707
1.26086425
1.26391601
1.26098632
1.26354980
1.25854492
1.25964355
1.26513671
1.26513671
1.26513671
1.26245117
1.26086425
1.26501464
1.25964355
1.26220703
1.26086425
1.26623535
1.26098632
1.26599121
1.26721191
1.26098632
1.26208496
1.26330566
1.26672363
1.27539062
1.26379394
1.26306152
1.26477050
1.26110839
1.26318359
1.26586914
1.26330566
1.26220703
1.26220703
1.25964355
1.26599121
1.26477050
1.26403808
1.26477050
1.25915527
1.26660156
1.26586914
1.26220703
1.26477050
1.26525878
1.26586914
1.26477050
1.26208496
1.25720214
1.25976562
1.26232910
1.26733398
1.26464843
1.26782226
1.25964355
1.26477050
1.26599121
1.26599121
1.26513671
1.26354980
1.26464843
1.26599121
1.26599121
1.26721191
1.26464843
1.26586914
1.28039550
1.26599121
1.25964355
1.26330566
1.26599121
1.27148437
1.26586914
1.26599121
1.26477050
1.26086425
1.26599121
1.26477050
1.26208496
1.26477050
1.26513671
1.26635742
1.26599121
1.26647949
