1.26684570
1.26342773
1.26647949
1.26220703
1.26379394
1.26599121
1.26220703
1.26000976
1.26599121
1.26220703
1.25854492
1.26367187
1.26660156
1.26672363
1.26721191
1.26318359
1.26757812
1.26550292
1.26196289
1.26562500
1.26416015
1.26025390
1.26159667
1.26599121
1.26489257
1.26721191
1.26452636
1.26208496
1.25854492
1.26647949
1.26342773
1.26184082
1.26696777
1.26574707
1.26440429
1.26330566
1.26721191
1.26623535
1.26550292
1.26367187
1.26477050
1.26684570
1.26513671
1.26098632
1.26708984
1.26098632
1.26354980
1.26684570
1.26208496
1.26208496
1.26037597
1.26171875
1.25964355
1.26098632
1.26708984
1.26464843
1.26098632
1.26220703
1.26110839
1.26574707
1.26074218
1.26208496
1.26110839
1.26098632
1.26501464
1.26098632
1.25976562
1.26159667
1.26220703
1.26452636
1.26562500
1.26623535
1.26123046
1.25903320
1.26086425
1.26611328
1.25854492
1.26708984
1.26672363
1.26208496
1.26831054
1.26599121
1.26672363
1.26232910
1.26110839
1.26440429
1.26196289
1.26586914
1.26538085
1.26513671
1.26220703
1.26770019
1.26013183
1.26098632
1.26098632
1.26220703
1.26098632
1.26098632
1.26025390
1.26220703
1.26110839
1.26489257
1.26770019
1.26721191
1.26721191
1.26220703
1.26123046
1.26586914
1.26123046
1.26599121
1.26611328
1.26721191
1.26721191
1.26672363
1.26611328
1.26269531
1.26062011
1.26708984
1.26489257
1.26098632
1.25854492
1.26318359
1.26147460
1.26025390
1.26635742
1.26599121
1.26184082
1.26708984
1.26037597
1.26818847
1.26672363
1.26135253
1.26660156
1.26611328
1.26672363
1.26098632
1.26123046
1.26477050
1.26171875
1.26550292
1.26159667
1.26599121
1.26599121
1.26367187
1.26635742
1.26794433
1.26745605
1.26599121
1.26892089
1.26501464
1.26574707
1.26318359
1.26464843
1.28186035
1.26489257
1.26464843
1.26489257
1.25988769
1.26599121
1.26550292
1.26123046
1.26220703
1.26354980
1.26232910
1.26513671
1.26232910
1.26245117
1.26464843
1.25817871
1.26330566
1.26660156
1.26245117
1.26843261
1.26098632
1.26599121
1.25976562
1.26684570
1.26611328
1.26440429
1.26440429
1.26098632
1.26489257
1.26477050
1.26098632
1.26074218
1.26318359
1.26501464
1.26647949
1.26501464
1.26501464
1.26599121
1.26623535
1.26403808
1.26708984
1.26489257
1.26391601
1.26635742
1.26464843
1.26477050
1.26367187
