1.05017089
1.00585937
1.00463867
1.00402832
1.01098632
1.00842285
1.01147460
1.01049804
1.01123046
1.01159667
1.01110839
1.01062011
1.00720214
1.00964355
1.00842285
1.00988769
1.01025390
1.00952148
1.01086425
1.00891113
1.01269531
1.00817871
1.00952148
1.01147460
1.00964355
1.05578613
1.00854492
1.01025390
1.01123046
1.05468750
1.05590820
1.01086425
1.01037597
1.00915527
1.00512695
1.00561523
1.01000976
1.00866699
1.00793457
1.01049804
1.00805664
1.01135253
1.05236816
1.05419921
1.01000976
1.00744628
1.01013183
1.00793457
1.01037597
1.01098632
1.01013183
1.00439453
1.00244140
1.01037597
1.01147460
1.01025390
1.00366210
1.01086425
1.00927734
1.01135253
1.01074218
1.01135253
1.00939941
1.00634765
1.01049804
1.00292968
1.01098632
1.01147460
1.00927734
1.01098632
1.01171875
1.05761718
1.00964355
1.01110839
1.01159667
1.01049804
1.00878906
1.01062011
1.01184082
1.00402832
1.01074218
1.00878906
1.00366210
1.01074218
1.00769042
1.00988769
1.01110839
1.05310058
1.01049804
1.00830078
1.00439453
1.01513671
1.05334472
1.01025390
1.01159667
1.00964355
1.01025390
1.00781250
1.00915527
1.01123046
1.00976562
1.01123046
1.00915527
1.01086425
1.01037597
1.00744628
1.01159667
1.01000976
1.01037597
1.00585937
1.00268554
1.00964355
1.00964355
1.00659179
1.01135253
1.01037597
1.00964355
1.01049804
1.00830078
1.00952148
1.05004882
1.00988769
1.01037597
1.01013183
1.00805664
1.01208496
1.00878906
1.00988769
1.01965332
1.01037597
1.01000976
1.00769042
1.00927734
1.05517578
1.01013183
1.05493164
1.01074218
1.01086425
1.01049804
1.00964355
1.01037597
1.01110839
1.00988769
1.00805664
1.00988769
1.01086425
1.00866699
1.01049804
1.05566406
1.00817871
1.05456542
1.00793457
1.00805664
1.00939941
1.00744628
1.01135253
1.00891113
1.00976562
1.01013183
1.00988769
1.00866699
1.01123046
1.01123046
1.01098632
1.01013183
1.00915527
1.01159667
1.01013183
1.01098632
1.00646972
1.01013183
1.00769042
1.01013183
1.00988769
1.00756835
1.00549316
1.01025390
1.01062011
1.01184082
1.01062011
1.01074218
1.01062011
1.01086425
1.00781250
1.01013183
1.00915527
1.01135253
1.01159667
1.01000976
1.01074218
1.00988769
1.01062011
1.01074218
1.00878906
1.01074218
1.01135253
1.00903320
1.00927734
1.00671386
1.00988769
