1.00537109
1.00537109
1.01110839
1.01611328
1.00488281
1.00769042
1.01037597
1.01025390
1.01062011
1.00927734
1.01037597
1.01037597
1.00842285
1.01049804
1.00915527
1.00939941
1.00939941
1.01098632
1.00793457
1.01098632
1.01086425
1.01135253
1.01049804
1.00842285
1.00903320
1.01159667
1.01098632
1.00878906
1.00939941
1.00915527
1.01110839
1.00842285
1.00964355
1.00866699
1.01037597
1.00976562
1.01135253
1.01025390
1.01123046
1.00866699
1.01159667
1.00866699
1.00976562
1.01147460
1.01049804
1.01037597
1.00952148
1.01062011
1.00891113
1.01135253
1.00329589
1.01000976
1.01110839
1.00878906
1.01025390
1.01159667
1.01037597
1.01135253
1.01147460
1.00805664
1.01208496
1.01049804
1.00854492
1.00817871
1.01013183
1.00976562
1.00939941
1.01123046
1.00805664
1.01110839
1.00903320
1.00988769
1.01147460
1.01098632
1.01171875
1.01147460
1.01049804
1.01110839
1.00903320
1.01074218
1.00976562
1.00976562
1.05249023
1.05493164
1.00976562
1.01086425
1.00476074
1.01196289
1.01000976
1.00573730
1.02038574
1.00756835
1.01025390
1.00744628
1.05541992
1.00939941
1.00878906
1.01159667
1.00878906
1.01184082
1.01123046
1.01025390
1.01098632
1.01074218
1.01135253
1.00939941
1.01123046
1.01135253
1.01074218
1.00915527
1.00830078
1.01037597
1.01110839
1.01025390
1.01110839
1.00976562
1.05358886
1.01062011
1.01135253
1.00915527
1.05432128
1.01000976
1.00830078
1.01025390
1.05517578
1.00854492
1.01159667
1.01110839
1.01062011
1.01098632
1.01000976
1.01147460
1.01062011
1.01159667
1.00939941
1.01086425
1.01159667
1.01159667
1.01098632
1.01074218
1.01110839
1.01049804
1.01123046
1.00781250
1.01074218
1.01123046
1.01135253
1.00878906
1.05444335
1.01037597
1.00708007
1.01074218
1.00952148
1.00817871
1.01074218
1.01208496
1.01110839
1.01074218
1.01025390
1.01074218
1.00866699
1.01074218
1.01086425
1.00952148
1.00610351
1.01013183
1.01159667
1.05493164
1.00793457
1.01135253
1.01062011
1.00695800
1.01086425
1.01123046
1.00781250
1.01123046
1.01086425
1.00781250
1.00903320
1.05480957
1.00939941
1.01135253
1.00830078
1.01074218
1.01074218
1.01049804
1.05688476
1.00878906
1.01135253
1.01123046
1.00952148
1.01086425
1.01159667
1.01110839
1.01074218
1.00683593
1.00415039
1.01123046
1.00781250
1.00952148
