1.05102539
1.00659179
1.00964355
1.00866699
1.01062011
1.00805664
1.01000976
1.00891113
1.01110839
1.01000976
1.00915527
1.00964355
1.01110839
1.00964355
1.00854492
1.00732421
1.00988769
1.00891113
1.01074218
1.01013183
1.00683593
1.01025390
1.01013183
1.00891113
1.01147460
1.01123046
1.01074218
1.01098632
1.01074218
1.00952148
1.01159667
1.01208496
1.01000976
1.01037597
1.01123046
1.00769042
1.01086425
1.01159667
1.00854492
1.01098632
1.01171875
1.00842285
1.01074218
1.01159667
1.01086425
1.01037597
1.00939941
1.01098632
1.01159667
1.00842285
1.02038574
1.01904296
1.01745605
1.02526855
1.02514648
1.02563476
1.02087402
1.02319335
1.02539062
1.01855468
1.01977539
1.02429199
1.02478027
1.02587890
1.02087402
1.01049804
1.01159667
1.00964355
1.01159667
1.00830078
1.01086425
1.01074218
1.00817871
1.01062011
1.00463867
1.01123046
1.01000976
1.01867675
1.02575683
1.02478027
1.00976562
1.01062011
1.00891113
1.01098632
1.01013183
1.01013183
1.01208496
1.00646972
1.01171875
1.01013183
1.04418945
1.00573730
1.01062011
1.01147460
1.01025390
1.01037597
1.00781250
1.01086425
1.00854492
1.00903320
1.01086425
1.00854492
1.01037597
1.00903320
1.01147460
1.01013183
1.01159667
1.01147460
1.01123046
1.01000976
1.01013183
1.01049804
1.01147460
1.01098632
1.00866699
1.01062011
1.00854492
1.01159667
1.01098632
1.01000976
1.02539062
1.00976562
1.02124023
1.01611328
1.02478027
1.01794433
1.01513671
1.01733398
1.05371093
1.01013183
1.00903320
1.00683593
1.00634765
1.00915527
1.01147460
1.00988769
1.00439453
1.01013183
1.00964355
1.00878906
1.00769042
1.00927734
1.00683593
1.01000976
1.01025390
1.00805664
1.00988769
1.05383300
1.00988769
1.00683593
1.00988769
1.05273437
1.00952148
1.00708007
1.00842285
1.01049804
1.00964355
1.01110839
1.00964355
1.01147460
1.00952148
1.01062011
1.00939941
1.01062011
1.04968261
1.00817871
1.01074218
1.01049804
1.01098632
1.01098632
1.01062011
1.01037597
1.01013183
1.01013183
1.00830078
1.01159667
1.05407714
1.00939941
1.01049804
1.05175781
1.01086425
1.05505371
1.00769042
1.00891113
1.00793457
1.01025390
1.01098632
1.00683593
1.00781250
1.01110839
1.01110839
1.00402832
1.01062011
1.01159667
1.00683593
1.01098632
1.01000976
1.05297851
1.01013183
1.01074218
