1.00952148
1.00659179
1.01135253
1.01025390
1.00939941
1.00903320
1.00866699
1.00561523
1.01049804
1.01098632
1.01123046
1.01098632
1.01208496
1.01123046
1.01147460
1.00610351
1.00964355
1.00976562
1.01098632
1.00781250
1.01135253
1.01123046
1.00939941
1.00976562
1.01159667
1.01074218
1.01159667
1.00952148
1.01696777
1.01184082
1.00671386
1.01123046
1.01086425
1.01452636
1.01049804
1.00939941
1.00781250
1.01098632
1.00988769
1.05480957
1.05444335
1.01074218
1.01159667
1.00830078
1.01062011
1.01074218
1.01000976
1.01135253
1.00732421
1.01098632
1.00817871
1.00988769
1.00927734
1.01135253
1.00854492
1.01025390
1.01074218
1.01037597
1.00915527
1.00781250
1.01025390
1.00744628
1.00988769
1.01025390
1.01123046
1.00915527
1.00781250
1.01037597
1.01098632
1.00854492
1.01074218
1.01159667
1.00903320
1.01013183
1.01000976
1.01000976
1.01000976
1.01123046
1.01159667
1.01147460
1.01037597
1.00939941
1.00915527
1.01123046
1.00939941
1.01013183
1.00830078
1.01049804
1.01074218
1.00952148
1.01086425
1.00939941
1.01086425
1.01098632
1.00915527
1.00793457
1.00842285
1.01074218
1.00708007
1.01000976
1.01025390
1.01000976
1.01086425
1.00854492
1.00842285
1.01049804
1.02441406
1.00891113
1.00866699
1.00817871
1.00964355
1.01123046
1.00598144
1.01159667
1.00964355
1.01159667
1.00805664
1.00598144
1.00402832
1.00573730
1.05261230
1.00842285
1.00756835
1.00988769
1.01074218
1.00927734
1.01086425
1.01037597
1.01159667
1.01037597
1.00805664
1.05090332
1.05334472
1.05578613
1.00476074
1.00439453
1.05432128
1.00866699
1.01147460
1.05029296
1.01000976
1.00793457
1.01025390
1.05322265
1.05578613
1.01074218
1.00964355
1.00952148
1.01037597
1.00927734
1.00793457
1.01074218
1.00976562
1.00988769
1.01025390
1.00964355
1.00878906
1.00878906
1.00659179
1.01135253
1.04748535
1.00402832
1.01110839
1.00915527
1.05505371
1.01037597
1.00842285
1.00976562
1.00903320
1.00988769
1.01135253
1.01000976
1.01037597
1.00830078
1.01037597
1.01062011
1.00891113
1.01037597
1.00939941
1.01159667
1.05505371
1.00317382
1.00451660
1.00842285
1.00769042
1.01013183
1.01049804
1.00732421
1.01159667
1.00732421
1.01037597
1.00830078
1.05493164
1.05249023
1.00817871
1.05554199
1.00500488
1.00817871
1.05529785
1.01013183
