1.04992675
1.04626464
1.00610351
1.01037597
1.01062011
1.00854492
1.01159667
1.01049804
1.00915527
1.01123046
1.00842285
1.01013183
1.01025390
1.00781250
1.01049804
1.01062011
1.01147460
1.01123046
1.00976562
1.00952148
1.01159667
1.01123046
1.01086425
1.01062011
1.01025390
1.00878906
1.00903320
1.00732421
1.01049804
1.01098632
1.01025390
1.01147460
1.00842285
1.01025390
1.01110839
1.01135253
1.01196289
1.01123046
1.01135253
1.01159667
1.01000976
1.01000976
1.01049804
1.00915527
1.01062011
1.01013183
1.01025390
1.01062011
1.00756835
1.00939941
1.00854492
1.01037597
1.00891113
1.05664062
1.00988769
1.00903320
1.00842285
1.01000976
1.01074218
1.00805664
1.01062011
1.00927734
1.01049804
1.01025390
1.01098632
1.01000976
1.01074218
1.01037597
1.01000976
1.01098632
1.00964355
1.01147460
1.01110839
1.00781250
1.01110839
1.01013183
1.00842285
1.01037597
1.05395507
1.01843261
1.02478027
1.02429199
1.01879882
1.01464843
1.02197265
1.02319335
1.01818847
1.01550292
1.02502441
1.02050781
1.01940917
1.02038574
1.02160644
1.01818847
1.02148437
1.01806640
1.02563476
1.01965332
1.01611328
1.01159667
1.01879882
1.01110839
1.02624511
1.02307128
1.01000976
1.00646972
1.00915527
1.01977539
1.00891113
1.00842285
1.01062011
1.00891113
1.05566406
1.01086425
1.00805664
1.00964355
1.00915527
1.00769042
1.01074218
1.00939941
1.01000976
1.00732421
1.05541992
1.00878906
1.00964355
1.01062011
1.00915527
1.05529785
1.00915527
1.01110839
1.00805664
1.00964355
1.00512695
1.00598144
1.00451660
1.00390625
1.00927734
1.00952148
1.01074218
1.01196289
1.00781250
1.01171875
1.01062011
1.00512695
1.01147460
1.00878906
1.01159667
1.01086425
1.00903320
1.05554199
1.00573730
1.01159667
1.01843261
1.00817871
1.00939941
1.01025390
1.00708007
1.01013183
1.05566406
1.01245117
1.01062011
1.00891113
1.01037597
1.00927734
1.00988769
1.00854492
1.00952148
1.01086425
1.00891113
1.01049804
1.00854492
1.02014160
1.01733398
1.02453613
1.02038574
1.02453613
1.02014160
1.02111816
1.02038574
1.02160644
1.02026367
1.05480957
1.05615234
1.01098632
1.00866699
1.01025390
1.00927734
1.00964355
1.00976562
1.01098632
1.00952148
1.02624511
1.00769042
1.05627441
1.01049804
1.00988769
1.05566406
1.00830078
1.01037597
1.01000976
