1.05053710
1.00378417
1.05041503
1.01208496
1.01062011
1.01098632
1.00817871
1.00976562
1.00903320
1.01025390
1.00610351
1.01110839
1.01062011
1.00964355
1.01086425
1.00817871
1.01049804
1.00952148
1.01025390
1.01159667
1.01025390
1.01159667
1.01184082
1.00610351
1.01062011
1.00866699
1.00915527
1.01037597
1.00952148
1.05432128
1.00830078
1.01086425
1.00976562
1.01208496
1.00964355
1.01000976
1.01159667
1.00939941
1.01110839
1.00952148
1.01025390
1.00781250
1.01159667
1.00927734
1.01062011
1.00903320
1.00927734
1.01037597
1.00793457
1.01086425
1.00927734
1.00939941
1.01123046
1.01123046
1.00878906
1.00964355
1.00903320
1.00976562
1.00878906
1.01135253
1.00939941
1.01110839
1.01049804
1.00463867
1.01184082
1.01037597
1.01062011
1.01135253
1.00854492
1.01171875
1.01049804
1.01086425
1.01086425
1.00805664
1.01147460
1.00915527
1.01123046
1.01049804
1.00866699
1.01013183
1.01110839
1.02563476
1.01147460
1.05224609
1.00634765
1.01245117
1.00939941
1.01147460
1.01123046
1.01098632
1.01086425
1.00915527
1.00830078
1.00903320
1.01501464
1.05407714
1.05639648
1.01037597
1.01098632
1.01098632
1.00939941
1.01074218
1.01062011
1.00830078
1.00634765
1.01000976
1.01110839
1.00964355
1.01269531
1.01025390
1.00988769
1.01123046
1.01110839
1.01159667
1.00866699
1.01257324
1.01098632
1.00781250
1.01123046
1.01159667
1.01110839
1.00671386
1.00610351
1.05432128
1.00793457
1.00842285
1.01025390
1.01000976
1.00842285
1.01037597
1.05468750
1.05480957
1.01062011
1.01049804
1.00842285
1.01110839
1.00976562
1.00903320
1.01110839
1.01025390
1.01135253
1.00854492
1.01098632
1.00830078
1.01098632
1.01147460
1.01037597
1.00976562
1.00817871
1.01049804
1.01013183
1.00842285
1.00952148
1.00817871
1.01062011
1.01074218
1.00769042
1.00939941
1.00927734
1.00866699
1.00878906
1.01049804
1.01049804
1.01086425
1.00842285
1.01147460
1.00720214
1.01159667
1.00891113
1.01074218
1.01123046
1.01135253
1.00927734
1.01123046
1.01123046
1.01159667
1.01159667
1.01184082
1.01184082
1.01074218
1.01159667
1.00964355
1.01123046
1.01025390
1.01086425
1.01086425
1.01110839
1.00866699
1.00830078
1.01037597
1.01147460
1.00781250
1.01000976
1.00915527
1.00964355
1.00842285
1.01110839
1.01135253
1.01135253
1.00781250
