1.05114746
1.05151367
1.00622558
1.00781250
1.00659179
1.01184082
1.01159667
1.01013183
1.00988769
1.01147460
1.00830078
1.01135253
1.00964355
1.01171875
1.01000976
1.01037597
1.01159667
1.00878906
1.01220703
1.00793457
1.01123046
1.01147460
1.01098632
1.00927734
1.00817871
1.00891113
1.01062011
1.00793457
1.01916503
1.02539062
1.02502441
1.02087402
1.01135253
1.01037597
1.02038574
1.02160644
1.02148437
1.02380371
1.02587890
1.02404785
1.05383300
1.01049804
1.01098632
1.00891113
1.01147460
1.01184082
1.01062011
1.01110839
1.00927734
1.00524902
1.01281738
1.01086425
1.01135253
1.00927734
1.01196289
1.00976562
1.01147460
1.00830078
1.01147460
1.00769042
1.01147460
1.05114746
1.00976562
1.01013183
1.01110839
1.01135253
1.00720214
1.00939941
1.00573730
1.01599121
1.01013183
1.01049804
1.00903320
1.00964355
1.01965332
1.01989746
1.00793457
1.05517578
1.00805664
1.01000976
1.00964355
1.05395507
1.00903320
1.01074218
1.00988769
1.01098632
1.01086425
1.00915527
1.00939941
1.00952148
1.01074218
1.00842285
1.01135253
1.00903320
1.01037597
1.05554199
1.01062011
1.01159667
1.00756835
1.01086425
1.00561523
1.00488281
1.05126953
1.01000976
1.01782226
1.01110839
1.01806640
1.02001953
1.01989746
1.01916503
1.02270507
1.01123046
1.01013183
1.01074218
1.00842285
1.01000976
1.00830078
1.00976562
1.05334472
1.01159667
1.01110839
1.00866699
1.01074218
1.00891113
1.01025390
1.01147460
1.00915527
1.00842285
1.01086425
1.01025390
1.01037597
1.00952148
1.00891113
1.01220703
1.01110839
1.00976562
1.01013183
1.01110839
1.00988769
1.00915527
1.01062011
1.01049804
1.01013183
1.00793457
1.00805664
1.00805664
1.01000976
1.01074218
1.01086425
1.01086425
1.01086425
1.01013183
1.01147460
1.01159667
1.00939941
1.01037597
1.00976562
1.05529785
1.01110839
1.00842285
1.00927734
1.00842285
1.01135253
1.01293945
1.01000976
1.01123046
1.00976562
1.01135253
1.01086425
1.00988769
1.01135253
1.00988769
1.00646972
1.01062011
1.00537109
1.00781250
1.01098632
1.01135253
1.00781250
1.00976562
1.00817871
1.00817871
1.00842285
1.01037597
1.01025390
1.01049804
1.01000976
1.01000976
1.00939941
1.00927734
1.00927734
1.01135253
1.01086425
1.01135253
1.01159667
1.00842285
1.00634765
1.01147460
1.01086425
1.00781250
