1.00537109
1.00634765
1.01000976
1.01123046
1.00524902
1.00830078
1.01037597
1.00927734
1.01086425
1.01074218
1.00891113
1.01098632
1.01623535
1.00903320
1.01086425
1.01110839
1.01110839
1.00915527
1.00939941
1.01110839
1.01049804
1.01147460
1.00817871
1.01098632
1.00866699
1.01159667
1.00903320
1.01123046
1.01049804
1.00964355
1.01086425
1.00854492
1.05541992
1.00842285
1.01074218
1.00927734
1.01074218
1.05554199
1.00708007
1.00952148
1.01110839
1.00830078
1.01086425
1.01062011
1.00854492
1.00964355
1.00842285
1.00927734
1.01025390
1.01037597
1.01086425
1.01049804
1.01110839
1.01025390
1.00964355
1.00878906
1.01098632
1.01110839
1.01110839
1.00927734
1.00744628
1.00927734
1.01098632
1.00878906
1.01025390
1.01147460
1.00854492
1.00878906
1.00805664
1.00915527
1.01074218
1.00866699
1.01074218
1.00817871
1.00915527
1.00769042
1.00903320
1.01013183
1.00976562
1.01147460
1.00903320
1.01123046
1.00878906
1.01159667
1.01159667
1.00805664
1.01135253
1.01135253
1.01037597
1.01147460
1.00842285
1.01135253
1.01110839
1.00939941
1.01135253
1.00891113
1.01110839
1.00793457
1.01074218
1.01062011
1.01147460
1.00634765
1.01196289
1.05505371
1.00805664
1.00988769
1.05480957
1.05529785
1.05493164
1.04895019
1.01062011
1.00952148
1.00781250
1.01037597
1.01000976
1.01086425
1.00622558
1.00988769
1.01159667
1.01147460
1.00817871
1.01062011
1.01049804
1.00866699
1.02075195
1.01794433
1.02111816
1.01965332
1.01965332
1.00854492
1.01147460
1.01086425
1.00817871
1.01123046
1.00830078
1.00915527
1.00781250
1.00903320
1.01062011
1.01098632
1.01086425
1.01110839
1.00830078
1.01049804
1.00732421
1.00903320
1.01147460
1.01025390
1.00976562
1.00427246
1.00585937
1.01110839
1.00988769
1.00952148
1.01025390
1.00927734
1.01110839
1.00891113
1.01074218
1.01086425
1.00939941
1.01135253
1.01159667
1.01037597
1.01098632
1.01049804
1.00964355
1.01074218
1.00756835
1.00939941
1.01110839
1.00244140
1.00439453
1.01062011
1.00756835
1.00976562
1.01135253
1.01940917
1.00524902
1.01538085
1.01025390
1.01086425
1.00878906
1.01147460
1.01184082
1.00427246
1.01098632
1.01159667
1.00854492
1.01147460
1.01123046
1.01135253
1.01123046
1.00903320
1.01037597
1.01025390
1.01159667
1.01049804
1.05480957
1.01000976
