1.01037597
1.01123046
1.00573730
1.01196289
1.01098632
1.00903320
1.01025390
1.01025390
1.01123046
1.00866699
1.01159667
1.01000976
1.00939941
1.01037597
1.01037597
1.01025390
1.01159667
1.00561523
1.01025390
1.00695800
1.04919433
1.00451660
1.00878906
1.01074218
1.01074218
1.00781250
1.00891113
1.00354003
1.00659179
1.01110839
1.01135253
1.00903320
1.01184082
1.00952148
1.01171875
1.00891113
1.01074218
1.01147460
1.01086425
1.01940917
1.01965332
1.02038574
1.02136230
1.02136230
1.02038574
1.01879882
1.01000976
1.00915527
1.00915527
1.02209472
1.02661132
1.02062988
1.01965332
1.02490234
1.00842285
1.02575683
1.01989746
1.01477050
1.02062988
1.01879882
1.02087402
1.02160644
1.02551269
1.00769042
1.01025390
1.05578613
1.00939941
1.00842285
1.01025390
1.01110839
1.01110839
1.05505371
1.00903320
1.00744628
1.00817871
1.01086425
1.01037597
1.00598144
1.00964355
1.00915527
1.05639648
1.01000976
1.01037597
1.01306152
1.00891113
1.00207519
1.00866699
1.01037597
1.01000976
1.00866699
1.00732421
1.01000976
1.00878906
1.01013183
1.00878906
1.01135253
1.01025390
1.00866699
1.00891113
1.00952148
1.00903320
1.00903320
1.00866699
1.00903320
1.00622558
1.05175781
1.05419921
1.01025390
1.00903320
1.01147460
1.01135253
1.00976562
1.01098632
1.00646972
1.00817871
1.00634765
1.00964355
1.01074218
1.01000976
1.01025390
1.01123046
1.01159667
1.01245117
1.00524902
1.01025390
1.00952148
1.01159667
1.01049804
1.01171875
1.00830078
1.01110839
1.00939941
1.01098632
1.01147460
1.01000976
1.01074218
1.01074218
1.01342773
1.01110839
1.01074218
1.01025390
1.00939941
1.01135253
1.01208496
1.00109863
1.05297851
1.01098632
1.00988769
1.01074218
1.01123046
1.00988769
1.00646972
1.00939941
1.00854492
1.01062011
1.01049804
1.01110839
1.00720214
1.01159667
1.01159667
1.01220703
1.00463867
1.00451660
1.00488281
1.01098632
1.01635742
1.02087402
1.02038574
1.01831054
1.01794433
1.02099609
1.01660156
1.05334472
1.02551269
1.01904296
1.01953125
1.01635742
1.01953125
1.02648925
1.02099609
1.01770019
1.02600097
1.02343750
1.02380371
1.02099609
1.01342773
1.02453613
1.01416015
1.02636718
1.02502441
1.02636718
1.02539062
1.02050781
1.02038574
1.01989746
1.02062988
1.02526855
1.02429199
1.02636718
1.00842285
