1.14538574
1.13867187
1.13610839
1.13549804
1.13574218
1.14172363
1.13500976
1.13586425
1.13403320
1.13635253
1.13562011
1.13623046
1.13586425
1.14050292
1.13635253
1.13647460
1.13549804
1.13525390
1.14135742
1.13403320
1.14111328
1.13806152
1.14489746
1.13940429
1.14099121
1.14233398
1.13562011
1.13891601
1.13806152
1.13549804
1.13854980
1.13610839
1.13500976
1.13623046
1.13671875
1.13415527
1.14721679
1.13989257
1.13671875
1.14208984
1.13696289
1.13439941
1.13977050
1.13757324
1.13745117
1.14697265
1.13977050
1.13635253
1.13476562
1.13867187
1.13696289
1.13659667
1.14489746
1.13549804
1.13623046
1.13720703
1.13684082
1.13574218
1.13623046
1.14746093
1.13964843
1.14001464
1.13488769
1.13415527
1.13574218
1.13830566
1.13647460
1.13366699
1.13623046
1.13720703
1.13684082
1.13623046
1.14123535
1.13635253
1.14538574
1.13647460
1.13476562
1.13781738
1.13684082
1.13586425
1.13574218
1.13598632
1.13867187
1.13708496
1.13989257
1.13977050
1.14147949
1.14086914
1.13586425
1.14001464
1.14770507
1.13476562
1.13623046
1.13830566
1.13818359
1.14416503
1.14050292
1.13745117
1.13598632
1.13562011
1.13623046
1.13586425
1.13659667
1.13720703
1.13647460
1.13574218
1.14172363
1.13708496
1.13684082
1.13549804
1.13586425
1.13586425
1.13562011
1.13464355
1.14062500
1.13598632
1.13586425
1.14086914
1.13684082
1.13671875
1.14697265
1.13952636
1.13476562
1.13854980
1.13647460
1.13598632
1.14685058
1.13610839
1.13940429
1.13793945
1.13916015
1.13623046
1.14111328
1.13598632
1.13928222
1.13793945
1.13586425
1.13684082
1.14648437
1.13684082
1.14318847
1.14514160
1.14733886
1.13659667
1.14160156
1.13549804
1.13793945
1.13378906
1.13586425
1.13439941
1.13684082
1.14135742
1.13562011
1.13476562
1.13610839
1.13525390
1.14465332
1.14208984
1.14489746
1.13354492
1.13671875
1.13818359
1.13610839
1.14306640
1.13757324
1.14270019
1.13610839
1.14013671
1.13586425
1.14099121
1.13647460
1.13537597
1.13928222
1.14196777
1.13989257
1.14355468
1.13647460
1.14660644
1.13562011
1.13781738
1.13586425
1.13659667
1.13928222
1.13635253
1.14123535
1.14892578
1.13781738
1.13708496
1.13769531
1.13549804
1.13635253
1.13635253
1.13610839
1.14062500
1.14147949
1.13671875
1.13598632
1.13928222
1.13439941
1.13696289
