1.14111328
1.13940429
1.14099121
1.13354492
1.13745117
1.13647460
1.13732910
1.13635253
1.13537597
1.13488769
1.13684082
1.14025878
1.13708496
1.13769531
1.13671875
1.13598632
1.13818359
1.13635253
1.13659667
1.13745117
1.14648437
1.13598632
1.13684082
1.13635253
1.13806152
1.13500976
1.13598632
1.13562011
1.13391113
1.13500976
1.13586425
1.13562011
1.14074707
1.13549804
1.13671875
1.13488769
1.13964843
1.13720703
1.13916015
1.13549804
1.13879394
1.13916015
1.13732910
1.13537597
1.14025878
1.14404296
1.14428710
1.14038085
1.13610839
1.13513183
1.13659667
1.13745117
1.14147949
1.13952636
1.13745117
1.13500976
1.13647460
1.13928222
1.13671875
1.13574218
1.14221191
1.13964843
1.13598632
1.13964843
1.13793945
1.13732910
1.13745117
1.13732910
1.13891601
1.13732910
1.13659667
1.13574218
1.13635253
1.13537597
1.13403320
1.13818359
1.13610839
1.13842773
1.13647460
1.13610839
1.13623046
1.13769531
1.13500976
1.13610839
1.13623046
1.13842773
1.14062500
1.14624023
1.13415527
1.14038085
1.13745117
1.13708496
1.14331054
1.13830566
1.13867187
1.14086914
1.13732910
1.13586425
1.13635253
1.13623046
1.13378906
1.13574218
1.13537597
1.13879394
1.14672851
1.14404296
1.14843750
1.13879394
1.13610839
1.13745117
1.13977050
1.13366699
1.13647460
1.14062500
1.13610839
1.13598632
1.13720703
1.13769531
1.13745117
1.13574218
1.13574218
1.14147949
1.13793945
1.13757324
1.13708496
1.13903808
1.13439941
1.13696289
1.13623046
1.14611816
1.13635253
1.13806152
1.13769531
1.13732910
1.14746093
1.13488769
1.13586425
1.13757324
1.13623046
1.13647460
1.14416503
1.14123535
1.13867187
1.13781738
1.13537597
1.13684082
1.14099121
1.13500976
1.14660644
1.13830566
1.13684082
1.14013671
1.14013671
1.13537597
1.13757324
1.13500976
1.13537597
1.13720703
1.13513183
1.13671875
1.13623046
1.13732910
1.13488769
1.13464355
1.13793945
1.13610839
1.13391113
1.13684082
1.14489746
1.13452148
1.13708496
1.13879394
1.14245605
1.14086914
1.13720703
1.13610839
1.13647460
1.13879394
1.14550781
1.14001464
1.13940429
1.14013671
1.14587402
1.13732910
1.13867187
1.13647460
1.13427734
1.14318847
1.13891601
1.13623046
1.13952636
1.13684082
1.14514160
1.13964843
1.13562011
1.14062500
1.13476562
1.13354492
1.13574218
1.14331054
