1.13232421
1.13330078
1.13342285
1.13342285
1.13415527
1.13378906
1.13378906
1.13305664
1.13378906
1.13452148
1.13513183
1.13391113
1.13464355
1.13391113
1.13378906
1.13342285
1.13354492
1.13488769
1.13452148
1.13256835
1.13427734
1.13403320
1.13391113
1.13330078
1.13378906
1.13317871
1.13330078
1.13366699
1.13354492
1.13330078
1.13293457
1.13305664
1.13305664
1.13366699
1.13354492
1.13452148
1.13354492
1.13391113
1.13415527
1.13330078
1.13464355
1.13391113
1.13427734
1.13378906
1.13562011
1.13464355
1.13366699
1.13293457
1.13452148
1.13415527
1.13317871
1.13378906
1.13488769
1.13378906
1.13439941
1.13000488
1.13305664
1.13452148
1.13317871
1.13366699
1.13403320
1.13513183
1.13500976
1.13586425
1.13476562
1.13378906
1.13378906
1.13403320
1.13476562
1.13439941
1.13452148
1.13403320
1.13330078
1.13439941
1.13427734
1.13464355
1.13476562
1.13330078
1.13415527
1.13562011
1.13476562
1.13476562
1.13537597
1.13305664
1.13464355
1.13317871
1.13635253
1.13342285
1.13513183
1.13513183
1.13513183
1.13415527
1.13378906
1.13537597
1.13500976
1.12829589
1.13537597
1.13281250
1.13415527
1.13415527
1.13464355
1.13378906
1.13244628
1.13500976
1.13342285
1.13366699
1.13464355
1.13415527
1.13391113
1.13439941
1.13378906
1.13366699
1.13415527
1.13293457
1.13452148
1.12780761
1.13439941
1.13488769
1.13464355
1.13537597
1.13427734
1.13439941
1.13452148
1.13354492
1.13330078
1.13488769
1.13549804
1.13391113
1.13464355
1.13452148
1.13354492
1.13452148
1.13464355
1.13513183
1.13330078
1.13281250
1.13464355
1.13378906
1.13500976
1.13476562
1.13500976
1.13378906
1.13403320
1.13415527
1.13354492
1.13525390
1.13500976
1.13317871
1.13439941
1.13574218
1.13269042
1.13427734
1.13513183
1.13537597
1.13317871
1.13439941
1.12866210
1.13403320
1.13439941
1.13537597
1.13464355
1.13378906
1.13256835
1.13476562
1.14013671
1.13464355
1.13452148
1.13378906
1.12890625
1.13476562
1.13488769
1.13464355
1.13317871
1.13403320
1.13476562
1.13537597
1.13366699
1.13330078
1.13342285
1.13439941
1.13476562
1.13464355
1.13244628
1.13391113
1.13415527
1.13476562
1.13500976
1.13525390
1.13317871
1.13439941
1.13476562
1.13513183
1.13513183
1.13415527
1.13378906
1.13464355
1.13439941
1.13537597
1.13427734
1.13476562
