1.13488769
1.13525390
1.13354492
1.13439941
1.13537597
1.13464355
1.13488769
1.13549804
1.13464355
1.13391113
1.13488769
1.13378906
1.13525390
1.13635253
1.13488769
1.13476562
1.13378906
1.13378906
1.13562011
1.13513183
1.13488769
1.12939453
1.13476562
1.13562011
1.13464355
1.13391113
1.13452148
1.13488769
1.13439941
1.13513183
1.13293457
1.13317871
1.13317871
1.13354492
1.13391113
1.13378906
1.13305664
1.13391113
1.13415527
1.13427734
1.13415527
1.13305664
1.13403320
1.13415527
1.13391113
1.13403320
1.13476562
1.13378906
1.13513183
1.13488769
1.13427734
1.13281250
1.13439941
1.13464355
1.13439941
1.13415527
1.13439941
1.13342285
1.13354492
1.13354492
1.13427734
1.13305664
1.13391113
1.13415527
1.13366699
1.13439941
1.13549804
1.13269042
1.13378906
1.13403320
1.13317871
1.13305664
1.13293457
1.13366699
1.13439941
1.13415527
1.13293457
1.13330078
1.13330078
1.13305664
1.13513183
1.13562011
1.13513183
1.13549804
1.13012695
1.13464355
1.13574218
1.13281250
1.13513183
1.13464355
1.13513183
1.13452148
1.13537597
1.12927246
1.12915039
1.13500976
1.13134765
1.13049316
1.13012695
1.13537597
1.12951660
1.13500976
1.13073730
1.13037109
1.13159179
1.13085937
1.13049316
1.13085937
1.12133789
1.12133789
1.12121582
1.12121582
1.12207031
1.12243652
1.12072753
1.12036132
1.12194824
1.12121582
1.12158203
1.12219238
1.11706542
1.11706542
1.11901855
1.11828613
1.11767578
1.12121582
1.12231445
1.12219238
1.12036132
1.13525390
1.13549804
1.13659667
1.13403320
1.13586425
1.13537597
1.13403320
1.13476562
1.13500976
1.13452148
1.13574218
1.13500976
1.13513183
1.13537597
1.13452148
1.13574218
1.14050292
1.13476562
1.13476562
1.13562011
1.13476562
1.13537597
1.13537597
1.13549804
1.13452148
1.13134765
1.13476562
1.13574218
1.13537597
1.13464355
1.11743164
1.12145996
1.13598632
1.13745117
1.13598632
1.13391113
1.13598632
1.12829589
1.13513183
1.13452148
1.13500976
1.13549804
1.13513183
1.13671875
1.13525390
1.13403320
1.13549804
1.13012695
1.13586425
1.13500976
1.13623046
1.13549804
1.13623046
1.13476562
1.13562011
1.13574218
1.13427734
1.13610839
1.13537597
1.13586425
1.13598632
1.13623046
1.13513183
1.13574218
1.13427734
1.13391113
1.13574218
1.13500976
1.13513183
1.13525390
1.13598632
