1.13403320
1.13500976
1.13562011
1.13403320
1.13439941
1.13476562
1.13403320
1.13500976
1.13403320
1.13000488
1.13488769
1.13439941
1.13537597
1.13464355
1.13549804
1.13403320
1.13549804
1.13549804
1.13586425
1.13500976
1.13378906
1.13549804
1.13598632
1.13464355
1.13427734
1.13537597
1.13476562
1.12963867
1.13378906
1.13403320
1.13391113
1.13403320
1.13464355
1.13244628
1.13281250
1.13415527
1.13452148
1.13464355
1.13391113
1.13415527
1.13452148
1.13452148
1.13415527
1.13500976
1.13391113
1.13305664
1.13403320
1.13391113
1.13342285
1.13476562
1.13427734
1.13476562
1.13439941
1.13293457
1.13549804
1.13464355
1.13476562
1.13378906
1.13134765
1.13378906
1.13500976
1.13415527
1.13464355
1.13293457
1.13342285
1.13427734
1.13439941
1.13317871
1.13342285
1.13391113
1.13391113
1.13330078
1.13415527
1.13403320
1.13415527
1.13354492
1.13439941
1.13317871
1.13342285
1.13354492
1.13403320
1.13403320
1.13403320
1.13378906
1.13293457
1.13317871
1.13378906
1.13366699
1.13500976
1.13476562
1.13452148
1.13403320
1.13415527
1.13354492
1.13464355
1.13525390
1.13549804
1.13415527
1.13610839
1.13000488
1.13500976
1.13391113
1.13476562
1.13024902
1.13488769
1.13049316
1.13073730
1.13000488
1.13525390
1.13134765
1.12207031
1.12145996
1.12084960
1.12072753
1.11791992
1.11755371
1.11730957
1.11657714
1.11755371
1.11889648
1.11791992
1.11938476
1.11718750
1.11840820
1.11633300
1.12133789
1.12023925
1.12060546
1.12060546
1.13391113
1.13818359
1.13549804
1.13500976
1.13391113
1.13464355
1.13500976
1.13366699
1.13330078
1.13952636
1.13500976
1.13378906
1.13464355
1.13476562
1.13391113
1.13562011
1.13391113
1.13354492
1.13574218
1.13513183
1.13427734
1.13525390
1.13574218
1.13500976
1.13500976
1.13891601
1.13537597
1.13378906
1.13293457
1.13403320
1.13305664
1.13366699
1.13415527
1.13452148
1.13391113
1.13366699
1.13293457
1.13293457
1.13391113
1.13354492
1.13293457
1.13427734
1.13415527
1.13317871
1.13342285
1.13439941
1.13391113
1.13305664
1.13342285
1.13378906
1.13342285
1.13439941
1.13244628
1.13293457
1.13427734
1.13427734
1.13317871
1.13403320
1.13391113
1.13330078
1.13342285
1.13452148
1.13391113
1.13305664
1.13464355
1.13342285
1.13317871
1.13488769
1.13317871
1.13427734
1.13317871
