1.13549804
1.13537597
1.13500976
1.13623046
1.13488769
1.13464355
1.13562011
1.13146972
1.13525390
1.13525390
1.13452148
1.13342285
1.13549804
1.13525390
1.13427734
1.13513183
1.13488769
1.13488769
1.13537597
1.13476562
1.13635253
1.12988281
1.13452148
1.13000488
1.13110351
1.13671875
1.13513183
1.13439941
1.13549804
1.13574218
1.13537597
1.13073730
1.13452148
1.13684082
1.13684082
1.13610839
1.13098144
1.13452148
1.13586425
1.13635253
1.13586425
1.13049316
1.13623046
1.13574218
1.13183593
1.13183593
1.13049316
1.13171386
1.13073730
1.13122558
1.13037109
1.13537597
1.12939453
1.13439941
1.13549804
1.13562011
1.13452148
1.13513183
1.13513183
1.13452148
1.13342285
1.13000488
1.13378906
1.13513183
1.13562011
1.13513183
1.13488769
1.13513183
1.13464355
1.13537597
1.13403320
1.13500976
1.13549804
1.13574218
1.13439941
1.12951660
1.13488769
1.13537597
1.13403320
1.13366699
1.13537597
1.13464355
1.13488769
1.13342285
1.13464355
1.13415527
1.13562011
1.13586425
1.13134765
1.13476562
1.13586425
1.13598632
1.12915039
1.13061523
1.13098144
1.13574218
1.12963867
1.13110351
1.13195800
1.13293457
1.13220214
1.13610839
1.13183593
1.13281250
1.13183593
1.12182617
1.11718750
1.12109375
1.12255859
1.11730957
1.11791992
1.11560058
1.11791992
1.11621093
1.11730957
1.11767578
1.11572265
1.12060546
1.11926269
1.11999511
1.13500976
1.13549804
1.13391113
1.13452148
1.13562011
1.14013671
1.13452148
1.13537597
1.13586425
1.13415527
1.13452148
1.13562011
1.13427734
1.14001464
1.13537597
1.13378906
1.13562011
1.13537597
1.13342285
1.13439941
1.13610839
1.13940429
1.13513183
1.13525390
1.13525390
1.11853027
1.13391113
1.13415527
1.13989257
1.13391113
1.13513183
1.13378906
1.13366699
1.13415527
1.13549804
1.13415527
1.13513183
1.13537597
1.13562011
1.13391113
1.13476562
1.13464355
1.13305664
1.13513183
1.13525390
1.13513183
1.13525390
1.13281250
1.13464355
1.13537597
1.13537597
1.13427734
1.13464355
1.13476562
1.13537597
1.13452148
1.13500976
1.13500976
1.13818359
1.13500976
1.13452148
1.13391113
1.13476562
1.13366699
1.13403320
1.13549804
1.13403320
1.13330078
1.13464355
1.13427734
1.13354492
1.13305664
1.13537597
1.13391113
1.13171386
1.13427734
1.13354492
1.13305664
1.13464355
1.13439941
