1.12988281
1.13513183
1.13439941
1.13391113
1.13439941
1.13403320
1.13378906
1.13513183
1.13586425
1.13415527
1.13427734
1.13403320
1.13439941
1.13427734
1.13366699
1.13391113
1.13452148
1.13439941
1.13500976
1.13574218
1.13476562
1.13342285
1.13427734
1.13476562
1.13488769
1.13378906
1.13464355
1.13269042
1.13269042
1.13391113
1.13269042
1.13342285
1.13281250
1.13793945
1.13806152
1.13305664
1.13378906
1.13378906
1.13305664
1.13378906
1.13500976
1.13378906
1.13439941
1.13317871
1.13378906
1.13342285
1.13354492
1.13342285
1.13330078
1.13269042
1.13208007
1.13354492
1.13305664
1.13159179
1.13366699
1.13366699
1.13330078
1.13354492
1.13378906
1.13391113
1.13330078
1.13342285
1.13220214
1.13330078
1.13232421
1.13269042
1.13403320
1.13342285
1.13769531
1.13366699
1.13427734
1.13305664
1.13391113
1.13330078
1.13366699
1.13330078
1.13269042
1.13330078
1.13220214
1.13366699
1.13391113
1.13354492
1.13806152
1.13342285
1.13256835
1.13330078
1.13378906
1.13208007
1.13330078
1.13415527
1.13049316
1.13452148
1.13549804
1.13439941
1.13476562
1.13110351
1.13623046
1.12866210
1.13549804
1.13134765
1.13012695
1.13146972
1.13037109
1.12939453
1.13574218
1.13574218
1.13012695
1.13012695
1.13073730
1.13073730
1.13037109
1.12158203
1.12011718
1.12145996
1.12097167
1.12170410
1.12158203
1.12133789
1.12097167
1.12011718
1.13134765
1.12048339
1.12072753
1.13012695
1.13098144
1.13098144
1.13049316
1.13525390
1.13122558
1.13427734
1.13012695
1.12939453
1.13146972
1.13134765
1.13452148
1.13098144
1.13427734
1.13073730
1.13513183
1.12084960
1.11621093
1.11596679
1.11596679
1.11682128
1.11975097
1.11584472
1.11511230
1.11975097
1.13012695
1.13500976
1.13476562
1.13525390
1.13525390
1.13476562
1.13476562
1.13488769
1.13354492
1.13427734
1.13513183
1.13415527
1.13500976
1.13488769
1.13403320
1.13378906
1.13525390
1.12976074
1.13488769
1.13330078
1.13415527
1.13403320
1.13562011
1.13391113
1.13525390
1.13378906
1.13378906
1.13378906
1.13574218
1.13305664
1.13500976
1.11950683
1.13354492
1.13464355
1.13427734
1.13439941
1.13427734
1.13391113
1.13354492
1.13549804
1.13439941
1.13378906
1.13500976
1.13391113
1.13354492
1.13439941
1.13452148
1.13452148
1.12878417
1.13439941
1.12963867
1.13256835
