1.27319335
1.26464843
1.26965332
1.27709960
1.27783203
1.26574707
1.26965332
1.27929687
1.27929687
1.26721191
1.27941894
1.27795410
1.26440429
1.26403808
1.27783203
1.27343750
1.27429199
1.26391601
1.26416015
1.26110839
1.26318359
1.26354980
1.26049804
1.27941894
1.27770996
1.27673339
1.26416015
1.26794433
1.26281738
1.26281738
1.26196289
1.27319335
1.26232910
1.27526855
1.26354980
1.26293945
1.26416015
1.26269531
1.26416015
1.26513671
1.26342773
1.26391601
1.26416015
1.26513671
1.26647949
1.27856445
1.27685546
1.27429199
1.27819824
1.27587890
1.26489257
1.26525878
1.27294921
1.27478027
1.27746582
1.28051757
1.26281738
1.27392578
1.25927734
1.25073242
1.25842285
1.26110839
1.26098632
1.25720214
1.26037597
1.26110839
1.25939941
1.27551269
1.25451660
1.27978515
1.26452636
1.27929687
1.26477050
1.27563476
1.26269531
1.26306152
1.26379394
1.26647949
1.26330566
1.26464843
1.26306152
1.26416015
1.27624511
1.26428222
1.27844238
1.27758789
1.27563476
1.26232910
1.27416992
1.26293945
1.27441406
1.25610351
1.26538085
1.27307128
1.26416015
1.26708984
1.25854492
1.26135253
1.27416992
1.27917480
1.27185058
1.26416015
1.26184082
1.27319335
1.27709960
1.26452636
1.27807617
1.26855468
1.27734375
1.26403808
1.27685546
1.27441406
1.26538085
1.27941894
1.27917480
1.25805664
1.25256347
1.26416015
1.26660156
1.26391601
1.26293945
1.27355957
1.26293945
1.27697753
1.25854492
1.27917480
1.27209472
1.26293945
1.27709960
1.26843261
1.26599121
1.26806640
1.26245117
1.25500488
1.26391601
1.26464843
1.27563476
1.26330566
1.26306152
1.27807617
1.26293945
1.27673339
1.25817871
1.26110839
1.26171875
1.26147460
1.26379394
1.26489257
1.26892089
1.26464843
1.26428222
1.27685546
1.25976562
1.27441406
1.28088378
1.26708984
1.26452636
1.26586914
1.26757812
1.27355957
1.26293945
1.26538085
1.26428222
1.26538085
1.26953125
1.27929687
1.27673339
1.27868652
1.26586914
1.26306152
1.26232910
1.26330566
1.26281738
1.26416015
1.26416015
1.26416015
1.26330566
1.26721191
1.25561523
1.25683593
1.27795410
1.27868652
1.26428222
1.27197265
1.27502441
1.26232910
1.27758789
1.26184082
1.26599121
1.26354980
1.26293945
1.26293945
1.26647949
1.26635742
1.25805664
1.26232910
1.27685546
1.26208496
1.26416015
1.27648925
