1.27587890
1.27905273
1.27929687
1.27673339
1.27917480
1.26831054
1.26586914
1.26733398
1.26623535
1.26538085
1.27551269
1.27917480
1.26342773
1.27734375
1.26354980
1.27697753
1.27197265
1.27685546
1.27783203
1.26416015
1.27587890
1.26306152
1.27673339
1.27709960
1.26232910
1.26403808
1.27343750
1.27795410
1.26232910
1.27807617
1.26135253
1.27917480
1.27795410
1.26232910
1.26379394
1.27551269
1.26721191
1.26525878
1.26367187
1.26293945
1.26757812
1.26477050
1.26171875
1.26354980
1.26403808
1.26196289
1.26440429
1.26208496
1.26049804
1.24719238
1.27807617
1.25329589
1.26354980
1.25463867
1.25451660
1.26562500
1.25683593
1.26538085
1.27807617
1.26416015
1.25329589
1.27673339
1.26196289
1.26306152
1.27917480
1.26489257
1.26403808
1.27734375
1.26403808
1.27807617
1.26342773
1.26538085
1.26232910
1.27673339
1.27795410
1.25366210
1.27807617
1.25976562
1.26049804
1.27807617
1.25817871
1.25695800
1.26660156
1.27917480
1.27807617
1.26171875
1.27929687
1.25805664
1.26367187
1.26489257
1.26611328
1.27673339
1.26416015
1.25817871
1.27758789
1.26379394
1.27929687
1.27673339
1.27709960
1.27917480
1.26440429
1.26428222
1.26464843
1.25659179
1.27795410
1.27722167
1.26464843
1.26062011
1.25817871
1.25964355
1.25805664
1.26257324
1.26538085
1.26855468
1.27697753
1.25976562
1.25305175
1.27880859
1.27954101
1.27819824
1.25952148
1.26123046
1.25793457
1.26208496
1.26062011
1.27441406
1.26025390
1.27478027
1.27185058
1.27587890
1.26794433
1.27893066
1.27551269
1.27087402
1.27673339
1.26330566
1.27770996
1.26354980
1.25927734
1.26477050
1.26953125
1.26232910
1.27185058
1.25805664
1.26403808
1.25463867
1.26257324
1.26159667
1.25671386
1.26257324
1.27673339
1.26428222
1.27905273
1.27929687
1.27905273
1.27697753
1.27807617
1.27197265
1.27856445
1.26062011
1.27990722
1.27673339
1.27294921
1.26037597
1.26464843
1.25329589
1.26550292
1.26464843
1.26171875
1.26184082
1.26611328
1.27795410
1.27807617
1.27624511
1.27929687
1.26354980
1.26440429
1.26538085
1.26354980
1.27832031
1.26855468
1.26379394
1.27770996
1.27001953
1.26733398
1.26708984
1.26611328
1.26477050
1.26379394
1.26220703
1.27111816
1.27282714
1.26379394
1.26403808
1.26477050
1.26379394
1.26489257
1.26416015
1.27673339
1.26965332
