1.27685546
1.26184082
1.26098632
1.27819824
1.26354980
1.27587890
1.26538085
1.27832031
1.25842285
1.27856445
1.27783203
1.26708984
1.26672363
1.25793457
1.26171875
1.27795410
1.27661132
1.26660156
1.26281738
1.26135253
1.26037597
1.26000976
1.26257324
1.26220703
1.27783203
1.26171875
1.26416015
1.26293945
1.26525878
1.25317382
1.26391601
1.27929687
1.27648925
1.27307128
1.26635742
1.26354980
1.27978515
1.26196289
1.27563476
1.26428222
1.27734375
1.26318359
1.27734375
1.26318359
1.27819824
1.26525878
1.26184082
1.26062011
1.27551269
1.26757812
1.26171875
1.26428222
1.26293945
1.26916503
1.27807617
1.26831054
1.27868652
1.27917480
1.27624511
1.26379394
1.27734375
1.26538085
1.27673339
1.26428222
1.26428222
1.27697753
1.26538085
1.26306152
1.25451660
1.26354980
1.27673339
1.27185058
1.26623535
1.26379394
1.26342773
1.27551269
1.27929687
1.26623535
1.27685546
1.26977539
1.26489257
1.26257324
1.26232910
1.26354980
1.27990722
1.27917480
1.27746582
1.26440429
1.27783203
1.26342773
1.27612304
1.26171875
1.27917480
1.27795410
1.27929687
1.27807617
1.26293945
1.27075195
1.26464843
1.27807617
1.27893066
1.27587890
1.26416015
1.28088378
1.26281738
1.27673339
1.26342773
1.27673339
1.26330566
1.27563476
1.27929687
1.27783203
1.26953125
1.26306152
1.26269531
1.27856445
1.27172851
1.27587890
1.27795410
1.28015136
1.27868652
1.27917480
1.26330566
1.28039550
1.26293945
1.26232910
1.26440429
1.27734375
1.26293945
1.25451660
1.26416015
1.26306152
1.27795410
1.26843261
1.27673339
1.26318359
1.27673339
1.26354980
1.25976562
1.26403808
1.27807617
1.27917480
1.27819824
1.27917480
1.27563476
1.27185058
1.26171875
1.27722167
1.24963378
1.26171875
1.25683593
1.26062011
1.25976562
1.25354003
1.27441406
1.27978515
1.27734375
1.27807617
1.26293945
1.26513671
1.26171875
1.25463867
1.27563476
1.26416015
1.25695800
1.25451660
1.26306152
1.27917480
1.26342773
1.26354980
1.26452636
1.26416015
1.26440429
1.26281738
1.27307128
1.26416015
1.25817871
1.26806640
1.26232910
1.27966308
1.25329589
1.27929687
1.26245117
1.27673339
1.26440429
1.26049804
1.26062011
1.25439453
1.27807617
1.25451660
1.26586914
1.26416015
1.26489257
1.27978515
1.26538085
1.26513671
1.26416015
1.26464843
1.25659179
1.26232910
