1.26123046
1.27331542
1.26025390
1.26892089
1.26074218
1.26049804
1.27673339
1.27197265
1.26098632
1.26354980
1.27465820
1.27014160
1.26721191
1.27661132
1.27453613
1.27673339
1.26831054
1.27929687
1.26232910
1.26428222
1.26306152
1.27697753
1.26232910
1.27612304
1.26306152
1.26965332
1.27807617
1.27929687
1.26525878
1.26354980
1.27685546
1.26269531
1.27722167
1.26159667
1.27563476
1.27673339
1.27758789
1.26416015
1.26501464
1.26318359
1.27661132
1.26464843
1.26416015
1.27856445
1.27673339
1.25769042
1.28283691
1.27563476
1.26354980
1.27514648
1.27673339
1.27209472
1.26428222
1.27294921
1.26354980
1.25573730
1.27636718
1.27209472
1.27697753
1.26452636
1.26538085
1.27917480
1.26269531
1.26953125
1.27795410
1.28051757
1.27282714
1.28161621
1.27893066
1.27917480
1.28002929
1.27917480
1.26477050
1.28015136
1.28027343
1.26416015
1.26452636
1.26416015
1.27783203
1.26403808
1.27795410
1.26171875
1.27758789
1.27783203
1.27880859
1.26513671
1.27673339
1.25317382
1.27563476
1.27832031
1.26416015
1.27685546
1.25805664
1.26391601
1.26342773
1.27697753
1.26660156
1.26586914
1.26342773
1.26416015
1.26464843
1.27978515
1.26635742
1.27905273
1.27832031
1.26940917
1.28149414
1.27917480
1.27917480
1.25085449
1.25341796
1.26977539
1.27636718
1.27929687
1.27795410
1.27746582
1.27673339
1.27709960
1.27673339
1.26599121
1.27844238
1.26379394
1.27856445
1.26354980
1.26599121
1.26464843
1.26428222
1.26232910
1.26196289
1.26599121
1.26525878
1.27673339
1.27893066
1.27795410
1.27893066
1.27307128
1.26464843
1.26391601
1.26123046
1.26477050
1.26342773
1.26342773
1.26354980
1.27929687
1.25805664
1.26196289
1.26538085
1.25610351
1.26269531
1.26293945
1.25805664
1.27038574
1.25988769
1.27441406
1.24511718
1.27062988
1.27307128
1.27319335
1.26098632
1.26110839
1.26013183
1.25976562
1.26464843
1.26245117
1.26232910
1.26354980
1.26403808
1.27368164
1.26672363
1.27770996
1.26538085
1.28039550
1.26708984
1.26391601
1.27734375
1.27697753
1.26452636
1.27783203
1.27990722
1.27185058
1.26354980
1.27893066
1.26293945
1.26416015
1.26098632
1.26000976
1.25756835
1.27807617
1.26525878
1.27673339
1.26464843
1.25939941
1.26293945
1.27355957
1.26416015
1.27734375
1.26171875
1.27795410
1.26232910
1.26293945
