1.28051757
1.26501464
1.26049804
1.27160644
1.26171875
1.26123046
1.26293945
1.26110839
1.27026367
1.27795410
1.27917480
1.27673339
1.27917480
1.27941894
1.27917480
1.25268554
1.25561523
1.27929687
1.27905273
1.27856445
1.26452636
1.27722167
1.25805664
1.27600097
1.27673339
1.26354980
1.27917480
1.27624511
1.25683593
1.27795410
1.27685546
1.26489257
1.26477050
1.26879882
1.26025390
1.26184082
1.26306152
1.27441406
1.26049804
1.27319335
1.27563476
1.27441406
1.24670410
1.25329589
1.25866699
1.27233886
1.26538085
1.27685546
1.26245117
1.26367187
1.27307128
1.26806640
1.26708984
1.25830078
1.26464843
1.27795410
1.26306152
1.27514648
1.26367187
1.27697753
1.26330566
1.26525878
1.27661132
1.26037597
1.26831054
1.27172851
1.26623535
1.27917480
1.27917480
1.27416992
1.26232910
1.27917480
1.26184082
1.27795410
1.26208496
1.26171875
1.26562500
1.26538085
1.26525878
1.27673339
1.27099609
1.27978515
1.26342773
1.27844238
1.26135253
1.27673339
1.26269531
1.26293945
1.26538085
1.27233886
1.27844238
1.26843261
1.26428222
1.26538085
1.27770996
1.26660156
1.27685546
1.26232910
1.26171875
1.26098632
1.25354003
1.26306152
1.25219726
1.25683593
1.26403808
1.26538085
1.27807617
1.27783203
1.26184082
1.27673339
1.27185058
1.26586914
1.26599121
1.27770996
1.27770996
1.27868652
1.27673339
1.27954101
1.26440429
1.25122070
1.26440429
1.27673339
1.26391601
1.26477050
1.27136230
1.24963378
1.26574707
1.27795410
1.27917480
1.26110839
1.27917480
1.27917480
1.27307128
1.27685546
1.27795410
1.27954101
1.27319335
1.27941894
1.27685546
1.27709960
1.27673339
1.27929687
1.26379394
1.25708007
1.27807617
1.26354980
1.25451660
1.26525878
1.27807617
1.26293945
1.26403808
1.27685546
1.26416015
1.26074218
1.25378417
1.27905273
1.26342773
1.27807617
1.26354980
1.27673339
1.26354980
1.27600097
1.26354980
1.27685546
1.26232910
1.26306152
1.26354980
1.27673339
1.26245117
1.26538085
1.26318359
1.27929687
1.28149414
1.26379394
1.27673339
1.27136230
1.26354980
1.27795410
1.26354980
1.27526855
1.26037597
1.29125976
1.26147460
1.26538085
1.27795410
1.27770996
1.27319335
1.26342773
1.26159667
1.27429199
1.26013183
1.27307128
1.25695800
1.24841308
1.26171875
1.27551269
1.26550292
1.26489257
1.26342773
1.26416015
