1.26892089
1.26464843
1.27270507
1.27917480
1.28149414
1.26342773
1.28027343
1.26208496
1.27795410
1.26440429
1.27685546
1.26245117
1.27905273
1.27062988
1.26318359
1.27551269
1.27709960
1.27722167
1.26757812
1.25720214
1.26464843
1.26745605
1.26159667
1.27795410
1.26184082
1.25402832
1.26342773
1.27941894
1.26416015
1.27917480
1.27551269
1.27807617
1.26831054
1.27783203
1.26232910
1.26306152
1.27868652
1.26342773
1.25329589
1.26354980
1.26171875
1.26062011
1.25732421
1.28039550
1.26403808
1.26586914
1.27685546
1.26794433
1.26599121
1.27917480
1.26416015
1.26306152
1.26477050
1.25793457
1.27917480
1.26342773
1.26513671
1.27014160
1.26477050
1.28051757
1.26464843
1.27600097
1.25842285
1.27941894
1.27795410
1.26281738
1.26403808
1.26098632
1.26367187
1.26220703
1.26416015
1.26428222
1.27612304
1.26477050
1.27917480
1.25451660
1.26293945
1.26586914
1.27783203
1.25610351
1.27490234
1.25683593
1.26049804
1.27563476
1.25866699
1.27319335
1.25439453
1.26159667
1.25903320
1.27209472
1.26354980
1.27673339
1.26831054
1.26159667
1.26220703
1.27551269
1.28051757
1.27612304
1.26354980
1.27441406
1.26123046
1.26721191
1.26062011
1.27673339
1.26696777
1.28173828
1.26281738
1.27844238
1.26245117
1.26403808
1.26635742
1.27294921
1.27258300
1.26464843
1.26416015
1.26696777
1.27807617
1.26281738
1.26269531
1.28063964
1.26452636
1.26611328
1.26599121
1.27917480
1.27917480
1.26464843
1.27502441
1.27319335
1.26037597
1.26306152
1.25671386
1.26245117
1.26611328
1.26440429
1.26391601
1.26257324
1.26257324
1.26220703
1.27795410
1.27197265
1.26232910
1.26538085
1.26147460
1.26110839
1.26843261
1.26940917
1.26586914
1.25085449
1.26306152
1.26354980
1.26538085
1.25988769
1.27453613
1.26452636
1.27856445
1.27807617
1.27795410
1.26281738
1.26171875
1.26843261
1.26232910
1.26257324
1.27673339
1.26660156
1.27795410
1.26354980
1.25415039
1.26403808
1.27685546
1.26257324
1.26660156
1.27905273
1.26220703
1.24926757
1.26318359
1.27026367
1.26330566
1.25366210
1.26916503
1.26599121
1.26220703
1.26965332
1.27770996
1.26635742
1.27734375
1.26342773
1.27673339
1.26354980
1.27685546
1.27941894
1.27673339
1.26354980
1.25451660
1.26611328
1.26586914
1.27783203
1.27661132
1.26135253
1.27673339
1.26513671
