1.27697753
1.26342773
1.27441406
1.27246093
1.25769042
1.27648925
1.25695800
1.27795410
1.26330566
1.27917480
1.26232910
1.27709960
1.26477050
1.26354980
1.27038574
1.26428222
1.26269531
1.26574707
1.26403808
1.26525878
1.26257324
1.26416015
1.26354980
1.27685546
1.26354980
1.27075195
1.27819824
1.27917480
1.26245117
1.26354980
1.25683593
1.26123046
1.27722167
1.26257324
1.27563476
1.26245117
1.26477050
1.26489257
1.27783203
1.26123046
1.27685546
1.26416015
1.26391601
1.26428222
1.25695800
1.26513671
1.27685546
1.26391601
1.27807617
1.26489257
1.26354980
1.28771972
1.26452636
1.27246093
1.27685546
1.26538085
1.27685546
1.27844238
1.27270507
1.27795410
1.27905273
1.27941894
1.27612304
1.27441406
1.26293945
1.26403808
1.26574707
1.27783203
1.26354980
1.26525878
1.26232910
1.26416015
1.27404785
1.26416015
1.27819824
1.26416015
1.26416015
1.26269531
1.26062011
1.27587890
1.27770996
1.25952148
1.26184082
1.25378417
1.27600097
1.25329589
1.26538085
1.26428222
1.26342773
1.26538085
1.26245117
1.27795410
1.26342773
1.27551269
1.26599121
1.26232910
1.26281738
1.27844238
1.26354980
1.27673339
1.26342773
1.26220703
1.27770996
1.26232910
1.27673339
1.26318359
1.27819824
1.27722167
1.27319335
1.28161621
1.26208496
1.27734375
1.27954101
1.25708007
1.27795410
1.28039550
1.27917480
1.27160644
1.27795410
1.27893066
1.26416015
1.27795410
1.26489257
1.27673339
1.26379394
1.28051757
1.27893066
1.26562500
1.27673339
1.27746582
1.27917480
1.27709960
1.26501464
1.27624511
1.26354980
1.27697753
1.26416015
1.27807617
1.26403808
1.27758789
1.25927734
1.26586914
1.26062011
1.27514648
1.26049804
1.27307128
1.25683593
1.27441406
1.27429199
1.26770019
1.26831054
1.26086425
1.27294921
1.26391601
1.26416015
1.27172851
1.27673339
1.27551269
1.27587890
1.27917480
1.27917480
1.27783203
1.26257324
1.26831054
1.26623535
1.27795410
1.26379394
1.27770996
1.26428222
1.25695800
1.26281738
1.26342773
1.26538085
1.25866699
1.27844238
1.26416015
1.27905273
1.26416015
1.27624511
1.26293945
1.26513671
1.27917480
1.26733398
1.27563476
1.27795410
1.26843261
1.26416015
1.26232910
1.27563476
1.26416015
1.27844238
1.26318359
1.27795410
1.26171875
1.26293945
1.25573730
1.26428222
1.25939941
1.26293945
1.26037597
