1.27441406
1.26586914
1.27416992
1.26330566
1.26416015
1.26367187
1.26843261
1.26293945
1.26708984
1.28039550
1.27661132
1.26477050
1.27795410
1.27807617
1.27685546
1.25561523
1.27624511
1.26293945
1.27807617
1.26269531
1.26562500
1.26318359
1.26501464
1.27795410
1.25451660
1.26416015
1.26538085
1.25793457
1.26281738
1.27050781
1.26660156
1.26416015
1.26354980
1.27441406
1.27807617
1.26416015
1.27795410
1.27075195
1.27563476
1.25891113
1.27441406
1.27624511
1.25891113
1.25891113
1.26110839
1.27526855
1.25988769
1.25207519
1.27917480
1.27648925
1.26416015
1.26660156
1.27917480
1.26489257
1.27917480
1.25866699
1.27783203
1.27795410
1.26086425
1.27441406
1.28039550
1.26989746
1.26428222
1.26171875
1.26721191
1.26916503
1.26525878
1.26611328
1.26708984
1.26245117
1.25830078
1.26232910
1.27917480
1.27770996
1.27917480
1.26550292
1.27795410
1.27783203
1.27844238
1.26293945
1.26391601
1.26208496
1.26660156
1.26049804
1.27807617
1.25329589
1.26416015
1.26538085
1.27050781
1.27990722
1.27209472
1.27905273
1.27124023
1.25805664
1.26342773
1.27807617
1.26232910
1.28063964
1.27001953
1.27807617
1.26110839
1.27917480
1.26672363
1.27929687
1.26403808
1.26391601
1.26745605
1.26623535
1.25561523
1.26464843
1.27441406
1.27795410
1.27856445
1.25415039
1.25329589
1.26745605
1.26757812
1.26721191
1.26586914
1.26477050
1.26416015
1.27746582
1.27746582
1.26220703
1.27795410
1.26147460
1.27783203
1.26477050
1.27600097
1.26342773
1.27795410
1.25219726
1.27441406
1.26599121
1.26525878
1.26428222
1.27673339
1.26135253
1.26867675
1.26086425
1.26855468
1.27197265
1.26477050
1.27441406
1.26501464
1.26110839
1.26538085
1.27978515
1.26391601
1.26416015
1.27917480
1.27734375
1.28039550
1.27673339
1.26232910
1.26513671
1.26208496
1.26403808
1.27966308
1.27343750
1.26220703
1.26562500
1.26843261
1.26672363
1.27307128
1.26611328
1.26232910
1.26721191
1.26232910
1.27929687
1.27673339
1.27783203
1.26049804
1.25805664
1.27795410
1.27795410
1.26354980
1.27673339
1.26220703
1.27380371
1.27502441
1.27172851
1.26110839
1.26184082
1.26416015
1.27197265
1.25842285
1.25866699
1.26171875
1.26269531
1.26513671
1.26293945
1.27490234
1.27929687
1.25341796
1.26538085
1.27319335
1.25927734
1.27331542
1.26318359
