1.26611328
1.26342773
1.27783203
1.26770019
1.26660156
1.26623535
1.26782226
1.26757812
1.26721191
1.26843261
1.26464843
1.27136230
1.26110839
1.27563476
1.27380371
1.27343750
1.25927734
1.27441406
1.27795410
1.26330566
1.26208496
1.26599121
1.27929687
1.26379394
1.26464843
1.26733398
1.26501464
1.26525878
1.27893066
1.26538085
1.25280761
1.26452636
1.26477050
1.26196289
1.27856445
1.26342773
1.27709960
1.27685546
1.26354980
1.27563476
1.27795410
1.26171875
1.25817871
1.26428222
1.26293945
1.27685546
1.26354980
1.26416015
1.26538085
1.27807617
1.26220703
1.27392578
1.26354980
1.26367187
1.27697753
1.26599121
1.26672363
1.26403808
1.25683593
1.26464843
1.26538085
1.26464843
1.26416015
1.26232910
1.28051757
1.26342773
1.29626464
1.26477050
1.27929687
1.26379394
1.27917480
1.27209472
1.26354980
1.26635742
1.26464843
1.28051757
1.26843261
1.26684570
1.26904296
1.26611328
1.27746582
1.26391601
1.27709960
1.26159667
1.28051757
1.27648925
1.26928710
1.27893066
1.25952148
1.27563476
1.27856445
1.26245117
1.27661132
1.26306152
1.26416015
1.26184082
1.26062011
1.27734375
1.25695800
1.26525878
1.26599121
1.27770996
1.26245117
1.26452636
1.26220703
1.25683593
1.26635742
1.26318359
1.26538085
1.27490234
1.27526855
1.26892089
1.27807617
1.27795410
1.26452636
1.26416015
1.25500488
1.26293945
1.26586914
1.27673339
1.26464843
1.26586914
1.26464843
1.27893066
1.26513671
1.27673339
1.27673339
1.27795410
1.27624511
1.27954101
1.26281738
1.26354980
1.26354980
1.26245117
1.27746582
1.27673339
1.25805664
1.26416015
1.26647949
1.26452636
1.26416015
1.27941894
1.26367187
1.26708984
1.26586914
1.27416992
1.25976562
1.27453613
1.25976562
1.25793457
1.27307128
1.27355957
1.27502441
1.27294921
1.25817871
1.27709960
1.28063964
1.27319335
1.26354980
1.27636718
1.27893066
1.27795410
1.27319335
1.27795410
1.26196289
1.26525878
1.26342773
1.26391601
1.26489257
1.26293945
1.27722167
1.26245117
1.27368164
1.26965332
1.26428222
1.26269531
1.26635742
1.26281738
1.26562500
1.28161621
1.26721191
1.27795410
1.26416015
1.26428222
1.26416015
1.27978515
1.26354980
1.27844238
1.26464843
1.27697753
1.26220703
1.26672363
1.26367187
1.26391601
1.26354980
1.26245117
1.27844238
1.28015136
1.26794433
1.27673339
