1.26513671
1.26464843
1.26269531
1.25329589
1.27807617
1.27795410
1.27844238
1.27929687
1.28039550
1.26403808
1.26525878
1.25878906
1.26062011
1.25939941
1.26037597
1.27661132
1.26416015
1.27954101
1.26550292
1.27441406
1.28173828
1.27941894
1.27941894
1.27917480
1.27954101
1.27673339
1.26928710
1.27990722
1.26672363
1.26757812
1.26477050
1.26965332
1.27563476
1.26354980
1.27038574
1.28002929
1.26171875
1.27844238
1.26245117
1.26354980
1.26293945
1.27795410
1.26538085
1.26354980
1.27673339
1.26245117
1.27685546
1.26440429
1.26745605
1.26708984
1.27905273
1.27783203
1.27673339
1.24951171
1.26281738
1.26416015
1.26342773
1.27062988
1.26403808
1.26525878
1.27038574
1.27392578
1.26586914
1.27673339
1.27795410
1.26232910
1.27624511
1.26464843
1.26208496
1.26708984
1.26220703
1.28027343
1.26416015
1.27124023
1.27319335
1.26965332
1.27734375
1.26232910
1.27807617
1.27563476
1.26184082
1.26428222
1.26428222
1.27563476
1.27697753
1.27954101
1.26647949
1.27807617
1.25537109
1.26721191
1.26428222
1.27673339
1.26232910
1.27917480
1.26354980
1.27929687
1.27734375
1.26611328
1.27758789
1.26416015
1.27770996
1.26184082
1.26708984
1.25622558
1.26611328
1.26293945
1.25756835
1.27209472
1.27319335
1.25708007
1.26025390
1.25207519
1.25927734
1.26245117
1.26037597
1.26037597
1.27429199
1.27514648
1.27795410
1.27673339
1.26135253
1.27307128
1.27673339
1.26232910
1.27673339
1.27807617
1.26745605
1.27770996
1.27929687
1.27661132
1.25317382
1.26379394
1.27709960
1.27905273
1.27795410
1.26171875
1.26354980
1.27758789
1.26220703
1.25769042
1.27819824
1.27917480
1.26428222
1.26586914
1.27795410
1.26379394
1.25402832
1.26599121
1.27551269
1.26293945
1.27905273
1.26306152
1.26318359
1.26245117
1.26635742
1.26391601
1.26904296
1.26403808
1.26269531
1.26293945
1.25634765
1.27832031
1.27941894
1.26147460
1.27624511
1.26464843
1.27795410
1.26208496
1.27795410
1.26354980
1.26281738
1.27209472
1.26232910
1.26428222
1.27429199
1.26538085
1.27441406
1.26135253
1.26745605
1.26330566
1.27185058
1.26574707
1.26538085
1.27673339
1.26025390
1.26342773
1.27783203
1.27807617
1.27685546
1.26489257
1.25036621
1.27514648
1.26354980
1.26232910
1.27795410
1.27087402
1.27746582
1.27673339
1.27795410
1.27807617
