1.22363281
1.22058105
1.21960449
1.22387695
1.22290039
1.21984863
1.22302246
1.22521972
1.22290039
1.21130371
1.21936035
1.21936035
1.21643066
1.21044921
1.22058105
1.22058105
1.22290039
1.21936035
1.21813964
1.22045898
1.20104980
1.20434570
1.19458007
1.20178222
1.20056152
1.19677734
1.19055175
1.19177246
1.19177246
1.19189453
1.19177246
1.19067382
1.19177246
1.19189453
1.19177246
1.19665527
1.19201660
1.19787597
1.19067382
1.19042968
1.19531250
1.19030761
1.18933105
1.19067382
1.19177246
1.19421386
1.18933105
1.19580078
1.19067382
1.19177246
1.19067382
1.19067382
1.18811035
1.19665527
1.19592285
1.19543457
1.18945312
1.19250488
1.19116210
1.19067382
1.19775390
1.18896484
1.19177246
1.19531250
1.18859863
1.17419433
1.17053222
1.17297363
1.17065429
1.17297363
1.17663574
1.17395019
1.17651367
1.17919921
1.17297363
1.17065429
1.16894531
1.17297363
1.17663574
1.17541503
1.17309570
1.17663574
1.17126464
1.17333984
1.17053222
1.17663574
1.17797851
1.17761230
1.17309570
1.17297363
1.17297363
1.17309570
1.17187500
1.17175292
1.17065429
1.17797851
1.17419433
1.17297363
1.17248535
1.17761230
1.17102050
1.17272949
1.17919921
1.17321777
1.17529296
1.17175292
1.17724609
1.15771484
1.15136718
1.16015625
1.15649414
1.16040039
1.15270996
1.15380859
1.15893554
1.15173339
1.15295410
1.15551757
1.15161132
1.15832519
1.15783691
1.15832519
1.15173339
1.15295410
1.15124511
1.15917968
1.15417480
1.15185546
1.15405273
1.15417480
1.15563964
1.15527343
1.15490722
1.15649414
1.15380859
1.15490722
1.15417480
1.15417480
1.15783691
1.15429687
1.15417480
1.15417480
1.15283203
1.15405273
1.15429687
1.15893554
1.15893554
1.13537597
1.13952636
1.13525390
1.13830566
1.13183593
1.13537597
1.13415527
1.13769531
1.13659667
1.13891601
1.13476562
1.13439941
1.13549804
1.13525390
1.13769531
1.13525390
1.13574218
1.13476562
1.13891601
1.13903808
1.14147949
1.13525390
1.13500976
1.13305664
1.13525390
1.13305664
1.13293457
1.14160156
1.13488769
1.14050292
1.13537597
1.13476562
1.13378906
1.13537597
1.13427734
1.13525390
1.13525390
1.13745117
1.13403320
1.13928222
1.14001464
1.13269042
1.13879394
1.13903808
1.13989257
1.13989257
1.13891601
1.13989257
1.13928222
1.13867187
1.13403320
1.13684082
1.13574218
