1.22424316
1.21325683
1.21801757
1.21679687
1.22302246
1.22290039
1.22021484
1.22534179
1.21948242
1.21850585
1.21679687
1.21936035
1.22412109
1.21936035
1.21948242
1.21936035
1.22180175
1.21813964
1.20532226
1.20129394
1.20104980
1.20166015
1.20532226
1.20129394
1.19799804
1.19091796
1.18945312
1.19567871
1.19543457
1.18933105
1.19067382
1.19592285
1.19421386
1.19055175
1.18957519
1.19653320
1.18823242
1.19189453
1.19799804
1.19165039
1.19067382
1.19128417
1.19787597
1.18811035
1.19555664
1.19067382
1.19128417
1.19067382
1.19543457
1.19726562
1.19177246
1.19177246
1.18957519
1.19067382
1.19177246
1.19311523
1.18945312
1.19067382
1.18945312
1.18847656
1.18164062
1.17700195
1.17663574
1.17102050
1.17187500
1.17663574
1.17663574
1.17163085
1.17797851
1.17309570
1.17663574
1.17321777
1.17077636
1.17175292
1.17260742
1.17541503
1.17175292
1.17321777
1.17663574
1.17138671
1.17175292
1.17663574
1.17297363
1.17175292
1.17199707
1.17175292
1.17663574
1.17431640
1.17138671
1.17761230
1.17175292
1.17187500
1.17297363
1.17065429
1.17297363
1.17663574
1.17297363
1.17810058
1.17285156
1.17175292
1.17663574
1.15783691
1.15795898
1.15295410
1.15808105
1.15783691
1.15319824
1.15063476
1.15332031
1.15539550
1.14978027
1.15783691
1.15319824
1.15295410
1.15283203
1.15783691
1.15356445
1.15771484
1.15783691
1.15417480
1.15795898
1.15466308
1.15173339
1.15661621
1.15405273
1.15844726
1.15075683
1.15319824
1.15148925
1.15527343
1.15417480
1.15600585
1.15368652
1.15319824
1.15295410
1.15417480
1.15295410
1.15295410
1.15417480
1.15771484
1.13525390
1.13415527
1.13391113
1.13916015
1.13427734
1.13647460
1.13659667
1.13525390
1.13415527
1.13415527
1.13537597
1.13769531
1.13549804
1.13659667
1.13525390
1.13452148
1.13525390
1.14038085
1.13977050
1.13415527
1.14111328
1.13952636
1.13537597
1.13366699
1.13293457
1.13525390
1.13415527
1.13415527
1.13439941
1.13537597
1.13598632
1.13513183
1.13464355
1.13537597
1.13403320
1.13525390
1.13415527
1.13525390
1.13293457
1.13586425
1.13476562
1.13366699
1.13525390
1.13415527
1.13476562
1.14038085
1.14038085
1.13525390
1.13403320
1.13525390
1.13525390
1.13439941
1.13366699
1.13525390
1.13415527
1.13537597
1.13537597
1.13525390
1.13525390
1.13598632
