1.21936035
1.22009277
1.21936035
1.21936035
1.21948242
1.22314453
1.22058105
1.21997070
1.22534179
1.22412109
1.21667480
1.21752929
1.22045898
1.21936035
1.21972656
1.21765136
1.22412109
1.21948242
1.21936035
1.20178222
1.19702148
1.20043945
1.20056152
1.20532226
1.20654296
1.20605468
1.20312500
1.20178222
1.19531250
1.19177246
1.19567871
1.19177246
1.19067382
1.19311523
1.19055175
1.18933105
1.19592285
1.19042968
1.19726562
1.18994140
1.19104003
1.19067382
1.18920898
1.19177246
1.19177246
1.19787597
1.18835449
1.19677734
1.19067382
1.19006347
1.19104003
1.18957519
1.19055175
1.19299316
1.19165039
1.19055175
1.19079589
1.19421386
1.19104003
1.19287109
1.19433593
1.17431640
1.17175292
1.18066406
1.17199707
1.17309570
1.17175292
1.17187500
1.17480468
1.17663574
1.17785644
1.17163085
1.17321777
1.17053222
1.17663574
1.17297363
1.17187500
1.17675781
1.17419433
1.17138671
1.17797851
1.17382812
1.17663574
1.17797851
1.17175292
1.17797851
1.17541503
1.17285156
1.17175292
1.17175292
1.17285156
1.17297363
1.17297363
1.17297363
1.17663574
1.17309570
1.17297363
1.17370605
1.17297363
1.17187500
1.17236328
1.17175292
1.15417480
1.15295410
1.15405273
1.15417480
1.15795898
1.15539550
1.15795898
1.15283203
1.15307617
1.15795898
1.15417480
1.15417480
1.15197753
1.15307617
1.15246582
1.15771484
1.15661621
1.15295410
1.15295410
1.15295410
1.15307617
1.15771484
1.15307617
1.15893554
1.15417480
1.15417480
1.15356445
1.15283203
1.15356445
1.15905761
1.15417480
1.15649414
1.15783691
1.15429687
1.15661621
1.15380859
1.15771484
1.15832519
1.15783691
1.13427734
1.13403320
1.13439941
1.13537597
1.13891601
1.13806152
1.13891601
1.14013671
1.13952636
1.13647460
1.13403320
1.13403320
1.13586425
1.13476562
1.13403320
1.13366699
1.13769531
1.13977050
1.13806152
1.13891601
1.13415527
1.13537597
1.14001464
1.13916015
1.13525390
1.14147949
1.14160156
1.13916015
1.13525390
1.14025878
1.13916015
1.13415527
1.13537597
1.14038085
1.14038085
1.13525390
1.13537597
1.13525390
1.13415527
1.13293457
1.13537597
1.13525390
1.13525390
1.13586425
1.13403320
1.14025878
1.13940429
1.13757324
1.14001464
1.13879394
1.13989257
1.13635253
1.13378906
1.13989257
1.13879394
1.13879394
1.13818359
1.13891601
1.13757324
