1.21923828
1.21960449
1.21960449
1.22399902
1.22387695
1.22058105
1.22009277
1.21948242
1.22058105
1.22302246
1.21667480
1.21972656
1.21691894
1.21813964
1.22045898
1.21508789
1.22094726
1.21972656
1.21923828
1.22290039
1.21960449
1.22058105
1.20080566
1.20178222
1.20068359
1.19812011
1.20166015
1.19812011
1.19934082
1.19665527
1.19055175
1.19042968
1.19421386
1.19067382
1.19567871
1.19543457
1.19543457
1.19482421
1.19177246
1.18823242
1.19628906
1.19067382
1.19177246
1.19152832
1.19543457
1.19543457
1.19531250
1.19067382
1.19189453
1.19177246
1.19543457
1.19555664
1.19604492
1.19226074
1.19030761
1.19360351
1.19177246
1.18945312
1.19665527
1.18811035
1.19421386
1.19104003
1.19079589
1.19177246
1.19079589
1.19226074
1.19543457
1.17724609
1.17260742
1.17565917
1.17321777
1.17236328
1.17419433
1.17077636
1.17541503
1.17663574
1.17065429
1.17431640
1.17687988
1.17651367
1.17175292
1.17541503
1.17529296
1.17297363
1.17297363
1.17175292
1.17065429
1.17663574
1.17578125
1.17297363
1.17297363
1.17541503
1.17443847
1.17297363
1.17663574
1.17053222
1.17663574
1.17700195
1.17297363
1.17199707
1.17358398
1.17626953
1.17297363
1.17053222
1.17236328
1.17187500
1.17175292
1.17309570
1.17309570
1.17175292
1.15563964
1.15173339
1.15661621
1.15417480
1.15539550
1.15051269
1.15795898
1.15393066
1.15539550
1.15307617
1.15197753
1.15283203
1.15979003
1.15173339
1.15307617
1.15661621
1.15295410
1.15295410
1.15539550
1.15307617
1.15905761
1.15173339
1.15380859
1.15295410
1.15051269
1.15783691
1.15673828
1.15881347
1.15783691
1.15783691
1.15417480
1.15307617
1.15783691
1.15417480
1.15417480
1.15295410
1.15417480
1.15417480
1.15478515
1.15417480
1.13525390
1.13586425
1.13415527
1.13439941
1.13415527
1.13891601
1.13439941
1.13525390
1.13403320
1.13537597
1.13439941
1.13439941
1.13439941
1.13476562
1.13891601
1.13647460
1.13623046
1.13598632
1.13415527
1.13452148
1.13525390
1.13415527
1.13903808
1.13903808
1.14001464
1.13916015
1.13989257
1.14025878
1.13916015
1.14025878
1.13928222
1.13952636
1.13916015
1.13977050
1.14147949
1.14172363
1.14062500
1.14025878
1.13964843
1.13903808
1.14038085
1.13903808
1.13916015
1.14160156
1.14160156
1.14025878
1.13916015
1.13916015
1.14038085
1.14025878
