1.21813964
1.22058105
1.22412109
1.22045898
1.22351074
1.22436523
1.22412109
1.21923828
1.22424316
1.21936035
1.21899414
1.22424316
1.22399902
1.21765136
1.22021484
1.22058105
1.21997070
1.21972656
1.21923828
1.20544433
1.20532226
1.20178222
1.19506835
1.20056152
1.20166015
1.20056152
1.18835449
1.19653320
1.19067382
1.19189453
1.19543457
1.19555664
1.19543457
1.19433593
1.19104003
1.19543457
1.19543457
1.19128417
1.19152832
1.18957519
1.19079589
1.19543457
1.19689941
1.19055175
1.19543457
1.19177246
1.19628906
1.18957519
1.19311523
1.19189453
1.19128417
1.19067382
1.19177246
1.19519042
1.19531250
1.19177246
1.18823242
1.19067382
1.19177246
1.19189453
1.19409179
1.19067382
1.19531250
1.17785644
1.17224121
1.17700195
1.17297363
1.17749023
1.17309570
1.17663574
1.17663574
1.17663574
1.17297363
1.17529296
1.17919921
1.17199707
1.17529296
1.17785644
1.17187500
1.16931152
1.17529296
1.16967773
1.17797851
1.17309570
1.17272949
1.17712402
1.17187500
1.16943359
1.17297363
1.17663574
1.17211914
1.17614746
1.17297363
1.17687988
1.17175292
1.17431640
1.17907714
1.17175292
1.17822265
1.17175292
1.17175292
1.17175292
1.17663574
1.17675781
1.15441894
1.15527343
1.15429687
1.15173339
1.15539550
1.15393066
1.15441894
1.15295410
1.15698242
1.15441894
1.15295410
1.15417480
1.15417480
1.15478515
1.15222167
1.15539550
1.15295410
1.15478515
1.15673828
1.15527343
1.15295410
1.15368652
1.15783691
1.15905761
1.15405273
1.15917968
1.15417480
1.15783691
1.15771484
1.15661621
1.15673828
1.15893554
1.15649414
1.15307617
1.15405273
1.15441894
1.15686035
1.15893554
1.15649414
1.15429687
1.15332031
1.13659667
1.13891601
1.13818359
1.14025878
1.13427734
1.13598632
1.14013671
1.14013671
1.13769531
1.13427734
1.13537597
1.13415527
1.13513183
1.13366699
1.13525390
1.13415527
1.13427734
1.13598632
1.13525390
1.13525390
1.13598632
1.13525390
1.13427734
1.13354492
1.13537597
1.13537597
1.13525390
1.13525390
1.13659667
1.13415527
1.13537597
1.13415527
1.13549804
1.13598632
1.13488769
1.13525390
1.13403320
1.13513183
1.13293457
1.13403320
1.13525390
1.13720703
1.13952636
1.13647460
1.13659667
1.13403320
1.13623046
1.13574218
1.13415527
1.13671875
1.13647460
1.13452148
1.13647460
1.13415527
1.13415527
