1.22290039
1.22033691
1.22351074
1.21813964
1.21630859
1.22412109
1.21875000
1.22424316
1.22070312
1.22290039
1.22534179
1.22412109
1.22058105
1.22412109
1.22045898
1.22058105
1.21960449
1.22424316
1.20739746
1.20056152
1.20593261
1.20141601
1.20007324
1.20410156
1.19934082
1.20410156
1.19921875
1.19177246
1.18945312
1.19067382
1.19177246
1.19189453
1.19067382
1.18957519
1.19189453
1.19177246
1.19067382
1.19543457
1.19213867
1.19067382
1.19055175
1.19067382
1.18933105
1.19067382
1.19055175
1.19067382
1.19079589
1.19189453
1.19238281
1.19067382
1.19177246
1.19067382
1.19042968
1.19177246
1.19567871
1.19665527
1.19311523
1.19042968
1.19799804
1.18884277
1.19152832
1.19592285
1.19653320
1.17419433
1.17541503
1.18151855
1.17175292
1.18481445
1.17773437
1.17675781
1.17651367
1.17651367
1.17248535
1.16577148
1.16687011
1.16296386
1.17285156
1.17114257
1.17285156
1.17578125
1.17541503
1.16564941
1.17175292
1.16931152
1.17285156
1.17651367
1.17651367
1.17175292
1.17529296
1.17187500
1.17175292
1.16687011
1.16931152
1.16503906
1.17175292
1.17785644
1.17236328
1.17297363
1.17297363
1.17407226
1.17797851
1.17626953
1.17553710
1.16503906
1.17236328
1.17248535
1.17272949
1.17614746
1.17248535
1.17297363
1.17272949
1.17651367
1.17126464
1.17431640
1.17785644
1.17053222
1.17651367
1.18005371
1.17248535
1.17541503
1.17248535
1.17138671
1.17175292
1.18115234
1.17175292
1.17175292
1.17663574
1.17590332
1.17480468
1.17041015
1.17248535
1.17651367
1.15295410
1.15405273
1.15771484
1.15417480
1.15478515
1.15368652
1.15197753
1.15307617
1.15161132
1.15319824
1.15307617
1.15917968
1.15417480
1.15380859
1.15283203
1.15393066
1.15417480
1.15783691
1.15783691
1.15417480
1.15356445
1.15771484
1.15942382
1.15881347
1.16064453
1.15295410
1.16027832
1.15844726
1.15417480
1.15808105
1.15808105
1.15295410
1.15417480
1.16040039
1.15795898
1.15185546
1.15295410
1.16027832
1.15795898
1.15380859
1.15173339
1.15917968
1.15832519
1.15307617
1.15173339
1.15917968
1.15917968
1.15417480
1.15295410
1.16101074
1.15917968
1.15417480
1.15417480
1.15820312
1.15930175
1.15417480
1.15380859
1.16040039
1.15405273
1.16027832
1.15417480
1.15319824
1.15795898
1.15905761
1.15197753
1.15539550
1.15747070
1.15258789
