1.22058105
1.22058105
1.21887207
1.21862792
1.21960449
1.22058105
1.21960449
1.22424316
1.21740722
1.21569824
1.21936035
1.22290039
1.21826171
1.22473144
1.21936035
1.22058105
1.22045898
1.22534179
1.22058105
1.22290039
1.19946289
1.20056152
1.20410156
1.20166015
1.20056152
1.20166015
1.20458984
1.19799804
1.19177246
1.19177246
1.19567871
1.19006347
1.19543457
1.19677734
1.19531250
1.19567871
1.19067382
1.19592285
1.19067382
1.18957519
1.19177246
1.19055175
1.19067382
1.19067382
1.19177246
1.18957519
1.19177246
1.19299316
1.19421386
1.18835449
1.19177246
1.19177246
1.19543457
1.19177246
1.19616699
1.19775390
1.19531250
1.19189453
1.18957519
1.19067382
1.19177246
1.19665527
1.18981933
1.19067382
1.19152832
1.17736816
1.17138671
1.17175292
1.17150878
1.17663574
1.17175292
1.17700195
1.17663574
1.17175292
1.17565917
1.17297363
1.17419433
1.17175292
1.17175292
1.17419433
1.17346191
1.17297363
1.17297363
1.17419433
1.17248535
1.17395019
1.17175292
1.17175292
1.17297363
1.17065429
1.17687988
1.17126464
1.17675781
1.17785644
1.17785644
1.17175292
1.17541503
1.17236328
1.17199707
1.17028808
1.17651367
1.17797851
1.17358398
1.17785644
1.16992187
1.17211914
1.16027832
1.15917968
1.15307617
1.15869140
1.15649414
1.15722656
1.15295410
1.15661621
1.15771484
1.16040039
1.15527343
1.15100097
1.15783691
1.15307617
1.15295410
1.15295410
1.15368652
1.15795898
1.15185546
1.14941406
1.15417480
1.15832519
1.15295410
1.15844726
1.15783691
1.15173339
1.15954589
1.15783691
1.15661621
1.15539550
1.15673828
1.15905761
1.15295410
1.15441894
1.15295410
1.15319824
1.15173339
1.15332031
1.15173339
1.15527343
1.15295410
1.15405273
1.15417480
1.15258789
1.15307617
1.15405273
1.15295410
1.15283203
1.15295410
1.15417480
1.15539550
1.15417480
1.15429687
1.15319824
1.15295410
1.15295410
1.15356445
1.15417480
1.15173339
1.15295410
1.15417480
1.15173339
1.15307617
1.15380859
1.15417480
1.15417480
1.15429687
1.15173339
1.15417480
1.15405273
1.15417480
1.15295410
1.15295410
1.15417480
1.15417480
1.15405273
1.15380859
1.15295410
1.15344238
1.15295410
1.15344238
1.15417480
1.15539550
1.15417480
1.15417480
1.15417480
1.15380859
1.15393066
1.15173339
1.13317871
1.13415527
1.13427734
1.13415527
1.13537597
