1.21679687
1.21936035
1.21582031
1.22412109
1.22412109
1.22302246
1.21691894
1.21936035
1.22058105
1.22534179
1.21936035
1.21923828
1.21936035
1.22424316
1.21936035
1.21936035
1.22058105
1.22058105
1.19836425
1.19934082
1.20385742
1.20593261
1.20031738
1.20056152
1.19873046
1.20166015
1.19567871
1.19140625
1.19079589
1.19665527
1.19067382
1.19787597
1.19543457
1.18774414
1.19689941
1.19812011
1.19165039
1.19665527
1.19409179
1.19177246
1.19177246
1.19067382
1.19067382
1.19299316
1.18994140
1.18957519
1.19201660
1.19287109
1.19555664
1.18945312
1.19079589
1.19189453
1.19177246
1.19177246
1.18945312
1.19140625
1.19177246
1.19177246
1.19543457
1.18920898
1.19799804
1.17089843
1.17321777
1.17163085
1.17309570
1.17175292
1.17297363
1.16992187
1.16979980
1.17211914
1.17749023
1.17102050
1.17663574
1.17175292
1.17822265
1.17297363
1.17663574
1.17919921
1.17175292
1.17785644
1.17297363
1.16955566
1.17651367
1.17663574
1.17529296
1.17663574
1.17126464
1.17175292
1.17687988
1.17309570
1.16931152
1.17175292
1.17687988
1.17651367
1.17602539
1.17541503
1.17175292
1.17675781
1.17272949
1.17272949
1.17309570
1.17187500
1.16931152
1.15539550
1.15527343
1.15417480
1.15429687
1.15417480
1.15686035
1.15417480
1.15283203
1.15527343
1.15295410
1.15295410
1.15283203
1.15429687
1.15527343
1.15209960
1.15319824
1.15234375
1.15258789
1.15417480
1.15307617
1.15808105
1.15173339
1.15527343
1.15173339
1.15783691
1.15417480
1.15063476
1.15429687
1.15173339
1.15600585
1.15417480
1.15393066
1.15417480
1.15673828
1.15295410
1.15722656
1.15429687
1.15893554
1.15417480
1.15307617
1.15417480
1.15417480
1.15527343
1.15417480
1.15368652
1.15405273
1.15173339
1.15429687
1.15551757
1.15295410
1.15258789
1.15295410
1.15307617
1.15393066
1.15283203
1.15283203
1.15173339
1.13525390
1.14025878
1.13537597
1.14160156
1.13537597
1.13403320
1.13684082
1.13293457
1.13537597
1.13403320
1.13427734
1.13720703
1.13537597
1.13500976
1.13720703
1.13525390
1.13415527
1.13525390
1.13452148
1.13684082
1.13525390
1.13647460
1.13403320
1.13403320
1.13415527
1.13403320
1.13476562
1.13354492
1.13610839
1.13647460
1.13513183
1.13647460
1.13476562
1.13452148
1.13403320
1.13598632
1.13671875
1.13537597
1.13671875
1.13415527
