1.21997070
1.21704101
1.22302246
1.22314453
1.21972656
1.22473144
1.21447753
1.22290039
1.21569824
1.21765136
1.22045898
1.22058105
1.22424316
1.21582031
1.21936035
1.21459960
1.21801757
1.21813964
1.21948242
1.19494628
1.19812011
1.20068359
1.20019531
1.20068359
1.19812011
1.20410156
1.20349121
1.20166015
1.19299316
1.19091796
1.19140625
1.19543457
1.19067382
1.19067382
1.19177246
1.18957519
1.18945312
1.19531250
1.19299316
1.18945312
1.19055175
1.19177246
1.19067382
1.19201660
1.19189453
1.19299316
1.19104003
1.19299316
1.19091796
1.19555664
1.19543457
1.19177246
1.19177246
1.19067382
1.18933105
1.19543457
1.19079589
1.19067382
1.19067382
1.19543457
1.19079589
1.19189453
1.17932128
1.17651367
1.17065429
1.17199707
1.17065429
1.17187500
1.17175292
1.17419433
1.17199707
1.17358398
1.17248535
1.17199707
1.17419433
1.17529296
1.17297363
1.17419433
1.17224121
1.17175292
1.17297363
1.17175292
1.17785644
1.17199707
1.17199707
1.17773437
1.17663574
1.17321777
1.17297363
1.17309570
1.17810058
1.17663574
1.17529296
1.17663574
1.17297363
1.17089843
1.17443847
1.17431640
1.17663574
1.17175292
1.15417480
1.15319824
1.15771484
1.15417480
1.16027832
1.15783691
1.15417480
1.15771484
1.15661621
1.15478515
1.15771484
1.15039062
1.15185546
1.15295410
1.15295410
1.15539550
1.15063476
1.15844726
1.15722656
1.15588378
1.15661621
1.15710449
1.15905761
1.15539550
1.15417480
1.15283203
1.15539550
1.15173339
1.15893554
1.15405273
1.15295410
1.16076660
1.15478515
1.15527343
1.15783691
1.15380859
1.15783691
1.15417480
1.15417480
1.15539550
1.15417480
1.13891601
1.13879394
1.13769531
1.13537597
1.13500976
1.14111328
1.13977050
1.13525390
1.14160156
1.14038085
1.13537597
1.13476562
1.13916015
1.13916015
1.13476562
1.13281250
1.13928222
1.13903808
1.13415527
1.13488769
1.14050292
1.13916015
1.13415527
1.13293457
1.14025878
1.14160156
1.13293457
1.13293457
1.14001464
1.14160156
1.13403320
1.13415527
1.13928222
1.13916015
1.13281250
1.13525390
1.13964843
1.14038085
1.13537597
1.13415527
1.14001464
1.13916015
1.13476562
1.13537597
1.14147949
1.14025878
1.13525390
1.13537597
1.14111328
1.14086914
1.13525390
1.13525390
1.13977050
1.13903808
1.13415527
1.13415527
1.14160156
1.13537597
1.13537597
