1.21643066
1.21728515
1.22058105
1.22375488
1.21960449
1.21936035
1.21936035
1.21813964
1.21801757
1.22473144
1.22485351
1.21936035
1.21923828
1.22399902
1.21569824
1.21911621
1.21936035
1.21936035
1.21984863
1.19213867
1.20568847
1.19531250
1.20117187
1.20056152
1.20043945
1.20068359
1.20092773
1.20056152
1.19677734
1.18945312
1.19079589
1.19531250
1.18847656
1.19592285
1.18811035
1.19055175
1.18847656
1.18933105
1.19482421
1.19079589
1.19067382
1.20056152
1.18920898
1.19177246
1.19055175
1.19592285
1.19421386
1.19958496
1.18994140
1.19177246
1.19421386
1.18505859
1.19250488
1.19543457
1.18444824
1.19360351
1.19042968
1.18908691
1.19055175
1.19177246
1.19677734
1.19409179
1.19287109
1.19592285
1.19665527
1.19006347
1.18383789
1.19543457
1.18481445
1.19177246
1.19055175
1.19299316
1.19177246
1.19433593
1.19543457
1.19482421
1.19067382
1.18811035
1.20019531
1.19604492
1.19531250
1.19042968
1.19104003
1.18933105
1.19177246
1.19543457
1.19055175
1.19543457
1.19152832
1.19543457
1.19592285
1.19409179
1.19018554
1.19177246
1.19177246
1.17785644
1.17773437
1.17541503
1.16931152
1.16662597
1.17297363
1.17175292
1.17163085
1.17053222
1.17163085
1.17285156
1.17773437
1.17529296
1.17724609
1.17175292
1.17651367
1.17895507
1.17651367
1.17297363
1.16528320
1.17602539
1.17663574
1.17187500
1.17407226
1.17175292
1.17285156
1.16442871
1.16638183
1.17724609
1.17480468
1.17541503
1.17224121
1.17297363
1.16577148
1.18164062
1.17724609
1.17651367
1.17687988
1.17358398
1.17163085
1.17138671
1.17297363
1.17297363
1.17297363
1.17321777
1.17480468
1.17309570
1.17333984
1.17395019
1.17199707
1.17297363
1.17419433
1.17431640
1.17382812
1.17187500
1.17382812
1.17175292
1.17419433
1.17419433
1.17297363
1.17370605
1.17541503
1.17272949
1.17187500
1.17419433
1.17321777
1.17419433
1.17260742
1.17236328
1.17211914
1.17419433
1.17272949
1.17187500
1.17248535
1.17150878
1.17297363
1.17175292
1.17199707
1.17272949
1.17419433
1.17175292
1.17175292
1.17370605
1.17297363
1.17187500
1.17297363
1.17199707
1.17309570
1.17407226
1.17419433
1.17175292
1.17224121
1.17382812
1.17248535
1.17297363
1.17309570
1.17419433
1.17187500
1.17187500
1.17175292
1.17297363
1.17419433
1.17419433
1.17224121
1.17297363
