1.27685546
1.25878906
1.28186035
1.27575683
1.25939941
1.27575683
1.26562500
1.26452636
1.26074218
1.25671386
1.26525878
1.27124023
1.26452636
1.26525878
1.27575683
1.27539062
1.27380371
1.27209472
1.26574707
1.25891113
1.26477050
1.25646972
1.27075195
1.26904296
1.27221679
1.26452636
1.26208496
1.25927734
1.26379394
1.25732421
1.26501464
1.26904296
1.26574707
1.25769042
1.26708984
1.27368164
1.27526855
1.27441406
1.26281738
1.27172851
1.27685546
1.27526855
1.26562500
1.26440429
1.26196289
1.27343750
1.25976562
1.26330566
1.26013183
1.26416015
1.26269531
1.27258300
1.27416992
1.26452636
1.27441406
1.26416015
1.25805664
1.26452636
1.26245117
1.27331542
1.26025390
1.26428222
1.26562500
1.26599121
1.26367187
1.26599121
1.25915527
1.27294921
1.25598144
1.26489257
1.27575683
1.27648925
1.27465820
1.26562500
1.27014160
1.27331542
1.27502441
1.25927734
1.27429199
1.27685546
1.26635742
1.27380371
1.26477050
1.26452636
1.26721191
1.27685546
1.27465820
1.27368164
1.27575683
1.27172851
1.26196289
1.27124023
1.26684570
1.26562500
1.27319335
1.27368164
1.26318359
1.27441406
1.27209472
1.27331542
1.27441406
1.27416992
1.27319335
1.26538085
1.27392578
1.27661132
1.27233886
1.27966308
1.27441406
1.27539062
1.27539062
1.27526855
1.27673339
1.26513671
1.27416992
1.27099609
1.25842285
1.27575683
1.27331542
1.26574707
1.27380371
1.26574707
1.27453613
1.26562500
1.26135253
1.25524902
1.26318359
1.26525878
1.25976562
1.27331542
1.25915527
1.27380371
1.27465820
1.27453613
1.27404785
1.27624511
1.27307128
1.26623535
1.27343750
1.25878906
1.27563476
1.27258300
1.26342773
1.26562500
1.27941894
1.27294921
1.27319335
1.27441406
1.27453613
1.27478027
1.27404785
1.26684570
1.27416992
1.26452636
1.27331542
1.25732421
1.27392578
1.26257324
1.26464843
1.27014160
1.27075195
1.27209472
1.27099609
1.26306152
1.27050781
1.25830078
1.26281738
1.27099609
1.26672363
1.26672363
1.26452636
1.26501464
1.26184082
1.27160644
1.27453613
1.27416992
1.27490234
1.27416992
1.26367187
1.27209472
1.27563476
1.27539062
1.26208496
1.27441406
1.27575683
1.27331542
1.27575683
1.25927734
1.26550292
1.25891113
1.27209472
1.26586914
1.26489257
1.25268554
1.27490234
1.26208496
1.27453613
1.26428222
1.25891113
1.26342773
