1.25891113
1.26440429
1.25964355
1.27575683
1.25988769
1.26684570
1.27453613
1.27441406
1.27209472
1.27563476
1.27343750
1.25964355
1.26489257
1.26245117
1.27380371
1.27575683
1.26586914
1.26049804
1.25585937
1.26000976
1.26489257
1.26318359
1.26440429
1.26696777
1.27478027
1.26208496
1.27575683
1.27380371
1.26477050
1.26672363
1.27966308
1.26562500
1.28320312
1.27465820
1.26538085
1.25830078
1.26440429
1.26562500
1.26489257
1.26489257
1.26574707
1.27221679
1.27319335
1.25939941
1.27209472
1.26611328
1.26354980
1.26562500
1.27319335
1.26684570
1.26623535
1.26318359
1.26562500
1.26257324
1.26013183
1.26562500
1.26196289
1.27294921
1.26330566
1.26538085
1.26684570
1.26489257
1.27209472
1.26550292
1.26196289
1.26318359
1.26843261
1.25915527
1.26684570
1.27844238
1.25598144
1.26818847
1.26538085
1.26574707
1.26440429
1.26586914
1.26306152
1.26550292
1.26684570
1.26562500
1.25622558
1.26440429
1.25720214
1.26000976
1.26550292
1.27563476
1.27331542
1.27221679
1.26354980
1.26196289
1.27209472
1.27111816
1.26208496
1.25817871
1.26074218
1.25512695
1.26074218
1.26013183
1.26367187
1.27343750
1.26098632
1.26440429
1.27233886
1.26550292
1.26049804
1.27209472
1.25781250
1.27258300
1.26562500
1.26428222
1.26574707
1.26562500
1.27758789
1.26013183
1.27465820
1.27722167
1.27441406
1.27575683
1.26623535
1.27441406
1.27551269
1.26574707
1.26318359
1.26574707
1.27209472
1.27575683
1.27709960
1.27270507
1.27331542
1.25988769
1.27441406
1.26330566
1.26391601
1.27954101
1.26440429
1.26452636
1.26757812
1.27673339
1.27233886
1.27270507
1.27539062
1.27563476
1.27539062
1.26660156
1.27343750
1.26489257
1.26489257
1.26574707
1.26599121
1.26440429
1.26684570
1.26562500
1.25939941
1.26440429
1.26831054
1.26135253
1.27539062
1.27331542
1.26135253
1.27429199
1.26123046
1.27478027
1.25854492
1.26782226
1.27307128
1.26782226
1.25756835
1.27453613
1.27465820
1.27587890
1.27587890
1.26684570
1.27246093
1.26660156
1.26208496
1.26538085
1.25476074
1.27136230
1.25842285
1.26477050
1.26110839
1.26342773
1.26086425
1.27343750
1.25781250
1.26318359
1.26257324
1.26379394
1.26684570
1.26574707
1.27636718
1.26562500
1.25891113
1.27575683
1.25939941
1.27453613
1.26037597
1.24877929
1.26000976
1.26452636
