1.26489257
1.27587890
1.27514648
1.27416992
1.26110839
1.26928710
1.26000976
1.26489257
1.26391601
1.27551269
1.26574707
1.26574707
1.26660156
1.27331542
1.26647949
1.27343750
1.25976562
1.26538085
1.26037597
1.27136230
1.25720214
1.27380371
1.27563476
1.27282714
1.27087402
1.27734375
1.26330566
1.26037597
1.25354003
1.27062988
1.26989746
1.26916503
1.25549316
1.26220703
1.27148437
1.27148437
1.25891113
1.27539062
1.26562500
1.27319335
1.26647949
1.27575683
1.27502441
1.27575683
1.27355957
1.26965332
1.27453613
1.27416992
1.26208496
1.27441406
1.26574707
1.26550292
1.25854492
1.27380371
1.25756835
1.26684570
1.26025390
1.26562500
1.25878906
1.27563476
1.27368164
1.25891113
1.27441406
1.26489257
1.25683593
1.26281738
1.27575683
1.25732421
1.26501464
1.27331542
1.26696777
1.26672363
1.26611328
1.26977539
1.27575683
1.27526855
1.27465820
1.25732421
1.27319335
1.26013183
1.25476074
1.26574707
1.26306152
1.27563476
1.25830078
1.26562500
1.26501464
1.26281738
1.26562500
1.27453613
1.27258300
1.27575683
1.26440429
1.26562500
1.26611328
1.26574707
1.27514648
1.26647949
1.26452636
1.26574707
1.27380371
1.25561523
1.26574707
1.26489257
1.26562500
1.27478027
1.26965332
1.26892089
1.26330566
1.26635742
1.26574707
1.25988769
1.25988769
1.26135253
1.27551269
1.26647949
1.26220703
1.27575683
1.25598144
1.26208496
1.26562500
1.27294921
1.27832031
1.26721191
1.26477050
1.25781250
1.26623535
1.25866699
1.27453613
1.27099609
1.26123046
1.27563476
1.26123046
1.26135253
1.26367187
1.26379394
1.26232910
1.26257324
1.26147460
1.25488281
1.25952148
1.26452636
1.25878906
1.27319335
1.26098632
1.27221679
1.27319335
1.27380371
1.26684570
1.27575683
1.27575683
1.27514648
1.26013183
1.27465820
1.27319335
1.27465820
1.26562500
1.26464843
1.26000976
1.26440429
1.25598144
1.26855468
1.27282714
1.26000976
1.25610351
1.26574707
1.25476074
1.26318359
1.26135253
1.26196289
1.27209472
1.27209472
1.26513671
1.27209472
1.25610351
1.26135253
1.25683593
1.26586914
1.26623535
1.26684570
1.26782226
1.27587890
1.26806640
1.26708984
1.26464843
1.26672363
1.26159667
1.27575683
1.27209472
1.27343750
1.25964355
1.25952148
1.26452636
1.27905273
1.26452636
1.26672363
1.27209472
1.26086425
1.26464843
1.27954101
