1.27563476
1.25756835
1.27075195
1.27087402
1.27197265
1.26403808
1.26184082
1.26208496
1.27343750
1.25280761
1.27282714
1.27319335
1.25964355
1.26574707
1.26318359
1.25244140
1.27673339
1.27453613
1.27539062
1.27539062
1.27392578
1.25305175
1.26953125
1.27453613
1.27429199
1.26208496
1.27429199
1.27441406
1.27343750
1.26977539
1.26245117
1.26562500
1.26562500
1.27319335
1.26171875
1.26000976
1.26208496
1.26708984
1.26892089
1.26550292
1.26574707
1.26550292
1.26452636
1.26599121
1.26501464
1.26696777
1.27722167
1.26330566
1.26049804
1.27258300
1.26391601
1.26550292
1.26342773
1.26196289
1.26562500
1.25891113
1.27453613
1.26037597
1.26196289
1.26684570
1.26550292
1.26245117
1.25720214
1.27209472
1.26660156
1.27392578
1.25598144
1.26489257
1.26513671
1.27453613
1.26135253
1.27416992
1.26171875
1.28076171
1.25952148
1.26513671
1.26757812
1.26208496
1.26013183
1.27209472
1.26147460
1.27429199
1.25720214
1.27343750
1.26660156
1.27209472
1.26586914
1.27380371
1.25964355
1.26696777
1.27209472
1.27319335
1.26452636
1.26354980
1.26098632
1.26208496
1.26245117
1.27258300
1.26293945
1.27319335
1.26330566
1.26440429
1.27380371
1.26477050
1.27575683
1.27453613
1.27258300
1.26013183
1.27502441
1.25817871
1.26416015
1.26318359
1.25720214
1.26379394
1.26574707
1.26147460
1.27355957
1.26611328
1.27343750
1.25952148
1.27319335
1.26098632
1.27465820
1.26574707
1.27880859
1.26574707
1.27380371
1.27026367
1.27380371
1.25805664
1.27343750
1.26513671
1.27233886
1.25866699
1.27416992
1.27954101
1.26550292
1.25610351
1.26098632
1.26477050
1.27307128
1.25402832
1.26208496
1.26330566
1.26208496
1.25793457
1.27026367
1.25817871
1.25524902
1.27001953
1.25524902
1.27368164
1.26684570
1.28198242
1.26635742
1.26049804
1.27246093
1.27648925
1.27343750
1.26843261
1.27209472
1.27307128
1.27368164
1.26147460
1.27465820
1.26135253
1.27575683
1.25915527
1.27575683
1.27331542
1.27429199
1.25891113
1.27453613
1.26586914
1.26562500
1.27368164
1.28100585
1.26684570
1.24755859
1.27551269
1.26562500
1.26208496
1.27563476
1.26318359
1.27331542
1.26647949
1.26574707
1.26721191
1.27209472
1.26257324
1.25988769
1.27587890
1.25915527
1.26696777
1.26513671
1.26647949
1.26513671
1.26574707
1.26599121
1.26562500
