1.25585937
1.26000976
1.26525878
1.26000976
1.26574707
1.26086425
1.26428222
1.25976562
1.26318359
1.25988769
1.27160644
1.25769042
1.26672363
1.27453613
1.27502441
1.26477050
1.27673339
1.26245117
1.26574707
1.24670410
1.26794433
1.26684570
1.27575683
1.26733398
1.27954101
1.27209472
1.27062988
1.25329589
1.27270507
1.27038574
1.26452636
1.26672363
1.25964355
1.26232910
1.25988769
1.26196289
1.25988769
1.27453613
1.26574707
1.26586914
1.26562500
1.25720214
1.26257324
1.27001953
1.26684570
1.25512695
1.26452636
1.26416015
1.27453613
1.26159667
1.27429199
1.25878906
1.26562500
1.26245117
1.26904296
1.26000976
1.25891113
1.27392578
1.26562500
1.26501464
1.25964355
1.27453613
1.26293945
1.27355957
1.27453613
1.26611328
1.26550292
1.26525878
1.25732421
1.27587890
1.28039550
1.26818847
1.27575683
1.26501464
1.27539062
1.26232910
1.27575683
1.27246093
1.26696777
1.26684570
1.27404785
1.25830078
1.27429199
1.26562500
1.26562500
1.26477050
1.26574707
1.26574707
1.27636718
1.26391601
1.26586914
1.26391601
1.27539062
1.26464843
1.27319335
1.26538085
1.25976562
1.27465820
1.27136230
1.27502441
1.27160644
1.27380371
1.26489257
1.26452636
1.26110839
1.27563476
1.26220703
1.25964355
1.25354003
1.27453613
1.26428222
1.26574707
1.26574707
1.27294921
1.26586914
1.27844238
1.27539062
1.26208496
1.26574707
1.26562500
1.26538085
1.26562500
1.27685546
1.26586914
1.27416992
1.26013183
1.27416992
1.27429199
1.27661132
1.27453613
1.27514648
1.27355957
1.27319335
1.27038574
1.26354980
1.27441406
1.26831054
1.26562500
1.26037597
1.26525878
1.25842285
1.27502441
1.26989746
1.26489257
1.27575683
1.27160644
1.26733398
1.28076171
1.27380371
1.26000976
1.27380371
1.26013183
1.27416992
1.26562500
1.27465820
1.27770996
1.26086425
1.26135253
1.26208496
1.25280761
1.26782226
1.25976562
1.27209472
1.26635742
1.27478027
1.26098632
1.27453613
1.26562500
1.26000976
1.26501464
1.26489257
1.26416015
1.26391601
1.27258300
1.26013183
1.26806640
1.26013183
1.27539062
1.27465820
1.25610351
1.26953125
1.25854492
1.27453613
1.25915527
1.27832031
1.25756835
1.26391601
1.26416015
1.26501464
1.27465820
1.27563476
1.26660156
1.27612304
1.25732421
1.26684570
1.26989746
1.26342773
1.26037597
1.26440429
1.25903320
