1.27185058
1.25903320
1.25610351
1.27502441
1.26318359
1.25769042
1.27380371
1.25769042
1.26464843
1.27697753
1.27294921
1.26940917
1.27563476
1.26684570
1.26818847
1.27563476
1.25781250
1.27331542
1.27136230
1.26574707
1.26635742
1.27209472
1.26037597
1.27441406
1.25805664
1.27514648
1.27099609
1.26208496
1.26208496
1.26977539
1.25634765
1.27319335
1.27136230
1.27087402
1.25549316
1.25244140
1.26635742
1.27270507
1.27612304
1.26940917
1.27331542
1.26989746
1.27331542
1.27246093
1.27172851
1.25805664
1.25720214
1.27331542
1.26196289
1.26550292
1.27197265
1.27673339
1.26806640
1.27697753
1.27563476
1.26232910
1.26721191
1.26440429
1.26013183
1.27453613
1.26440429
1.26293945
1.26647949
1.25756835
1.26501464
1.26123046
1.26977539
1.25939941
1.27307128
1.27563476
1.27563476
1.27502441
1.26721191
1.25842285
1.27380371
1.27539062
1.27282714
1.26635742
1.25854492
1.27502441
1.26123046
1.26123046
1.27331542
1.27172851
1.27697753
1.27697753
1.26696777
1.26525878
1.27465820
1.26330566
1.26501464
1.27636718
1.27416992
1.27429199
1.27490234
1.26123046
1.27319335
1.25952148
1.26562500
1.26574707
1.26440429
1.26281738
1.26611328
1.26440429
1.26379394
1.26074218
1.25720214
1.26574707
1.26489257
1.26208496
1.27331542
1.25781250
1.26464843
1.26257324
1.27514648
1.26269531
1.27453613
1.26000976
1.27380371
1.26147460
1.26416015
1.26574707
1.27624511
1.28247070
1.27319335
1.27575683
1.27380371
1.27331542
1.26660156
1.26696777
1.25891113
1.27673339
1.26062011
1.27380371
1.27453613
1.26428222
1.27160644
1.26684570
1.27209472
1.26440429
1.26977539
1.27294921
1.27258300
1.26965332
1.27697753
1.27380371
1.26599121
1.25720214
1.27429199
1.27600097
1.27209472
1.27441406
1.26464843
1.27966308
1.26550292
1.25598144
1.26684570
1.26843261
1.26440429
1.26477050
1.26611328
1.27502441
1.26464843
1.26489257
1.26489257
1.26635742
1.26684570
1.27966308
1.27062988
1.26147460
1.27722167
1.26965332
1.26843261
1.27099609
1.27209472
1.26354980
1.25122070
1.25439453
1.26293945
1.25781250
1.27026367
1.25842285
1.26391601
1.26562500
1.26721191
1.26037597
1.26196289
1.26037597
1.27575683
1.28063964
1.27282714
1.26562500
1.27502441
1.26562500
1.26623535
1.28112792
1.26049804
1.25952148
1.25720214
1.27172851
