1.27429199
1.26037597
1.26696777
1.25891113
1.26477050
1.25891113
1.26562500
1.27453613
1.27294921
1.27136230
1.27246093
1.27294921
1.27380371
1.27343750
1.27404785
1.26965332
1.27331542
1.26245117
1.27331542
1.27490234
1.27331542
1.26538085
1.27331542
1.26525878
1.26806640
1.26696777
1.26611328
1.25842285
1.26147460
1.25866699
1.26354980
1.26196289
1.27014160
1.27380371
1.27331542
1.26574707
1.27441406
1.27575683
1.26611328
1.27319335
1.26025390
1.26562500
1.26281738
1.26440429
1.27368164
1.26696777
1.26574707
1.27453613
1.27416992
1.27514648
1.27416992
1.27038574
1.25915527
1.25891113
1.26940917
1.25695800
1.25756835
1.26708984
1.25524902
1.26477050
1.25634765
1.26953125
1.26550292
1.26562500
1.26586914
1.26538085
1.26843261
1.26831054
1.27380371
1.25720214
1.27258300
1.26135253
1.27478027
1.27331542
1.26123046
1.27416992
1.27392578
1.27221679
1.26733398
1.25769042
1.25817871
1.27416992
1.26440429
1.26440429
1.26464843
1.27563476
1.26684570
1.27197265
1.27575683
1.26013183
1.27148437
1.26440429
1.27575683
1.26562500
1.25976562
1.26684570
1.26623535
1.26452636
1.27465820
1.27551269
1.27319335
1.27636718
1.27001953
1.26635742
1.26550292
1.27331542
1.26269531
1.26281738
1.25915527
1.27697753
1.26000976
1.27331542
1.26147460
1.25720214
1.26416015
1.26330566
1.26501464
1.26257324
1.27465820
1.26440429
1.27575683
1.27966308
1.27404785
1.27453613
1.27331542
1.27319335
1.27209472
1.27209472
1.26000976
1.27416992
1.26110839
1.25634765
1.26135253
1.25720214
1.27416992
1.27539062
1.26562500
1.26306152
1.27478027
1.25866699
1.26013183
1.27429199
1.27636718
1.27429199
1.27514648
1.27502441
1.26562500
1.27197265
1.26562500
1.27404785
1.27258300
1.25964355
1.27380371
1.27624511
1.27258300
1.27490234
1.27429199
1.27770996
1.27612304
1.27539062
1.28198242
1.27355957
1.26123046
1.27587890
1.27441406
1.27490234
1.25769042
1.26574707
1.26196289
1.26550292
1.27673339
1.27441406
1.25830078
1.27331542
1.27380371
1.27355957
1.26684570
1.26025390
1.26574707
1.26696777
1.26379394
1.26501464
1.26342773
1.26318359
1.26440429
1.26452636
1.25744628
1.26025390
1.26879882
1.27770996
1.26208496
1.26086425
1.25317382
1.25720214
1.25573730
1.26904296
1.26269531
1.27685546
1.27734375
1.27648925
