1.27441406
1.26611328
1.27429199
1.27563476
1.26086425
1.27185058
1.27685546
1.26501464
1.25830078
1.26550292
1.26660156
1.26489257
1.26586914
1.27282714
1.25915527
1.27331542
1.26184082
1.26745605
1.26574707
1.27368164
1.26354980
1.27270507
1.26330566
1.26586914
1.26440429
1.24963378
1.27453613
1.26611328
1.26574707
1.26696777
1.26562500
1.27124023
1.27087402
1.27441406
1.26416015
1.27319335
1.27246093
1.27575683
1.26647949
1.26611328
1.27551269
1.26025390
1.27539062
1.26367187
1.26464843
1.25878906
1.25842285
1.25952148
1.26574707
1.25415039
1.26574707
1.26599121
1.26159667
1.26550292
1.27954101
1.27453613
1.26147460
1.27563476
1.26489257
1.27575683
1.27221679
1.26000976
1.27539062
1.25915527
1.25842285
1.26538085
1.26440429
1.25769042
1.26562500
1.26525878
1.26440429
1.26208496
1.27416992
1.26062011
1.25244140
1.24987792
1.26330566
1.26440429
1.26208496
1.26220703
1.27172851
1.25427246
1.25866699
1.25878906
1.26562500
1.26184082
1.26684570
1.26013183
1.26135253
1.25964355
1.27539062
1.25732421
1.27648925
1.26440429
1.27465820
1.26831054
1.27502441
1.26440429
1.26550292
1.26025390
1.26452636
1.27709960
1.25805664
1.26696777
1.25537109
1.26330566
1.26452636
1.26013183
1.27294921
1.28649902
1.26147460
1.27575683
1.26232910
1.26440429
1.27661132
1.26208496
1.28088378
1.26562500
1.26037597
1.27539062
1.26684570
1.26464843
1.27319335
1.26562500
1.26342773
1.26733398
1.25097656
1.26562500
1.26562500
1.27050781
1.27478027
1.26574707
1.26171875
1.26574707
1.26684570
1.26562500
1.27856445
1.25817871
1.26428222
1.26428222
1.26293945
1.27465820
1.25891113
1.27380371
1.26110839
1.27563476
1.25671386
1.26684570
1.27343750
1.27563476
1.26855468
1.26062011
1.27099609
1.26000976
1.26550292
1.26904296
1.26489257
1.26440429
1.26489257
1.26647949
1.26086425
1.25842285
1.26037597
1.26196289
1.26184082
1.25866699
1.26696777
1.25976562
1.27563476
1.27087402
1.27441406
1.27563476
1.27331542
1.26440429
1.26000976
1.27490234
1.27209472
1.27331542
1.26660156
1.27319335
1.26708984
1.26562500
1.27380371
1.25585937
1.26416015
1.27636718
1.27319335
1.28198242
1.25964355
1.25891113
1.25366210
1.26318359
1.26123046
1.26220703
1.25927734
1.27343750
1.25878906
1.27429199
1.26416015
1.26428222
