1.26562500
1.26599121
1.26318359
1.26562500
1.26953125
1.27319335
1.27441406
1.27429199
1.27575683
1.27209472
1.26562500
1.27600097
1.26953125
1.26611328
1.27563476
1.27563476
1.27563476
1.27563476
1.27600097
1.27673339
1.27697753
1.27539062
1.27209472
1.27526855
1.27514648
1.27478027
1.26464843
1.26684570
1.26574707
1.27514648
1.26196289
1.25195312
1.25817871
1.27160644
1.26489257
1.27062988
1.26525878
1.26098632
1.27551269
1.27685546
1.26281738
1.26562500
1.25964355
1.25891113
1.26086425
1.27087402
1.26977539
1.27246093
1.26330566
1.25671386
1.26208496
1.26330566
1.26574707
1.26208496
1.26611328
1.27404785
1.27331542
1.27429199
1.26379394
1.25805664
1.26513671
1.26843261
1.25769042
1.27575683
1.26135253
1.27563476
1.25793457
1.27709960
1.26428222
1.26696777
1.26293945
1.27526855
1.27246093
1.26330566
1.25610351
1.26245117
1.26721191
1.26135253
1.27392578
1.27746582
1.26464843
1.26574707
1.26037597
1.27539062
1.26623535
1.26574707
1.25891113
1.26318359
1.27294921
1.27258300
1.27197265
1.27563476
1.26708984
1.27197265
1.27465820
1.27331542
1.25708007
1.25610351
1.26440429
1.26843261
1.27685546
1.27294921
1.25878906
1.26562500
1.25988769
1.27355957
1.25598144
1.26989746
1.27111816
1.26440429
1.27185058
1.27526855
1.26000976
1.26599121
1.25866699
1.27209472
1.26123046
1.27368164
1.26867675
1.27331542
1.26440429
1.26977539
1.27563476
1.27209472
1.27197265
1.27319335
1.26208496
1.26599121
1.27514648
1.26611328
1.25268554
1.27380371
1.27526855
1.25854492
1.26452636
1.27441406
1.25927734
1.27209472
1.27478027
1.27416992
1.27319335
1.27209472
1.26684570
1.25720214
1.26477050
1.26318359
1.26452636
1.26684570
1.27453613
1.25988769
1.26208496
1.26379394
1.26171875
1.26452636
1.27331542
1.27441406
1.25598144
1.27514648
1.26208496
1.25488281
1.26574707
1.27441406
1.26440429
1.27368164
1.27490234
1.26440429
1.26318359
1.26391601
1.26574707
1.26977539
1.27392578
1.24548339
1.25598144
1.26208496
1.26086425
1.26208496
1.25244140
1.26342773
1.25720214
1.27331542
1.27465820
1.25988769
1.26123046
1.25854492
1.27014160
1.27697753
1.27465820
1.27453613
1.27551269
1.26574707
1.26696777
1.26818847
1.26318359
1.27331542
1.27099609
1.25720214
1.25854492
1.25476074
1.26562500
1.27709960
