1.26037597
1.25598144
1.26000976
1.26611328
1.25891113
1.26452636
1.26037597
1.26123046
1.25793457
1.26208496
1.26562500
1.26171875
1.26501464
1.26611328
1.26135253
1.25598144
1.25976562
1.27380371
1.25976562
1.26562500
1.25915527
1.27514648
1.27575683
1.26232910
1.25793457
1.26562500
1.26574707
1.26452636
1.26281738
1.25720214
1.27355957
1.27453613
1.27246093
1.26672363
1.26013183
1.26000976
1.26013183
1.27331542
1.26782226
1.26562500
1.26086425
1.26000976
1.26440429
1.27209472
1.26806640
1.26379394
1.26452636
1.27514648
1.27526855
1.25854492
1.26525878
1.27575683
1.26074218
1.26489257
1.26123046
1.25939941
1.25988769
1.26416015
1.25988769
1.26599121
1.26452636
1.27331542
1.26000976
1.27282714
1.28051757
1.28259277
1.26599121
1.26660156
1.26135253
1.26672363
1.27209472
1.26440429
1.26574707
1.26416015
1.26403808
1.26965332
1.26831054
1.26623535
1.27514648
1.27502441
1.27453613
1.26074218
1.26538085
1.25256347
1.26806640
1.26586914
1.26672363
1.25720214
1.26562500
1.26464843
1.26318359
1.25598144
1.26171875
1.27331542
1.26843261
1.26501464
1.25463867
1.27294921
1.26000976
1.27355957
1.26501464
1.27441406
1.27770996
1.27209472
1.25854492
1.27429199
1.27331542
1.27380371
1.27868652
1.25720214
1.26684570
1.27185058
1.27575683
1.26635742
1.27722167
1.27539062
1.27111816
1.26562500
1.25915527
1.27172851
1.26708984
1.26123046
1.27490234
1.27685546
1.26318359
1.27209472
1.25952148
1.27172851
1.26977539
1.27087402
1.26684570
1.27258300
1.27307128
1.27246093
1.26879882
1.27685546
1.25354003
1.26965332
1.25378417
1.25842285
1.25842285
1.25927734
1.26940917
1.26037597
1.27331542
1.25793457
1.24938964
1.25830078
1.27319335
1.26818847
1.26574707
1.26562500
1.26342773
1.25390625
1.26635742
1.26440429
1.26562500
1.26135253
1.27392578
1.26562500
1.26220703
1.26452636
1.26318359
1.26318359
1.26171875
1.26196289
1.26330566
1.27526855
1.27600097
1.26525878
1.27429199
1.27197265
1.26501464
1.25244140
1.26574707
1.26599121
1.26806640
1.25561523
1.25891113
1.27563476
1.27539062
1.27551269
1.27258300
1.27587890
1.27331542
1.27563476
1.26586914
1.27258300
1.26208496
1.26562500
1.26452636
1.27331542
1.27331542
1.27465820
1.27197265
1.27746582
1.27282714
1.27514648
1.27624511
1.27282714
