1.13159179
1.13183593
1.13232421
1.13232421
1.13232421
1.13220214
1.13220214
1.13208007
1.13610839
1.13220214
1.13610839
1.12719726
1.12670898
1.12707519
1.13195800
1.13037109
1.13195800
1.13232421
1.13195800
1.13232421
1.13208007
1.12658691
1.13171386
1.13256835
1.13146972
1.13281250
1.13110351
1.13171386
1.13159179
1.13256835
1.13171386
1.13293457
1.12744140
1.12707519
1.13171386
1.13342285
1.12805175
1.12670898
1.12731933
1.13134765
1.13098144
1.13293457
1.13171386
1.13317871
1.12695312
1.13098144
1.13159179
1.13159179
1.13208007
1.13281250
1.12634277
1.13098144
1.13195800
1.12792968
1.13293457
1.13354492
1.13195800
1.13195800
1.13085937
1.13110351
1.13122558
1.13110351
1.13208007
1.13061523
1.13208007
1.13159179
1.13244628
1.12780761
1.13208007
1.13330078
1.13342285
1.13171386
1.13293457
1.13037109
1.13146972
1.13171386
1.13366699
1.13049316
1.13232421
1.13781738
1.13037109
1.13244628
1.13415527
1.13464355
1.13256835
1.13317871
1.13342285
1.13549804
1.13293457
1.13671875
1.13354492
1.13610839
1.13281250
1.13732910
1.13061523
1.13183593
1.13317871
1.13183593
1.13049316
1.13586425
1.13781738
1.13293457
1.13134765
1.13085937
1.13647460
1.13317871
1.13000488
1.13183593
1.13317871
1.13085937
1.13012695
1.13549804
1.13171386
1.13781738
1.13293457
1.13134765
1.13208007
1.13244628
1.13244628
1.13635253
1.13513183
1.13647460
1.13232421
1.13220214
1.13659667
1.13720703
1.13818359
1.13635253
1.13317871
1.13281250
1.13391113
1.13708496
1.13110351
1.13269042
1.13818359
1.13110351
1.13793945
1.13562011
1.13244628
1.13476562
1.13269042
1.13330078
1.13549804
1.13818359
1.13732910
1.13793945
1.13671875
1.13745117
1.13183593
1.13903808
1.13378906
1.13098144
1.13403320
1.13171386
1.13439941
1.13952636
1.13256835
1.13867187
1.13183593
1.13781738
1.13842773
1.13256835
1.13916015
1.13818359
1.13220214
1.12902832
1.13708496
1.13867187
1.13916015
1.13903808
1.13464355
1.13134765
1.13378906
1.13964843
1.13757324
1.13903808
1.13427734
1.13012695
1.13488769
1.13940429
1.13684082
1.13403320
1.13134765
1.12927246
1.13781738
1.13305664
1.13342285
1.13183593
1.13415527
1.13562011
1.13208007
1.13305664
1.13330078
1.13269042
1.13427734
1.13757324
1.13183593
1.13793945
1.13220214
1.13317871
