1.13208007
1.13659667
1.13171386
1.13110351
1.13183593
1.12780761
1.13769531
1.13281250
1.13171386
1.13256835
1.13281250
1.13146972
1.13171386
1.13659667
1.13146972
1.13208007
1.13171386
1.13647460
1.13183593
1.13110351
1.13085937
1.13293457
1.13171386
1.13269042
1.13073730
1.13085937
1.13061523
1.13085937
1.12817382
1.13269042
1.13110351
1.13171386
1.13122558
1.13208007
1.13781738
1.13122558
1.12719726
1.13330078
1.13146972
1.13256835
1.13232421
1.13317871
1.13171386
1.13305664
1.13281250
1.13195800
1.13256835
1.13232421
1.12695312
1.13281250
1.12707519
1.13232421
1.12670898
1.13269042
1.12670898
1.13195800
1.13061523
1.13525390
1.13208007
1.12731933
1.13183593
1.13183593
1.13732910
1.13171386
1.13171386
1.13110351
1.13281250
1.13293457
1.13232421
1.13256835
1.12829589
1.13281250
1.13281250
1.13159179
1.13171386
1.13159179
1.13171386
1.13024902
1.13122558
1.12976074
1.13110351
1.13671875
1.13159179
1.13049316
1.13098144
1.13159179
1.13122558
1.13220214
1.13110351
1.13354492
1.13183593
1.13195800
1.13098144
1.13195800
1.13073730
1.13134765
1.13146972
1.13183593
1.13122558
1.13183593
1.13342285
1.13098144
1.13098144
1.13134765
1.13244628
1.13073730
1.13366699
1.13208007
1.12890625
1.13635253
1.13049316
1.13232421
1.13220214
1.13171386
1.13122558
1.13244628
1.13183593
1.12976074
1.13269042
1.13220214
1.13049316
1.13269042
1.13208007
1.13061523
1.12902832
1.13208007
1.13134765
1.13171386
1.13159179
1.13208007
1.13269042
1.13195800
1.13256835
1.13244628
1.13000488
1.13256835
1.13232421
1.13049316
1.13037109
1.13183593
1.13330078
1.13183593
1.13061523
1.13146972
1.13208007
1.13134765
1.13134765
1.13220214
1.13305664
1.13073730
1.13305664
1.13269042
1.13134765
1.13183593
1.13232421
1.13317871
1.13195800
1.13073730
1.13232421
1.13208007
1.13146972
1.13269042
1.13720703
1.13208007
1.13330078
1.13720703
1.13269042
1.13342285
1.13269042
1.13134765
1.13732910
1.13305664
1.13098144
1.13281250
1.13281250
1.13122558
1.13281250
1.13476562
1.13708496
1.13183593
1.13256835
1.13256835
1.13134765
1.13293457
1.13281250
1.13171386
1.13085937
1.13183593
1.13281250
1.13317871
1.13269042
1.13293457
1.13330078
1.13269042
1.13720703
1.13317871
1.13232421
1.13269042
1.13342285
1.13305664
