1.13171386
1.13195800
1.13232421
1.13171386
1.13183593
1.13183593
1.13232421
1.13220214
1.13232421
1.13159179
1.13183593
1.13208007
1.13110351
1.13195800
1.13281250
1.13183593
1.13183593
1.13171386
1.13244628
1.13342285
1.13281250
1.13183593
1.13122558
1.13122558
1.13342285
1.13183593
1.13171386
1.13745117
1.13317871
1.13671875
1.13281250
1.13171386
1.13159179
1.13586425
1.13208007
1.12988281
1.13171386
1.13183593
1.12817382
1.12683105
1.13208007
1.13110351
1.13281250
1.13208007
1.13146972
1.13220214
1.13171386
1.13195800
1.13195800
1.13232421
1.13232421
1.13281250
1.13244628
1.13134765
1.13171386
1.13171386
1.13232421
1.13061523
1.13220214
1.13635253
1.13537597
1.13232421
1.13244628
1.13684082
1.13195800
1.13232421
1.13110351
1.13256835
1.13586425
1.13208007
1.13024902
1.13208007
1.13598632
1.13159179
1.13220214
1.13061523
1.13183593
1.13000488
1.13171386
1.13122558
1.13208007
1.13793945
1.13549804
1.13342285
1.13891601
1.13073730
1.13098144
1.13366699
1.13061523
1.13330078
1.13574218
1.13232421
1.13305664
1.13244628
1.13354492
1.13281250
1.13317871
1.13378906
1.13671875
1.13220214
1.13891601
1.13183593
1.13330078
1.13281250
1.13171386
1.13476562
1.13757324
1.13244628
1.13415527
1.13391113
1.13354492
1.13232421
1.13305664
1.13793945
1.13183593
1.13256835
1.13171386
1.13146972
1.13403320
1.13330078
1.13256835
1.13354492
1.13122558
1.13305664
1.13488769
1.13232421
1.13378906
1.13403320
1.13281250
1.13244628
1.13928222
1.13391113
1.13525390
1.13464355
1.13159179
1.13464355
1.12817382
1.13366699
1.13415527
1.13305664
1.13244628
1.13500976
1.12939453
1.13330078
1.13488769
1.13159179
1.13378906
1.13195800
1.13183593
1.13403320
1.13330078
1.13684082
1.13464355
1.13378906
1.13439941
1.13317871
1.13500976
1.13208007
1.13476562
1.13330078
1.13378906
1.13500976
1.13891601
1.13500976
1.13378906
1.13452148
1.13439941
1.13464355
1.13647460
1.12939453
1.13159179
1.13525390
1.13146972
1.13635253
1.13635253
1.13146972
1.12597656
1.13476562
1.13549804
1.13134765
1.12854003
1.12548828
1.12878417
1.13354492
1.13500976
1.12670898
1.13012695
1.13757324
1.13378906
1.13110351
1.13098144
1.13476562
1.14001464
1.12890625
1.13464355
1.13256835
1.12915039
1.13476562
1.13452148
1.13171386
