1.13342285
1.13171386
1.13195800
1.13269042
1.13342285
1.13562011
1.13330078
1.12719726
1.13305664
1.13342285
1.13342285
1.13281250
1.13244628
1.12731933
1.13281250
1.13781738
1.12780761
1.13305664
1.13183593
1.13281250
1.13281250
1.13195800
1.12670898
1.13171386
1.13232421
1.13317871
1.13281250
1.13342285
1.13171386
1.13244628
1.13281250
1.13195800
1.13232421
1.13281250
1.13671875
1.13134765
1.13317871
1.13183593
1.13195800
1.13769531
1.13220214
1.13269042
1.13269042
1.13134765
1.13171386
1.13232421
1.13305664
1.12719726
1.13269042
1.12731933
1.13256835
1.13220214
1.13281250
1.12744140
1.13159179
1.12670898
1.13146972
1.13171386
1.13330078
1.13195800
1.13232421
1.13183593
1.13171386
1.13293457
1.13183593
1.13317871
1.13208007
1.13232421
1.13317871
1.13220214
1.13171386
1.13281250
1.13220214
1.13305664
1.13671875
1.13769531
1.13317871
1.13171386
1.13134765
1.13635253
1.13232421
1.13134765
1.13073730
1.13183593
1.13098144
1.13085937
1.13122558
1.13232421
1.13183593
1.13061523
1.13085937
1.13220214
1.13208007
1.13232421
1.13208007
1.13061523
1.12695312
1.12683105
1.12646484
1.13232421
1.13122558
1.13269042
1.13122558
1.12719726
1.13281250
1.13671875
1.13220214
1.13171386
1.12707519
1.13598632
1.13659667
1.12646484
1.13281250
1.13256835
1.13842773
1.13061523
1.13293457
1.13220214
1.13244628
1.13049316
1.13183593
1.13244628
1.13012695
1.13159179
1.13598632
1.13085937
1.13244628
1.13159179
1.13244628
1.13171386
1.13159179
1.13293457
1.13574218
1.13073730
1.13220214
1.13330078
1.13269042
1.13208007
1.13146972
1.13330078
1.13049316
1.13269042
1.13122558
1.13757324
1.13427734
1.13183593
1.13366699
1.13635253
1.13269042
1.13134765
1.13195800
1.13342285
1.13208007
1.13378906
1.13085937
1.13220214
1.13378906
1.13183593
1.13452148
1.13330078
1.13049316
1.13366699
1.13244628
1.13195800
1.13793945
1.13342285
1.13354492
1.13269042
1.13354492
1.13220214
1.12536621
1.13366699
1.13488769
1.13208007
1.13330078
1.13378906
1.13330078
1.13464355
1.13671875
1.13317871
1.13720703
1.13354492
1.13330078
1.13403320
1.13342285
1.13403320
1.13635253
1.13574218
1.13403320
1.13574218
1.13513183
1.13488769
1.13525390
1.13452148
1.12951660
1.13122558
1.13244628
1.13378906
1.13476562
1.13513183
