1.13281250
1.13342285
1.13342285
1.13146972
1.13159179
1.13305664
1.13244628
1.13256835
1.13281250
1.13232421
1.13122558
1.13073730
1.13171386
1.13281250
1.13269042
1.13269042
1.13085937
1.13293457
1.13244628
1.13281250
1.13232421
1.13342285
1.13293457
1.13195800
1.13208007
1.13122558
1.13269042
1.13281250
1.13195800
1.13281250
1.13281250
1.13342285
1.13330078
1.13342285
1.13342285
1.13305664
1.13256835
1.13269042
1.13317871
1.13317871
1.13305664
1.13305664
1.13305664
1.13256835
1.13146972
1.13317871
1.13317871
1.13171386
1.13269042
1.13317871
1.13232421
1.13281250
1.13293457
1.13220214
1.13208007
1.13354492
1.13281250
1.13183593
1.13317871
1.13330078
1.13269042
1.13171386
1.13281250
1.13293457
1.13220214
1.13342285
1.13281250
1.13330078
1.13269042
1.13146972
1.13354492
1.13281250
1.13195800
1.13220214
1.13342285
1.13208007
1.13073730
1.13256835
1.13244628
1.13085937
1.13110351
1.13269042
1.13244628
1.13122558
1.13330078
1.13342285
1.13134765
1.13269042
1.13244628
1.13269042
1.13110351
1.13305664
1.13195800
1.13146972
1.13281250
1.13244628
1.13024902
1.13256835
1.13232421
1.13159179
1.13281250
1.13220214
1.13061523
1.13073730
1.13232421
1.13269042
1.13171386
1.13110351
1.13256835
1.13049316
1.13256835
1.13342285
1.13146972
1.13293457
1.13195800
1.13256835
1.13183593
1.13183593
1.13256835
1.13781738
1.13281250
1.13330078
1.13305664
1.13281250
1.13378906
1.13305664
1.13232421
1.13269042
1.13378906
1.13330078
1.13159179
1.13220214
1.13256835
1.13159179
1.13281250
1.13256835
1.13305664
1.13342285
1.13354492
1.13098144
1.13305664
1.13244628
1.13281250
1.13317871
1.13366699
1.13171386
1.13195800
1.13293457
1.13122558
1.13244628
1.13342285
1.13342285
1.13110351
1.13391113
1.13342285
1.13195800
1.13293457
1.13366699
1.13195800
1.13281250
1.13378906
1.13378906
1.13171386
1.13244628
1.13330078
1.13342285
1.13293457
1.13305664
1.13317871
1.13354492
1.13232421
1.13354492
1.13317871
1.13354492
1.13391113
1.13415527
1.13500976
1.13342285
1.13403320
1.13415527
1.13220214
1.13366699
1.13391113
1.13439941
1.13476562
1.13391113
1.13354492
1.13549804
1.13476562
1.13427734
1.13525390
1.13537597
1.13549804
1.13598632
1.13464355
1.13562011
1.13110351
1.13391113
1.11645507
1.12402343
