1.13281250
1.13330078
1.13342285
1.13366699
1.13269042
1.13220214
1.13232421
1.13256835
1.13244628
1.13269042
1.13293457
1.13269042
1.13684082
1.13342285
1.13232421
1.13305664
1.13342285
1.13195800
1.13171386
1.13183593
1.13220214
1.13195800
1.13305664
1.13317871
1.13256835
1.13208007
1.13256835
1.13305664
1.13220214
1.13281250
1.13183593
1.13208007
1.13220214
1.13232421
1.13171386
1.13244628
1.13171386
1.13330078
1.13195800
1.13134765
1.13256835
1.13244628
1.13220214
1.13281250
1.13146972
1.13159179
1.13122558
1.13305664
1.13146972
1.13220214
1.13146972
1.13281250
1.13403320
1.13146972
1.13342285
1.13342285
1.13134765
1.13256835
1.13232421
1.13183593
1.13330078
1.13195800
1.13085937
1.13159179
1.13342285
1.13159179
1.13293457
1.13220214
1.13293457
1.13244628
1.13232421
1.13317871
1.13232421
1.13342285
1.13269042
1.13110351
1.13330078
1.13208007
1.13232421
1.13171386
1.13269042
1.13293457
1.13269042
1.13293457
1.13281250
1.13293457
1.13342285
1.13317871
1.13342285
1.13342285
1.13256835
1.13317871
1.13317871
1.13342285
1.13281250
1.13830566
1.13256835
1.13342285
1.13208007
1.13244628
1.13366699
1.13244628
1.13342285
1.13256835
1.13146972
1.13281250
1.13354492
1.13293457
1.13269042
1.13269042
1.13208007
1.13403320
1.13330078
1.13281250
1.13330078
1.13305664
1.13281250
1.13195800
1.13330078
1.13305664
1.13281250
1.13330078
1.13342285
1.13281250
1.13183593
1.13159179
1.13305664
1.13134765
1.13366699
1.13330078
1.13256835
1.13232421
1.13244628
1.13171386
1.13354492
1.13232421
1.13195800
1.13403320
1.13342285
1.13342285
1.13317871
1.13232421
1.13342285
1.13171386
1.13391113
1.13305664
1.13269042
1.13183593
1.13354492
1.13244628
1.13244628
1.13269042
1.13342285
1.13208007
1.13244628
1.13171386
1.13195800
1.13183593
1.13061523
1.13244628
1.13256835
1.13305664
1.13342285
1.13171386
1.13232421
1.13293457
1.13244628
1.13232421
1.13024902
1.13269042
1.13305664
1.13317871
1.13281250
1.13195800
1.13146972
1.13330078
1.13269042
1.13256835
1.13122558
1.13269042
1.13220214
1.13146972
1.13293457
1.13208007
1.13232421
1.13244628
1.13232421
1.13269042
1.13281250
1.13220214
1.13342285
1.13171386
1.13269042
1.13195800
1.13342285
1.13317871
1.13317871
1.13208007
1.13256835
1.13208007
