1.13293457
1.13342285
1.13317871
1.13183593
1.13232421
1.13244628
1.13293457
1.13269042
1.13244628
1.13232421
1.13281250
1.13281250
1.13293457
1.13293457
1.13269042
1.13208007
1.13281250
1.13281250
1.13281250
1.13232421
1.13281250
1.13122558
1.13195800
1.13281250
1.13244628
1.13195800
1.13330078
1.13208007
1.13256835
1.13293457
1.13330078
1.13269042
1.13330078
1.13281250
1.13342285
1.13269042
1.13232421
1.13281250
1.13305664
1.13244628
1.13208007
1.13330078
1.13244628
1.13330078
1.13122558
1.13244628
1.13330078
1.13305664
1.13159179
1.13269042
1.13232421
1.13183593
1.13232421
1.13342285
1.13085937
1.13391113
1.13208007
1.13244628
1.13293457
1.13293457
1.13269042
1.13378906
1.13342285
1.13281250
1.13256835
1.13232421
1.13171386
1.13244628
1.13281250
1.13110351
1.13220214
1.13269042
1.13256835
1.13146972
1.13256835
1.13317871
1.13208007
1.13305664
1.13171386
1.13256835
1.13269042
1.13317871
1.13293457
1.13195800
1.13305664
1.13171386
1.13317871
1.13330078
1.13269042
1.13171386
1.13317871
1.13232421
1.13208007
1.13085937
1.13366699
1.13281250
1.13293457
1.13378906
1.13293457
1.13146972
1.13256835
1.13342285
1.13244628
1.13146972
1.13220214
1.13293457
1.13171386
1.13330078
1.13293457
1.13269042
1.13110351
1.13232421
1.13281250
1.13244628
1.13183593
1.13293457
1.13256835
1.13232421
1.13366699
1.13220214
1.13330078
1.13220214
1.13232421
1.13232421
1.13342285
1.13098144
1.13244628
1.13330078
1.13085937
1.13244628
1.13354492
1.13256835
1.13354492
1.13281250
1.13171386
1.13403320
1.13098144
1.13244628
1.13232421
1.13110351
1.13293457
1.13342285
1.13378906
1.13256835
1.13232421
1.13317871
1.13122558
1.13317871
1.13269042
1.13134765
1.13317871
1.13195800
1.13256835
1.13281250
1.13098144
1.13220214
1.13293457
1.13183593
1.13317871
1.13269042
1.13146972
1.13220214
1.13330078
1.13208007
1.13330078
1.13317871
1.13220214
1.13317871
1.13317871
1.13085937
1.13366699
1.13269042
1.13354492
1.13378906
1.13244628
1.13281250
1.13366699
1.13195800
1.13354492
1.13244628
1.13403320
1.13500976
1.13549804
1.13549804
1.13403320
1.13500976
1.13500976
1.13415527
1.13562011
1.13378906
1.13500976
1.13537597
1.13562011
1.13549804
1.13708496
1.13525390
1.12683105
1.11389160
1.11193847
1.11230468
