1.13342285
1.13342285
1.13281250
1.13122558
1.13256835
1.13232421
1.13171386
1.13232421
1.13256835
1.13256835
1.13085937
1.13281250
1.13122558
1.13208007
1.13342285
1.13281250
1.13281250
1.13293457
1.13171386
1.13342285
1.13293457
1.13305664
1.13330078
1.13330078
1.13330078
1.13330078
1.13293457
1.13354492
1.13305664
1.13342285
1.13342285
1.13317871
1.13244628
1.13342285
1.13293457
1.13330078
1.13281250
1.13354492
1.13549804
1.13366699
1.12780761
1.13378906
1.13378906
1.13208007
1.13452148
1.13256835
1.13122558
1.13269042
1.13330078
1.13354492
1.13244628
1.13183593
1.13293457
1.13195800
1.13256835
1.13330078
1.13708496
1.13256835
1.13342285
1.13171386
1.13415527
1.13281250
1.13330078
1.13220214
1.13342285
1.13330078
1.13195800
1.13281250
1.13183593
1.13342285
1.13354492
1.13354492
1.13171386
1.13256835
1.13269042
1.13330078
1.13208007
1.13317871
1.13256835
1.13159179
1.13317871
1.13305664
1.13256835
1.13269042
1.13378906
1.13305664
1.13317871
1.13171386
1.13317871
1.13281250
1.13220214
1.13317871
1.13403320
1.13208007
1.13305664
1.13281250
1.13330078
1.13146972
1.13256835
1.13305664
1.13232421
1.13281250
1.13269042
1.13317871
1.13354492
1.13342285
1.13220214
1.13220214
1.13220214
1.13305664
1.13342285
1.13342285
1.13305664
1.13403320
1.13317871
1.13244628
1.13354492
1.13378906
1.13305664
1.13293457
1.13354492
1.13330078
1.13269042
1.13281250
1.13354492
1.13269042
1.13366699
1.13403320
1.13330078
1.13146972
1.13378906
1.13342285
1.13208007
1.13366699
1.13330078
1.13220214
1.13281250
1.13317871
1.13317871
1.13208007
1.13317871
1.13366699
1.13366699
1.13256835
1.13244628
1.13378906
1.13354492
1.13317871
1.13281250
1.13317871
1.13378906
1.13281250
1.13391113
1.13232421
1.13281250
1.13305664
1.13281250
1.13317871
1.13378906
1.13330078
1.13220214
1.13281250
1.13342285
1.13305664
1.13464355
1.13452148
1.13488769
1.13452148
1.13452148
1.13208007
1.13415527
1.13415527
1.13354492
1.13403320
1.13476562
1.13342285
1.13354492
1.13513183
1.13366699
1.13549804
1.13488769
1.13464355
1.13452148
1.13464355
1.13537597
1.13403320
1.13500976
1.13500976
1.13452148
1.13537597
1.13513183
1.13476562
1.13623046
1.13537597
1.13488769
1.13769531
1.13183593
1.12658691
1.15283203
1.12023925
