1.27441406
1.27075195
1.26538085
1.26452636
1.27355957
1.27185058
1.27307128
1.26928710
1.26855468
1.27319335
1.26440429
1.26684570
1.26892089
1.26953125
1.26684570
1.27404785
1.26953125
1.27343750
1.27270507
1.27172851
1.26940917
1.27307128
1.27380371
1.26660156
1.26989746
1.27282714
1.27319335
1.27343750
1.26940917
1.27319335
1.26989746
1.26879882
1.26928710
1.27246093
1.27099609
1.26867675
1.26879882
1.26806640
1.27136230
1.26928710
1.27319335
1.27197265
1.26501464
1.26831054
1.27307128
1.26940917
1.26391601
1.26696777
1.27062988
1.27075195
1.27026367
1.26708984
1.26940917
1.26965332
1.27294921
1.27416992
1.27197265
1.27172851
1.27319335
1.26928710
1.27197265
1.26452636
1.26831054
1.26708984
1.26391601
1.26940917
1.26647949
1.26953125
1.26953125
1.26879882
1.26965332
1.26806640
1.27185058
1.26806640
1.27221679
1.26928710
1.27453613
1.26745605
1.26928710
1.27172851
1.26818847
1.26721191
1.26867675
1.26721191
1.27197265
1.27062988
1.26574707
1.27087402
1.26818847
1.26831054
1.27209472
1.27062988
1.26953125
1.27319335
1.26965332
1.26831054
1.26464843
1.26806640
1.27246093
1.26843261
1.26928710
1.26831054
1.26818847
1.26452636
1.27197265
1.26940917
1.26416015
1.26562500
1.26196289
1.26452636
1.26574707
1.26818847
1.26818847
1.26550292
1.26440429
1.26306152
1.26782226
1.26940917
1.26696777
1.26757812
1.26965332
1.26818847
1.26684570
1.26831054
1.26428222
1.26904296
1.26855468
1.26806640
1.26721191
1.26733398
1.26672363
1.26440429
1.26940917
1.26757812
1.26940917
1.26940917
1.26684570
1.26818847
1.26806640
1.26928710
1.26940917
1.26940917
1.26916503
1.26696777
1.26818847
1.26708984
1.26770019
1.26940917
1.27124023
1.26611328
1.26928710
1.26904296
1.26696777
1.26940917
1.26696777
1.26684570
1.26928710
1.26940917
1.27001953
1.27453613
1.26904296
1.27197265
1.26818847
1.26940917
1.26940917
1.26806640
1.26818847
1.27441406
1.26855468
1.26940917
1.27111816
1.26757812
1.27160644
1.27307128
1.26940917
1.26574707
1.27282714
1.27246093
1.26818847
1.26574707
1.26953125
1.26928710
1.27319335
1.27343750
1.26953125
1.27294921
1.26953125
1.26989746
1.26904296
1.27001953
1.26635742
1.26940917
1.26684570
1.27319335
1.26696777
1.26818847
1.26843261
1.26940917
1.26586914
1.26904296
