1.26599121
1.27319335
1.26818847
1.26953125
1.27441406
1.27307128
1.26403808
1.27416992
1.27197265
1.26647949
1.27075195
1.27001953
1.27319335
1.26843261
1.26806640
1.27319335
1.26879882
1.27319335
1.27014160
1.26940917
1.26721191
1.27441406
1.27319335
1.27062988
1.27368164
1.26257324
1.26831054
1.26818847
1.26464843
1.26696777
1.27319335
1.26733398
1.26928710
1.26831054
1.26440429
1.26843261
1.26831054
1.26940917
1.27197265
1.27197265
1.26733398
1.27307128
1.26440429
1.27160644
1.26928710
1.26916503
1.26696777
1.26940917
1.27075195
1.27075195
1.27319335
1.27221679
1.27319335
1.26904296
1.27893066
1.27197265
1.27319335
1.26928710
1.26708984
1.26940917
1.26953125
1.27465820
1.27062988
1.27319335
1.26708984
1.26940917
1.26647949
1.26965332
1.27038574
1.27172851
1.26953125
1.27136230
1.27368164
1.26708984
1.26342773
1.26330566
1.26818847
1.26989746
1.27185058
1.26818847
1.26806640
1.26330566
1.26843261
1.26684570
1.26586914
1.27429199
1.26965332
1.27380371
1.26757812
1.26733398
1.27197265
1.26721191
1.26818847
1.27441406
1.27197265
1.26953125
1.26953125
1.27197265
1.27197265
1.26818847
1.26818847
1.26965332
1.27075195
1.26904296
1.26684570
1.26818847
1.26940917
1.27111816
1.26806640
1.26928710
1.26953125
1.26391601
1.27404785
1.26721191
1.27319335
1.26721191
1.26818847
1.26916503
1.26782226
1.26513671
1.26940917
1.26367187
1.26452636
1.27197265
1.25952148
1.26879882
1.27197265
1.27197265
1.27319335
1.26818847
1.27429199
1.27221679
1.26831054
1.26818847
1.26940917
1.26977539
1.26928710
1.26940917
1.27185058
1.27380371
1.26940917
1.26843261
1.27246093
1.27441406
1.27319335
1.27111816
1.27197265
1.27465820
1.27319335
1.26843261
1.27185058
1.27429199
1.26696777
1.27270507
1.27307128
1.27026367
1.26440429
1.27185058
1.27075195
1.27185058
1.27319335
1.27270507
1.27185058
1.27319335
1.27319335
1.27075195
1.27209472
1.27331542
1.26562500
1.26428222
1.27209472
1.27001953
1.27319335
1.27172851
1.26684570
1.27136230
1.26562500
1.26562500
1.26000976
1.26330566
1.26574707
1.25830078
1.26562500
1.26330566
1.26330566
1.26940917
1.26684570
1.26818847
1.26818847
1.27124023
1.26672363
1.26940917
1.26806640
1.26818847
1.26928710
1.26806640
1.26696777
1.26574707
1.26708984
1.26928710
