1.26965332
1.27282714
1.27075195
1.27319335
1.27124023
1.27197265
1.27075195
1.26953125
1.26757812
1.27441406
1.26940917
1.26745605
1.27075195
1.27331542
1.26562500
1.26696777
1.27307128
1.27404785
1.26623535
1.27148437
1.26562500
1.26452636
1.27136230
1.27441406
1.27197265
1.27062988
1.27307128
1.27258300
1.27026367
1.27075195
1.26733398
1.26354980
1.26928710
1.26818847
1.26940917
1.27429199
1.27246093
1.26342773
1.27038574
1.27087402
1.27221679
1.26953125
1.26940917
1.26879882
1.26965332
1.26843261
1.26928710
1.26879882
1.26843261
1.26904296
1.27441406
1.27429199
1.26843261
1.27319335
1.26879882
1.26965332
1.26464843
1.27209472
1.27331542
1.27307128
1.26696777
1.26953125
1.26843261
1.27331542
1.26940917
1.27441406
1.26904296
1.26940917
1.26818847
1.26770019
1.27185058
1.27209472
1.26953125
1.26574707
1.26660156
1.26831054
1.26733398
1.26342773
1.26867675
1.26708984
1.26940917
1.27392578
1.27319335
1.27221679
1.27319335
1.27282714
1.26855468
1.26928710
1.27197265
1.26892089
1.25964355
1.26953125
1.26599121
1.26708984
1.26660156
1.27197265
1.26721191
1.26342773
1.27307128
1.26965332
1.27307128
1.26464843
1.27319335
1.26940917
1.26354980
1.26953125
1.26696777
1.26818847
1.26586914
1.26843261
1.26940917
1.26916503
1.26708984
1.27197265
1.27246093
1.27197265
1.27319335
1.26806640
1.27319335
1.26806640
1.26818847
1.26342773
1.26245117
1.26953125
1.26770019
1.27062988
1.27673339
1.26599121
1.27075195
1.27319335
1.27319335
1.27319335
1.27014160
1.27441406
1.26574707
1.27270507
1.27185058
1.27197265
1.27221679
1.27282714
1.26745605
1.26696777
1.27441406
1.27307128
1.26818847
1.26818847
1.27075195
1.26977539
1.27355957
1.27441406
1.27075195
1.27221679
1.26818847
1.27124023
1.26818847
1.27319335
1.27282714
1.27233886
1.27319335
1.27233886
1.27429199
1.26782226
1.26953125
1.27014160
1.26892089
1.27185058
1.26049804
1.26599121
1.27282714
1.27014160
1.25964355
1.27136230
1.26892089
1.26721191
1.28576660
1.27014160
1.26953125
1.26916503
1.26647949
1.26916503
1.27014160
1.28637695
1.26782226
1.27001953
1.27014160
1.27502441
1.26782226
1.27685546
1.26904296
1.27026367
1.26892089
1.27026367
1.26647949
1.26879882
1.27075195
1.27893066
1.27160644
1.26599121
1.27258300
1.27148437
