1.01525878
1.01489257
1.04370117
1.02343750
1.00292968
1.01416015
1.00659179
1.00671386
1.00610351
1.00744628
1.02612304
1.00854492
1.00903320
1.01135253
1.00781250
1.01232910
1.02429199
1.00756835
1.02026367
1.01171875
1.01184082
1.01293945
1.01269531
1.01098632
1.01135253
1.00952148
1.01159667
1.01269531
1.01647949
1.00659179
1.01416015
1.01708984
1.01232910
1.02416992
1.01086425
1.00988769
1.01782226
1.01171875
1.01196289
1.00842285
1.02502441
1.00830078
1.01086425
1.00903320
1.01025390
1.01135253
1.02478027
1.01037597
1.00561523
1.01062011
1.02770996
1.01147460
1.00622558
1.00695800
1.00598144
1.02136230
1.02734375
1.00817871
1.01049804
1.00708007
1.01525878
1.01293945
1.01940917
1.00817871
1.00854492
1.00695800
1.01489257
1.02465820
1.01257324
1.01440429
1.00903320
1.00598144
1.02770996
1.01086425
1.00549316
1.00769042
1.00744628
1.00463867
1.00744628
1.00280761
1.02673339
1.00512695
1.02624511
1.01452636
1.01440429
1.00671386
1.02136230
1.00939941
1.02197265
1.00585937
1.02465820
1.00769042
1.02722167
1.00988769
1.00659179
1.00720214
1.01025390
1.00964355
1.01184082
1.01245117
1.01098632
1.01391601
1.01000976
1.01025390
1.01818847
1.01135253
1.00964355
1.01232910
1.01269531
1.01000976
1.02124023
1.01489257
1.01342773
1.01696777
1.01208496
1.01501464
1.02148437
1.00915527
1.01452636
1.01220703
1.01110839
1.00927734
1.01354980
1.01049804
1.01135253
1.01416015
1.00549316
1.01293945
1.02111816
1.01208496
1.01232910
1.00585937
1.01110839
1.01330566
1.01269531
1.01074218
1.00903320
1.01538085
1.01257324
1.01184082
1.02490234
1.01098632
1.00842285
1.02380371
1.01293945
1.01171875
1.01147460
1.01000976
1.02624511
1.01440429
1.01525878
1.01538085
1.01184082
1.01379394
1.00708007
1.00695800
1.01574707
1.01428222
1.00854492
1.00769042
1.00891113
1.01062011
1.00805664
1.00842285
1.00671386
1.00451660
1.00134277
1.01135253
1.00915527
1.02465820
1.00866699
1.02233886
1.01098632
1.01062011
1.00390625
1.01062011
1.02795410
1.00903320
1.02368164
1.01184082
1.00488281
1.01208496
1.01367187
1.02307128
1.02075195
1.01171875
1.01599121
1.01281738
1.00561523
1.01452636
1.02685546
1.01171875
1.00732421
1.01330566
1.01501464
1.00573730
1.00671386
1.01159667
1.01330566
1.01538085
