1.01782226
1.05102539
1.05346679
1.02343750
1.00646972
1.02636718
1.00585937
1.02001953
1.01013183
1.02258300
1.01171875
1.02978515
1.01000976
1.02636718
1.00585937
1.00976562
1.00891113
1.00610351
1.00988769
1.02575683
1.01049804
1.01232910
1.02490234
1.02502441
1.00952148
1.00537109
1.00781250
1.01281738
1.01220703
1.00952148
1.01074218
1.00964355
1.00366210
1.00854492
1.00781250
1.01379394
1.01611328
1.00854492
1.00427246
1.00561523
1.01147460
1.02209472
1.01049804
1.01220703
1.02502441
1.01281738
1.01086425
1.01025390
1.01184082
1.00708007
1.01342773
1.00451660
1.01428222
1.02355957
1.01208496
1.01379394
1.01257324
1.01477050
1.01831054
1.02478027
1.01159667
1.00952148
1.00756835
1.00756835
1.00463867
1.01525878
1.01147460
1.01147460
1.01171875
1.00231933
1.01013183
1.00976562
1.00927734
1.01635742
1.01232910
1.00842285
1.02282714
1.02917480
1.01623535
1.01049804
1.02465820
1.01281738
1.01086425
1.01208496
1.01538085
1.01367187
1.00708007
1.01196289
1.01525878
1.01000976
1.01525878
1.01513671
1.01196289
1.01037597
1.01672363
1.00988769
1.00891113
1.01208496
1.01147460
1.01159667
1.02270507
1.01013183
1.00915527
1.01086425
1.01123046
1.01013183
1.02124023
1.01049804
1.00939941
1.01599121
1.01196289
1.02343750
1.01049804
1.02526855
1.02587890
1.02978515
1.01293945
1.01232910
1.02050781
1.01342773
1.02526855
1.00756835
1.01599121
1.01098632
1.01123046
1.01074218
1.01672363
1.01184082
1.01428222
1.01245117
1.02746582
1.01220703
1.02416992
1.01354980
1.01123046
1.01416015
1.02124023
1.01464843
1.01330566
1.01770019
1.02563476
1.00964355
1.01440429
1.01013183
1.01318359
1.01196289
1.01501464
1.02136230
1.00561523
1.00854492
1.00769042
1.01416015
1.01171875
1.02441406
1.01501464
1.01269531
1.01623535
1.01306152
1.00622558
1.01013183
1.01513671
1.02014160
1.01342773
1.01354980
1.02270507
1.00781250
1.02404785
1.00634765
1.01354980
1.01306152
1.01098632
1.00744628
1.01733398
1.01208496
1.00866699
1.00805664
1.02429199
1.00695800
1.00756835
1.01293945
1.01513671
1.00878906
1.01147460
1.01147460
1.00939941
1.00756835
1.00781250
1.00891113
1.01379394
1.01525878
1.00671386
1.01464843
1.01000976
1.01147460
1.01293945
1.01501464
1.00805664
1.01171875
1.01269531
1.00732421
