1.01562500
1.02807617
1.00561523
1.00329589
1.02819824
1.01306152
1.00500488
1.00708007
1.01281738
1.01367187
1.00744628
1.02355957
1.01257324
1.01293945
1.01123046
1.01330566
1.02233886
1.02587890
1.02209472
1.01477050
1.00695800
1.00573730
1.01525878
1.01281738
1.01013183
1.01354980
1.02673339
1.01293945
1.01208496
1.01452636
1.01318359
1.01000976
1.02490234
1.00976562
1.01379394
1.01525878
1.01245117
1.01208496
1.02014160
1.02136230
1.01904296
1.02136230
1.01892089
1.02099609
1.02172851
1.02111816
1.02124023
1.02416992
1.02197265
1.02209472
1.02160644
1.01855468
1.01904296
1.02050781
1.02270507
1.02319335
1.01867675
1.02172851
1.01855468
1.02124023
1.01855468
1.02099609
1.01977539
1.01977539
1.01928710
1.02038574
1.02050781
1.02307128
1.02087402
1.02014160
1.02026367
1.01989746
1.01831054
1.02087402
1.02160644
1.01892089
1.02380371
1.02319335
1.02172851
1.01794433
1.02124023
1.02075195
1.02026367
1.01831054
1.02075195
1.01782226
1.02087402
1.02160644
1.01989746
1.02075195
1.02185058
1.02233886
1.01721191
1.02136230
1.02099609
1.02075195
1.02197265
1.02124023
1.02026367
1.02307128
1.02392578
1.02221679
1.02050781
1.02026367
1.01879882
1.02099609
1.01989746
1.01989746
1.02075195
1.01855468
1.02062988
1.02294921
1.02099609
1.02038574
1.02404785
1.02270507
1.01916503
1.02087402
1.01916503
1.02380371
1.02124023
1.02136230
1.02343750
1.02038574
1.02197265
1.02221679
1.02172851
1.02099609
1.01989746
1.02099609
1.02099609
1.02099609
1.02197265
1.01916503
1.02343750
1.02185058
1.01696777
1.01123046
1.01550292
1.01232910
1.00903320
1.01013183
1.02490234
1.01171875
1.00952148
1.01281738
1.02001953
1.02673339
1.02551269
1.00878906
1.02380371
1.01489257
1.01000976
1.01733398
1.02478027
1.01220703
1.01586914
1.01721191
1.01147460
1.00598144
1.02563476
1.00524902
1.00756835
1.02416992
1.01123046
1.01269531
1.01147460
1.01147460
1.02001953
1.01428222
1.02709960
1.01269531
1.01403808
1.01074218
1.01147460
1.01635742
1.02258300
1.02014160
1.01074218
1.01208496
1.01196289
1.01184082
1.01489257
1.01062011
1.02148437
1.00939941
1.01208496
1.01513671
1.01220703
1.01159667
1.01623535
1.01342773
1.01269531
1.01171875
1.02185058
1.01013183
1.01184082
1.00952148
1.02368164
1.01977539
