1.00781250
1.02526855
1.00793457
1.00756835
1.00781250
1.00585937
1.00659179
1.01477050
1.01245117
1.00927734
1.02587890
1.00671386
1.00488281
1.01171875
1.00549316
1.01013183
1.00939941
1.00708007
1.02722167
1.00854492
1.01257324
1.01452636
1.01184082
1.00793457
1.01721191
1.02355957
1.02441406
1.00817871
1.01647949
1.01245117
1.01196289
1.02111816
1.02575683
1.01245117
1.01464843
1.02001953
1.01037597
1.01623535
1.02429199
1.01916503
1.02429199
1.01843261
1.02160644
1.01989746
1.02282714
1.01989746
1.02001953
1.02075195
1.02172851
1.02319335
1.01867675
1.02099609
1.01953125
1.02026367
1.02343750
1.02026367
1.02111816
1.02246093
1.01892089
1.02197265
1.02050781
1.02099609
1.02441406
1.02160644
1.02246093
1.02062988
1.02124023
1.02087402
1.02001953
1.02197265
1.02258300
1.01904296
1.01928710
1.02014160
1.02185058
1.02221679
1.02124023
1.01989746
1.02172851
1.02014160
1.01831054
1.02087402
1.02014160
1.01794433
1.02001953
1.02001953
1.02355957
1.02380371
1.02368164
1.02075195
1.01892089
1.02026367
1.02258300
1.01953125
1.02160644
1.02062988
1.02221679
1.02172851
1.02160644
1.02160644
1.02026367
1.01904296
1.01818847
1.02221679
1.02246093
1.02502441
1.01940917
1.02307128
1.02075195
1.02233886
1.01977539
1.01867675
1.02172851
1.02294921
1.02233886
1.02124023
1.01989746
1.02441406
1.01953125
1.01940917
1.01403808
1.02075195
1.02099609
1.02343750
1.01940917
1.02282714
1.02136230
1.02050781
1.01953125
1.01977539
1.02209472
1.02197265
1.01892089
1.02368164
1.01989746
1.01794433
1.01965332
1.02124023
1.02270507
1.02197265
1.02026367
1.02062988
1.01879882
1.01989746
1.01855468
1.01867675
1.01904296
1.01977539
1.02062988
1.02294921
1.01757812
1.02124023
1.01879882
1.02246093
1.02368164
1.02026367
1.02319335
1.02136230
1.02099609
1.02160644
1.02246093
1.02014160
1.02062988
1.02404785
1.01867675
1.02172851
1.02319335
1.01916503
1.00976562
1.01269531
1.02453613
1.01464843
1.01062011
1.00964355
1.00915527
1.01171875
1.01232910
1.01135253
1.01257324
1.00927734
1.02600097
1.01171875
1.01257324
1.02172851
1.00952148
1.01037597
1.01086425
1.01623535
1.01269531
1.01049804
1.01208496
1.01208496
1.01098632
1.02001953
1.01208496
1.00915527
1.02148437
1.01940917
1.02197265
1.02087402
