1.01330566
1.00598144
1.01049804
1.01184082
1.02465820
1.01684570
1.01000976
1.01391601
1.00854492
1.02294921
1.01660156
1.00708007
1.00976562
1.00634765
1.01989746
1.00402832
1.00720214
1.00524902
1.02575683
1.02148437
1.00964355
1.01733398
1.01135253
1.00903320
1.01354980
1.00891113
1.01184082
1.02697753
1.01245117
1.01147460
1.01477050
1.00415039
1.00646972
1.01269531
1.01086425
1.02697753
1.01501464
1.01025390
1.01269531
1.01403808
1.01245117
1.01220703
1.01049804
1.01245117
1.01440429
1.01306152
1.01013183
1.01672363
1.01159667
1.01354980
1.01135253
1.01293945
1.00952148
1.01110839
1.02221679
1.01367187
1.02221679
1.01208496
1.01220703
1.01232910
1.01538085
1.01452636
1.00793457
1.01232910
1.01489257
1.01562500
1.00805664
1.00891113
1.01269531
1.01135253
1.01098632
1.01501464
1.02319335
1.01318359
1.01867675
1.02294921
1.02624511
1.01013183
1.01513671
1.01525878
1.01513671
1.02307128
1.02111816
1.02404785
1.02160644
1.01977539
1.02185058
1.02111816
1.02026367
1.02050781
1.01843261
1.02099609
1.01940917
1.02075195
1.02062988
1.02160644
1.02246093
1.02038574
1.02307128
1.01904296
1.02429199
1.02001953
1.01928710
1.02124023
1.02307128
1.02392578
1.01904296
1.02148437
1.02099609
1.02087402
1.02380371
1.01757812
1.01953125
1.02111816
1.02148437
1.02014160
1.02099609
1.02075195
1.02270507
1.01953125
1.02148437
1.01965332
1.02026367
1.02136230
1.02124023
1.02148437
1.01892089
1.02380371
1.02148437
1.01916503
1.01831054
1.02172851
1.02124023
1.02014160
1.02099609
1.01855468
1.01989746
1.02233886
1.01770019
1.02124023
1.02001953
1.02648925
1.02001953
1.02246093
1.02319335
1.02160644
1.02075195
1.02172851
1.02014160
1.02258300
1.01879882
1.02221679
1.01977539
1.02075195
1.02258300
1.02307128
1.02099609
1.01843261
1.02600097
1.02062988
1.01879882
1.02050781
1.01953125
1.01965332
1.01831054
1.02111816
1.01928710
1.01818847
1.02185058
1.02038574
1.02014160
1.02307128
1.01782226
1.02062988
1.02087402
1.02136230
1.01940917
1.01855468
1.02172851
1.01843261
1.02197265
1.02075195
1.01916503
1.02001953
1.02307128
1.02136230
1.02233886
1.02026367
1.02087402
1.01928710
1.01818847
1.01867675
1.01892089
1.01940917
1.02099609
1.01965332
1.02148437
1.02099609
1.01867675
1.02185058
