1.00695800
1.01135253
1.01940917
1.00732421
1.00842285
1.00805664
1.00878906
1.00891113
1.01037597
1.02673339
1.01440429
1.00708007
1.01037597
1.00915527
1.01989746
1.01037597
1.01123046
1.00561523
1.00720214
1.00415039
1.02770996
1.01000976
1.01171875
1.00976562
1.00891113
1.01281738
1.02697753
1.00720214
1.02587890
1.00952148
1.00903320
1.00744628
1.00561523
1.01208496
1.02392578
1.01074218
1.01428222
1.01208496
1.01037597
1.01196289
1.01147460
1.02282714
1.02526855
1.02343750
1.01257324
1.01452636
1.01269531
1.00830078
1.02539062
1.01696777
1.02429199
1.01098632
1.02734375
1.02368164
1.01281738
1.00573730
1.02734375
1.02661132
1.01184082
1.01391601
1.01354980
1.01660156
1.01269531
1.02343750
1.01000976
1.01037597
1.01232910
1.01281738
1.01428222
1.01074218
1.01135253
1.01586914
1.01464843
1.01025390
1.01354980
1.01257324
1.01672363
1.01342773
1.01025390
1.02148437
1.01989746
1.01977539
1.02246093
1.02111816
1.01867675
1.02099609
1.02050781
1.02172851
1.01867675
1.02062988
1.02001953
1.02038574
1.02197265
1.02038574
1.02014160
1.01904296
1.02038574
1.02001953
1.02026367
1.02014160
1.02038574
1.02148437
1.02429199
1.02136230
1.02087402
1.01965332
1.02124023
1.01892089
1.02270507
1.02050781
1.01904296
1.02282714
1.01831054
1.01855468
1.01904296
1.01977539
1.01989746
1.01928710
1.01977539
1.02136230
1.01831054
1.02087402
1.01879882
1.01989746
1.02136230
1.02001953
1.02062988
1.01940917
1.02050781
1.02136230
1.01892089
1.02246093
1.02221679
1.02416992
1.02124023
1.02136230
1.02075195
1.02172851
1.02246093
1.02038574
1.02258300
1.02014160
1.01940917
1.02136230
1.01806640
1.01770019
1.01989746
1.02050781
1.02062988
1.02062988
1.02087402
1.01855468
1.02050781
1.01904296
1.02087402
1.02575683
1.02429199
1.02197265
1.02087402
1.01904296
1.02038574
1.02038574
1.02111816
1.01977539
1.02478027
1.02075195
1.01940917
1.02136230
1.02160644
1.02136230
1.02136230
1.01989746
1.01977539
1.02099609
1.02038574
1.02075195
1.02111816
1.01745605
1.01879882
1.02136230
1.02050781
1.02233886
1.02197265
1.02050781
1.01855468
1.02136230
1.02233886
1.01928710
1.02026367
1.02038574
1.02148437
1.02172851
1.02087402
1.01879882
1.02001953
1.02319335
1.02014160
1.01965332
1.02172851
1.02001953
