1.21606445
1.21936035
1.21850585
1.21936035
1.21679687
1.21801757
1.21643066
1.21557617
1.21569824
1.21704101
1.21923828
1.21838378
1.21569824
1.21936035
1.21777343
1.21838378
1.21801757
1.21704101
1.21325683
1.21447753
1.21972656
1.21618652
1.19201660
1.19702148
1.19812011
1.20056152
1.20043945
1.18994140
1.19299316
1.18933105
1.19006347
1.19140625
1.19067382
1.18823242
1.18701171
1.18957519
1.18872070
1.19177246
1.19067382
1.19311523
1.18640136
1.18920898
1.18823242
1.18688964
1.18688964
1.18688964
1.18701171
1.19177246
1.19177246
1.19067382
1.19201660
1.19067382
1.19128417
1.19189453
1.18505859
1.19067382
1.19091796
1.18823242
1.18872070
1.18579101
1.18579101
1.19555664
1.18566894
1.18688964
1.19189453
1.18969726
1.17443847
1.16821289
1.17285156
1.17077636
1.16687011
1.17175292
1.16943359
1.16870117
1.17272949
1.16955566
1.16772460
1.16992187
1.16809082
1.17309570
1.17065429
1.17175292
1.17236328
1.17016601
1.16882324
1.16845703
1.17175292
1.17053222
1.16943359
1.17175292
1.17175292
1.16870117
1.17224121
1.17175292
1.16955566
1.17065429
1.16564941
1.17065429
1.17065429
1.17004394
1.16943359
1.16979980
1.17065429
1.16699218
1.16943359
1.17053222
1.15197753
1.15051269
1.15087890
1.15295410
1.15295410
1.14929199
1.15417480
1.15173339
1.15051269
1.15051269
1.15173339
1.15356445
1.14929199
1.14831542
1.15295410
1.15063476
1.15258789
1.15063476
1.15112304
1.14916992
1.16015625
1.15039062
1.15478515
1.15417480
1.15295410
1.15161132
1.15673828
1.15063476
1.15051269
1.15209960
1.15026855
1.15161132
1.15173339
1.15429687
1.15417480
1.15051269
1.15002441
1.15100097
1.15161132
1.15051269
1.13415527
1.13171386
1.13037109
1.13183593
1.13293457
1.13305664
1.13232421
1.13281250
1.13293457
1.13171386
1.13220214
1.13256835
1.13171386
1.13159179
1.13244628
1.13171386
1.13146972
1.13269042
1.13317871
1.13256835
1.13269042
1.13305664
1.13049316
1.13171386
1.13293457
1.13159179
1.13122558
1.13195800
1.13256835
1.13281250
1.13159179
1.13220214
1.13293457
1.13171386
1.13171386
1.13171386
1.13281250
1.13049316
1.13171386
1.12927246
1.13244628
1.13024902
1.13085937
1.13317871
1.13293457
1.13159179
1.13281250
1.13012695
1.13171386
1.13293457
1.13159179
1.13293457
1.13281250
1.13098144
