1.21557617
1.21862792
1.21936035
1.21801757
1.21325683
1.21936035
1.21643066
1.21667480
1.21569824
1.21667480
1.21862792
1.21020507
1.21679687
1.21472167
1.21105957
1.21179199
1.21936035
1.21923828
1.21679687
1.21850585
1.21679687
1.21813964
1.21569824
1.21643066
1.21691894
1.21252441
1.21569824
1.21801757
1.21533203
1.20947265
1.20922851
1.21020507
1.20959472
1.18811035
1.19226074
1.18481445
1.18701171
1.18688964
1.18933105
1.18811035
1.19140625
1.18920898
1.18933105
1.18920898
1.18457031
1.18823242
1.19042968
1.18811035
1.19152832
1.18688964
1.18957519
1.19067382
1.18322753
1.18579101
1.18457031
1.18444824
1.18347167
1.18774414
1.18664550
1.18823242
1.19067382
1.19055175
1.19189453
1.18811035
1.19189453
1.18261718
1.19055175
1.19067382
1.19067382
1.18945312
1.19067382
1.18786621
1.18847656
1.18823242
1.18774414
1.18945312
1.19274902
1.18701171
1.18371582
1.18688964
1.18701171
1.18737792
1.19055175
1.18737792
1.19006347
1.18884277
1.18688964
1.19067382
1.18225097
1.19104003
1.18457031
1.18994140
1.18994140
1.18933105
1.18688964
1.19177246
1.19067382
1.18713378
1.19177246
1.18945312
1.18627929
1.18884277
1.18701171
1.17175292
1.17041015
1.16809082
1.16723632
1.17297363
1.16931152
1.16931152
1.16821289
1.16687011
1.16931152
1.17541503
1.17175292
1.17065429
1.17053222
1.17321777
1.16931152
1.17175292
1.17175292
1.17309570
1.17175292
1.16882324
1.16967773
1.17541503
1.17199707
1.17443847
1.17297363
1.16943359
1.17053222
1.16931152
1.16821289
1.16931152
1.17053222
1.16833496
1.16894531
1.16943359
1.17126464
1.17065429
1.16955566
1.17028808
1.16943359
1.17016601
1.17053222
1.17089843
1.17065429
1.16955566
1.16943359
1.16943359
1.16943359
1.16809082
1.16906738
1.16870117
1.16979980
1.16870117
1.16772460
1.16931152
1.17077636
1.16821289
1.16821289
1.16809082
1.16931152
1.17028808
1.16931152
1.16918945
1.16955566
1.17126464
1.16760253
1.16809082
1.16931152
1.17028808
1.17028808
1.16857910
1.16943359
1.17077636
1.16931152
1.16845703
1.16931152
1.17443847
1.16943359
1.17431640
1.17089843
1.17065429
1.16943359
1.16809082
1.17065429
1.17004394
1.16333007
1.16662597
1.17517089
1.17285156
1.16662597
1.16796875
1.17431640
1.17395019
1.17395019
1.17395019
1.17395019
1.18322753
