1.21679687
1.21923828
1.21667480
1.21740722
1.21691894
1.21679687
1.21569824
1.21960449
1.21557617
1.21630859
1.21911621
1.21679687
1.21667480
1.21936035
1.21105957
1.21618652
1.21569824
1.21545410
1.21655273
1.21618652
1.21838378
1.21704101
1.21618652
1.19689941
1.20043945
1.19934082
1.18823242
1.19128417
1.19104003
1.18945312
1.18847656
1.19067382
1.18701171
1.19006347
1.18823242
1.18945312
1.18933105
1.19323730
1.18774414
1.18823242
1.18945312
1.18994140
1.19067382
1.18688964
1.19067382
1.18945312
1.18933105
1.18579101
1.19018554
1.19055175
1.19299316
1.19067382
1.19311523
1.18823242
1.18713378
1.18823242
1.19396972
1.18823242
1.18945312
1.18811035
1.19018554
1.19177246
1.19299316
1.18957519
1.17370605
1.17382812
1.16699218
1.16931152
1.17175292
1.16833496
1.16943359
1.16992187
1.16687011
1.16955566
1.16699218
1.16699218
1.16943359
1.17321777
1.16943359
1.17321777
1.17004394
1.16748046
1.16955566
1.16821289
1.16943359
1.17199707
1.16992187
1.17297363
1.17236328
1.17077636
1.17224121
1.17175292
1.16772460
1.17053222
1.17065429
1.17443847
1.16931152
1.17187500
1.16931152
1.17297363
1.17175292
1.17553710
1.16699218
1.17309570
1.17065429
1.15576171
1.15173339
1.15075683
1.15173339
1.15551757
1.15185546
1.15197753
1.15295410
1.15051269
1.14941406
1.15075683
1.14868164
1.15148925
1.15551757
1.15063476
1.15063476
1.15295410
1.15295410
1.14953613
1.15063476
1.14807128
1.15063476
1.15673828
1.15112304
1.15417480
1.15173339
1.15283203
1.15063476
1.15295410
1.15124511
1.15307617
1.15051269
1.15393066
1.15051269
1.15075683
1.14929199
1.15148925
1.15515136
1.15551757
1.15600585
1.15576171
1.15576171
1.15563964
1.15551757
1.15173339
1.15673828
1.14965820
1.15063476
1.15673828
1.15441894
1.15173339
1.15063476
1.15661621
1.15661621
1.15100097
1.15002441
1.15673828
1.15563964
1.14941406
1.15173339
1.15686035
1.15563964
1.14953613
1.15051269
1.15673828
1.15551757
1.15185546
1.15063476
1.15673828
1.15673828
1.15112304
1.15063476
1.15563964
1.15454101
1.14941406
1.13049316
1.13671875
1.13671875
1.13354492
1.13781738
1.13293457
1.13793945
1.13671875
1.13171386
1.13671875
1.13671875
1.13281250
1.13293457
1.13781738
1.13793945
1.13171386
1.13293457
1.13854980
1.13171386
1.13671875
