1.21679687
1.21752929
1.21679687
1.21862792
1.21691894
1.21447753
1.21569824
1.21582031
1.21813964
1.21679687
1.21459960
1.21667480
1.21691894
1.21765136
1.21826171
1.21679687
1.21569824
1.21813964
1.21301269
1.21887207
1.21936035
1.21679687
1.21679687
1.21569824
1.21691894
1.21533203
1.21936035
1.21936035
1.19799804
1.20166015
1.19433593
1.19055175
1.19323730
1.19213867
1.19055175
1.19055175
1.19055175
1.18945312
1.18688964
1.18566894
1.18762207
1.18579101
1.18701171
1.18688964
1.19177246
1.19384765
1.19104003
1.18811035
1.18933105
1.19189453
1.18701171
1.18701171
1.18798828
1.19055175
1.18737792
1.18688964
1.19287109
1.18701171
1.18701171
1.18872070
1.18957519
1.18933105
1.19226074
1.18945312
1.19055175
1.18750000
1.19433593
1.18859863
1.18823242
1.18884277
1.17053222
1.16943359
1.17138671
1.16943359
1.17565917
1.17175292
1.17297363
1.16711425
1.17175292
1.16931152
1.16931152
1.16955566
1.17041015
1.16943359
1.17199707
1.16931152
1.16943359
1.16687011
1.17443847
1.17285156
1.16931152
1.16943359
1.16943359
1.17199707
1.17297363
1.17065429
1.16931152
1.16796875
1.16821289
1.17077636
1.16931152
1.16979980
1.16906738
1.17297363
1.16809082
1.16479492
1.16943359
1.16699218
1.16931152
1.17761230
1.16809082
1.16943359
1.16918945
1.16943359
1.17321777
1.17138671
1.16918945
1.16589355
1.16491699
1.17199707
1.17248535
1.16564941
1.16845703
1.16882324
1.17126464
1.17077636
1.15881347
1.15051269
1.15173339
1.15307617
1.15173339
1.15173339
1.15612792
1.15075683
1.15173339
1.15087890
1.15148925
1.15112304
1.15295410
1.15612792
1.15185546
1.15173339
1.15173339
1.15185546
1.14929199
1.15063476
1.15051269
1.14929199
1.14941406
1.15051269
1.14941406
1.15051269
1.14929199
1.15063476
1.15051269
1.15063476
1.15173339
1.15185546
1.15051269
1.15063476
1.15246582
1.15112304
1.15063476
1.15173339
1.15002441
1.15124511
1.15209960
1.15173339
1.15039062
1.15026855
1.15148925
1.15173339
1.14929199
1.14953613
1.14941406
1.14929199
1.15051269
1.15185546
1.15063476
1.15173339
1.15185546
1.14953613
1.14941406
1.15039062
1.14929199
1.14953613
1.15063476
1.15173339
1.15173339
1.15014648
1.15014648
1.14929199
1.14929199
1.15246582
1.15063476
1.15051269
1.15051269
1.15551757
1.15441894
1.14941406
