1.21679687
1.21923828
1.21765136
1.21923828
1.21679687
1.21923828
1.21691894
1.21862792
1.21850585
1.21875000
1.21801757
1.21667480
1.21813964
1.21936035
1.21826171
1.21435546
1.22473144
1.21569824
1.21582031
1.21337890
1.21508789
1.21801757
1.21936035
1.21337890
1.21813964
1.21215820
1.21789550
1.21960449
1.21936035
1.21325683
1.21215820
1.21276855
1.20703125
1.20947265
1.20800781
1.20922851
1.20690917
1.20678710
1.18945312
1.18701171
1.18945312
1.18591308
1.18945312
1.19042968
1.19067382
1.18920898
1.18933105
1.19067382
1.18334960
1.18823242
1.18688964
1.18823242
1.19067382
1.19177246
1.18811035
1.18933105
1.18469238
1.19177246
1.18701171
1.18945312
1.19177246
1.18945312
1.18322753
1.18920898
1.18933105
1.19018554
1.19189453
1.18872070
1.19006347
1.18688964
1.18872070
1.18823242
1.18701171
1.18701171
1.18933105
1.19055175
1.18933105
1.18823242
1.18640136
1.18933105
1.19067382
1.19079589
1.19189453
1.18945312
1.18945312
1.18786621
1.19006347
1.19067382
1.19067382
1.18750000
1.19055175
1.18945312
1.18835449
1.18688964
1.19055175
1.18859863
1.18811035
1.18933105
1.18823242
1.18945312
1.19201660
1.18859863
1.19055175
1.18701171
1.19055175
1.17895507
1.16992187
1.17175292
1.17431640
1.17004394
1.17065429
1.17053222
1.16931152
1.17065429
1.16967773
1.16943359
1.16931152
1.17065429
1.17297363
1.16809082
1.16992187
1.17065429
1.17065429
1.17053222
1.16809082
1.16992187
1.17053222
1.16650390
1.16943359
1.17419433
1.17065429
1.17431640
1.16809082
1.16894531
1.17419433
1.17443847
1.17065429
1.16870117
1.16943359
1.16809082
1.16943359
1.16931152
1.17004394
1.16821289
1.17041015
1.16809082
1.16809082
1.17065429
1.16809082
1.16809082
1.16809082
1.16943359
1.16931152
1.17065429
1.17004394
1.16943359
1.16809082
1.16931152
1.17065429
1.17065429
1.16821289
1.17065429
1.16894531
1.17065429
1.16748046
1.16943359
1.16821289
1.16967773
1.16809082
1.16796875
1.17053222
1.17016601
1.17053222
1.16931152
1.17053222
1.16870117
1.17028808
1.16931152
1.17309570
1.16943359
1.17053222
1.16809082
1.17065429
1.16857910
1.17053222
1.16821289
1.16821289
1.16809082
1.16821289
1.17053222
1.16943359
1.17065429
1.17065429
1.16931152
1.16857910
1.16845703
1.17065429
1.16918945
1.16906738
1.16943359
