1.21691894
1.21667480
1.21569824
1.21569824
1.21679687
1.21569824
1.21313476
1.21606445
1.21655273
1.21557617
1.21582031
1.21691894
1.21801757
1.21459960
1.21447753
1.21875000
1.21594238
1.19934082
1.19787597
1.19885253
1.19702148
1.19702148
1.19445800
1.20056152
1.19616699
1.19860839
1.19726562
1.20043945
1.19433593
1.18774414
1.19067382
1.19067382
1.18920898
1.18823242
1.19140625
1.18811035
1.18786621
1.18676757
1.18823242
1.19006347
1.18566894
1.18811035
1.19152832
1.18811035
1.19079589
1.18701171
1.18823242
1.18701171
1.19140625
1.18566894
1.18811035
1.18945312
1.18847656
1.18920898
1.18920898
1.18933105
1.19201660
1.18933105
1.18908691
1.19323730
1.19055175
1.17053222
1.16784667
1.17065429
1.17822265
1.17053222
1.16931152
1.16943359
1.16564941
1.17175292
1.16943359
1.17321777
1.17504882
1.17944335
1.16943359
1.17175292
1.17810058
1.16931152
1.16845703
1.17248535
1.17175292
1.16833496
1.16967773
1.17163085
1.16943359
1.16809082
1.17309570
1.16992187
1.16821289
1.16931152
1.17297363
1.16833496
1.16943359
1.16931152
1.16931152
1.17321777
1.17065429
1.17053222
1.16955566
1.17358398
1.15673828
1.15515136
1.15417480
1.15075683
1.15393066
1.15173339
1.15051269
1.15368652
1.15063476
1.15173339
1.15197753
1.15063476
1.15393066
1.15234375
1.14941406
1.15039062
1.15051269
1.15295410
1.15429687
1.15319824
1.15075683
1.15124511
1.14941406
1.15051269
1.15136718
1.15222167
1.15148925
1.15075683
1.15063476
1.15173339
1.15173339
1.15173339
1.15136718
1.15051269
1.15295410
1.15173339
1.15173339
1.15063476
1.15209960
1.13293457
1.13281250
1.13171386
1.13305664
1.13415527
1.13159179
1.13171386
1.13146972
1.13024902
1.13244628
1.13159179
1.13244628
1.13354492
1.13293457
1.13122558
1.13354492
1.13220214
1.13049316
1.13293457
1.13281250
1.13330078
1.13037109
1.13281250
1.13293457
1.13293457
1.13244628
1.13378906
1.13366699
1.13171386
1.13208007
1.13244628
1.13293457
1.13220214
1.13183593
1.13171386
1.13281250
1.13171386
1.13293457
1.13305664
1.13183593
1.13293457
1.13208007
1.13293457
1.13305664
1.13171386
1.13159179
1.13293457
1.13293457
1.13256835
1.13281250
1.13293457
1.13293457
1.13330078
1.13293457
1.13195800
1.13293457
1.13195800
1.13171386
1.13354492
1.13049316
1.13183593
