1.21667480
1.21813964
1.21691894
1.21691894
1.21569824
1.21887207
1.21667480
1.21875000
1.21618652
1.21679687
1.21813964
1.21569824
1.21813964
1.21569824
1.21618652
1.21679687
1.21447753
1.21936035
1.19934082
1.19714355
1.20056152
1.19323730
1.19726562
1.19689941
1.18945312
1.19201660
1.19384765
1.18957519
1.18847656
1.19287109
1.18823242
1.19140625
1.19067382
1.18896484
1.18933105
1.18933105
1.18786621
1.18908691
1.18933105
1.18811035
1.18859863
1.18933105
1.19177246
1.18945312
1.18957519
1.18872070
1.18896484
1.18969726
1.18823242
1.18725585
1.19055175
1.18884277
1.18835449
1.18701171
1.18701171
1.18701171
1.19116210
1.18933105
1.18701171
1.18957519
1.19262695
1.18566894
1.17175292
1.16943359
1.17175292
1.17102050
1.16784667
1.17053222
1.16943359
1.16772460
1.17150878
1.16955566
1.17077636
1.16931152
1.17248535
1.17028808
1.16723632
1.16943359
1.17065429
1.17065429
1.17065429
1.17004394
1.16943359
1.17565917
1.17456054
1.16943359
1.16955566
1.16699218
1.16943359
1.17797851
1.16821289
1.16821289
1.16943359
1.16943359
1.17175292
1.16870117
1.16943359
1.17175292
1.17065429
1.16943359
1.16931152
1.17175292
1.16955566
1.16857910
1.15173339
1.15185546
1.15576171
1.15051269
1.15051269
1.15417480
1.15539550
1.15051269
1.14941406
1.15185546
1.15100097
1.14929199
1.15075683
1.14941406
1.15295410
1.15063476
1.14990234
1.15332031
1.14929199
1.15295410
1.14941406
1.15173339
1.15051269
1.15063476
1.15417480
1.15100097
1.15075683
1.15112304
1.15039062
1.15173339
1.15051269
1.15173339
1.15161132
1.14929199
1.15063476
1.14929199
1.15063476
1.15173339
1.15173339
1.15124511
1.14990234
1.15063476
1.15124511
1.15063476
1.15173339
1.15173339
1.15173339
1.15051269
1.14929199
1.15002441
1.14941406
1.14929199
1.15051269
1.15063476
1.15173339
1.15100097
1.15100097
1.15002441
1.14941406
1.15002441
1.15246582
1.15112304
1.15185546
1.15173339
1.15185546
1.15173339
1.15173339
1.15136718
1.15173339
1.15051269
1.15185546
1.15063476
1.15002441
1.15063476
1.15002441
1.14941406
1.14941406
1.15063476
1.15173339
1.15026855
1.15673828
1.15173339
1.15063476
1.15173339
1.14929199
1.15173339
1.14978027
1.15173339
1.14990234
1.14978027
1.15039062
1.14929199
1.15124511
1.15173339
1.14965820
1.14941406
