1.21801757
1.21911621
1.21557617
1.21557617
1.21191406
1.21740722
1.21166992
1.21630859
1.21533203
1.21655273
1.21936035
1.21325683
1.21569824
1.21911621
1.21826171
1.21618652
1.21667480
1.21667480
1.21618652
1.19921875
1.19458007
1.19726562
1.19812011
1.20153808
1.19555664
1.19799804
1.19921875
1.18945312
1.19128417
1.19042968
1.19055175
1.18713378
1.18920898
1.18859863
1.18823242
1.18603515
1.18823242
1.18920898
1.18933105
1.19250488
1.19177246
1.18823242
1.18920898
1.18920898
1.18933105
1.18640136
1.19067382
1.18835449
1.18884277
1.18835449
1.18591308
1.19128417
1.18811035
1.18945312
1.18688964
1.18688964
1.18273925
1.18701171
1.18823242
1.18420410
1.18310546
1.19067382
1.18444824
1.18847656
1.18530273
1.18530273
1.18969726
1.18811035
1.18933105
1.18957519
1.19543457
1.18371582
1.18774414
1.18798828
1.18933105
1.18933105
1.18688964
1.18701171
1.18750000
1.19311523
1.16748046
1.17175292
1.17065429
1.17272949
1.17089843
1.17492675
1.17053222
1.16662597
1.16821289
1.17065429
1.17065429
1.17053222
1.17102050
1.16674804
1.16723632
1.17053222
1.17431640
1.17248535
1.17041015
1.16674804
1.17419433
1.16918945
1.17358398
1.16943359
1.17590332
1.17114257
1.16931152
1.16955566
1.16857910
1.16711425
1.17041015
1.17065429
1.16979980
1.17407226
1.16723632
1.17163085
1.17102050
1.17248535
1.16931152
1.16967773
1.15185546
1.15283203
1.15051269
1.15319824
1.15063476
1.15417480
1.14794921
1.15087890
1.15185546
1.15173339
1.15295410
1.15319824
1.15039062
1.14953613
1.14965820
1.15173339
1.15039062
1.15185546
1.15051269
1.15270996
1.15173339
1.15063476
1.15185546
1.15039062
1.15173339
1.15063476
1.15136718
1.15051269
1.15173339
1.15161132
1.14978027
1.15002441
1.15246582
1.15087890
1.15124511
1.15100097
1.14916992
1.15026855
1.15063476
1.15173339
1.15173339
1.15063476
1.14941406
1.15173339
1.15136718
1.15551757
1.15209960
1.15039062
1.15173339
1.15075683
1.15173339
1.14990234
1.15173339
1.15051269
1.15173339
1.15051269
1.15246582
1.15173339
1.15173339
1.15209960
1.15173339
1.15222167
1.15136718
1.14941406
1.15136718
1.15112304
1.15112304
1.15051269
1.14941406
1.14929199
1.15173339
1.15087890
1.15173339
1.15002441
1.15209960
1.15173339
1.15185546
1.15063476
1.15173339
1.15063476
