1.21923828
1.21569824
1.21936035
1.21667480
1.21801757
1.21936035
1.21643066
1.21557617
1.21691894
1.21264648
1.21704101
1.21569824
1.21923828
1.21484375
1.21679687
1.21801757
1.21484375
1.21545410
1.21569824
1.19970703
1.20080566
1.19360351
1.20007324
1.19982910
1.19677734
1.19934082
1.19689941
1.20056152
1.18920898
1.18750000
1.18823242
1.19091796
1.18933105
1.18969726
1.18981933
1.19165039
1.18847656
1.19213867
1.18750000
1.18237304
1.18920898
1.19091796
1.19067382
1.18896484
1.18835449
1.18823242
1.19189453
1.18957519
1.19152832
1.18823242
1.18908691
1.18627929
1.18554687
1.18835449
1.18469238
1.19006347
1.19030761
1.19177246
1.18835449
1.18823242
1.19067382
1.19067382
1.18945312
1.18908691
1.18823242
1.19189453
1.18823242
1.19189453
1.18566894
1.19067382
1.18933105
1.18823242
1.19079589
1.19128417
1.18957519
1.18957519
1.18945312
1.19274902
1.18750000
1.18957519
1.18786621
1.17236328
1.17016601
1.17175292
1.16821289
1.17419433
1.17285156
1.16809082
1.17333984
1.17419433
1.16943359
1.17309570
1.16943359
1.17187500
1.17187500
1.17309570
1.16931152
1.16943359
1.16833496
1.17248535
1.16943359
1.16809082
1.16943359
1.16870117
1.16931152
1.16833496
1.16943359
1.16931152
1.17041015
1.17187500
1.17077636
1.17175292
1.17175292
1.16687011
1.17187500
1.17187500
1.16845703
1.16906738
1.17053222
1.16870117
1.17297363
1.16943359
1.15368652
1.15539550
1.14770507
1.15051269
1.15173339
1.15026855
1.15441894
1.14990234
1.15087890
1.15051269
1.15173339
1.15747070
1.15563964
1.15466308
1.15673828
1.15441894
1.15063476
1.15563964
1.15673828
1.15673828
1.15087890
1.15051269
1.14965820
1.15576171
1.15649414
1.14990234
1.15173339
1.15588378
1.15661621
1.15039062
1.15173339
1.15747070
1.15673828
1.14782714
1.15124511
1.15673828
1.15441894
1.14965820
1.15148925
1.15649414
1.15551757
1.15173339
1.14990234
1.15478515
1.15551757
1.15039062
1.14941406
1.15417480
1.15173339
1.14965820
1.14965820
1.15563964
1.15649414
1.14965820
1.15063476
1.14929199
1.15112304
1.15039062
1.15600585
1.15429687
1.15051269
1.15173339
1.15625000
1.15551757
1.15039062
1.15063476
1.15673828
1.15661621
1.15173339
1.14904785
1.15515136
1.15661621
1.15039062
1.15063476
1.15673828
1.15600585
1.15051269
1.14941406
