1.21679687
1.21997070
1.21594238
1.21813964
1.21899414
1.21936035
1.21606445
1.21643066
1.21813964
1.21679687
1.21813964
1.21887207
1.21972656
1.21533203
1.21972656
1.21447753
1.21569824
1.21960449
1.21728515
1.21557617
1.19873046
1.19567871
1.19873046
1.19409179
1.19726562
1.19897460
1.18811035
1.18688964
1.19189453
1.19079589
1.19201660
1.19055175
1.19445800
1.19055175
1.18908691
1.19006347
1.18823242
1.18566894
1.18823242
1.18945312
1.18688964
1.19055175
1.18688964
1.19055175
1.18811035
1.18701171
1.19311523
1.19055175
1.19323730
1.18713378
1.18847656
1.19079589
1.18688964
1.18933105
1.18981933
1.19067382
1.18701171
1.18945312
1.18945312
1.18969726
1.19177246
1.18725585
1.17053222
1.17065429
1.16699218
1.17138671
1.16821289
1.17236328
1.17065429
1.17175292
1.17053222
1.17004394
1.17028808
1.16955566
1.16943359
1.17309570
1.17431640
1.17297363
1.16943359
1.16931152
1.17053222
1.17065429
1.17211914
1.17065429
1.17187500
1.17065429
1.17297363
1.16967773
1.17382812
1.16931152
1.17053222
1.17004394
1.16943359
1.16931152
1.16992187
1.17065429
1.17297363
1.16992187
1.17419433
1.17077636
1.17175292
1.16943359
1.16906738
1.16833496
1.16943359
1.16894531
1.15454101
1.15295410
1.15527343
1.15368652
1.14929199
1.15295410
1.15136718
1.15124511
1.15197753
1.15295410
1.15173339
1.15295410
1.15002441
1.15112304
1.15295410
1.15063476
1.15417480
1.14941406
1.15063476
1.15173339
1.15063476
1.14770507
1.15173339
1.15173339
1.15649414
1.15197753
1.14929199
1.15112304
1.15063476
1.15051269
1.15295410
1.15039062
1.15002441
1.15185546
1.15124511
1.15173339
1.15441894
1.15234375
1.15661621
1.15649414
1.15563964
1.15441894
1.15551757
1.14965820
1.15661621
1.15637207
1.14941406
1.15051269
1.14941406
1.15173339
1.14978027
1.15026855
1.14929199
1.15051269
1.15173339
1.15161132
1.14807128
1.13293457
1.13293457
1.13281250
1.13269042
1.13049316
1.13171386
1.13183593
1.13293457
1.13085937
1.13085937
1.13061523
1.13293457
1.13793945
1.13171386
1.13781738
1.13671875
1.13305664
1.13671875
1.13549804
1.13049316
1.13171386
1.13049316
1.13293457
1.13049316
1.13195800
1.13098144
1.13244628
1.13232421
1.13366699
1.13293457
1.13183593
1.13293457
1.13146972
1.13171386
1.13061523
1.13159179
1.13281250
