1.20227050
1.20312500
1.20727539
1.21704101
1.21704101
1.20556640
1.21569824
1.20031738
1.20239257
1.20471191
1.20324707
1.20495605
1.21752929
1.20336914
1.20288085
1.20507812
1.20605468
1.20495605
1.21704101
1.20288085
1.21704101
1.21997070
1.20495605
1.21423339
1.19848632
1.21777343
1.21252441
1.20104980
1.19995117
1.19470214
1.20495605
1.20422363
1.19702148
1.20764160
1.21740722
1.20434570
1.20910644
1.20397949
1.20104980
1.19848632
1.21765136
1.21813964
1.20458984
1.21728515
1.21923828
1.19836425
1.20739746
1.20434570
1.20434570
1.21704101
1.21813964
1.20434570
1.21936035
1.20312500
1.20520019
1.21704101
1.20556640
1.21826171
1.20129394
1.21704101
1.20312500
1.21704101
1.20434570
1.21765136
1.20434570
1.21813964
1.19982910
1.19580078
1.21948242
1.20532226
1.20581054
1.20434570
1.20251464
1.20422363
1.20141601
1.20434570
1.21948242
1.21875000
1.21374511
1.21179199
1.21582031
1.19934082
1.20202636
1.20434570
1.21752929
1.20434570
1.21679687
1.20104980
1.21691894
1.20458984
1.18579101
1.18579101
1.18066406
1.18457031
1.18432617
1.18359375
1.19433593
1.17993164
1.18469238
1.19567871
1.19458007
1.18579101
1.18322753
1.19567871
1.19323730
1.18566894
1.19262695
1.18493652
1.19567871
1.19189453
1.19213867
1.18444824
1.18151855
1.17358398
1.18225097
1.19323730
1.18688964
1.18322753
1.19458007
1.18493652
1.18798828
1.18493652
1.18566894
1.19714355
1.18078613
1.18640136
1.18420410
1.18322753
1.18115234
1.18566894
1.18286132
1.18457031
1.18347167
1.19519042
1.18652343
1.18200683
1.18469238
1.18212890
1.18127441
1.19519042
1.18127441
1.19445800
1.18078613
1.19335937
1.18969726
1.18566894
1.18701171
1.18676757
1.18359375
1.18640136
1.18237304
1.19567871
1.18249511
1.19543457
1.19335937
1.19445800
1.18444824
1.18237304
1.19616699
1.18115234
1.18200683
1.17932128
1.18566894
1.18249511
1.18615722
1.19006347
1.19335937
1.18444824
1.18457031
1.19567871
1.18432617
1.18444824
1.19152832
1.18566894
1.18334960
1.18444824
1.18566894
1.19445800
1.18676757
1.19445800
1.18566894
1.19458007
1.18444824
1.18603515
1.18444824
1.18566894
1.18408203
1.18322753
1.18481445
1.18579101
1.19580078
1.18457031
1.18530273
1.18444824
1.18139648
1.18566894
1.19213867
1.19555664
1.18566894
1.18579101
