1.20434570
1.20556640
1.20385742
1.20422363
1.21936035
1.20654296
1.20532226
1.22070312
1.21752929
1.20434570
1.20312500
1.21850585
1.21301269
1.21447753
1.20251464
1.21972656
1.21459960
1.20544433
1.21936035
1.20971679
1.20849609
1.20312500
1.21704101
1.20581054
1.20629882
1.21459960
1.20642089
1.20312500
1.20471191
1.21447753
1.20837402
1.21850585
1.21984863
1.21948242
1.21520996
1.21105957
1.20556640
1.20654296
1.21789550
1.20373535
1.21704101
1.21911621
1.21777343
1.20190429
1.21704101
1.20349121
1.20227050
1.21936035
1.22607421
1.21813964
1.21936035
1.20214843
1.20544433
1.21740722
1.21520996
1.19458007
1.20764160
1.21594238
1.21166992
1.21801757
1.19848632
1.20117187
1.22436523
1.20190429
1.20544433
1.20544433
1.22521972
1.21716308
1.21459960
1.20556640
1.21813964
1.21435546
1.21679687
1.21704101
1.20324707
1.19946289
1.20458984
1.21923828
1.22058105
1.21862792
1.20312500
1.21691894
1.21252441
1.21777343
1.20458984
1.20581054
1.20886230
1.20288085
1.20495605
1.21740722
1.21911621
1.21813964
1.19592285
1.21838378
1.21936035
1.21191406
1.21887207
1.18127441
1.19580078
1.17395019
1.18725585
1.19238281
1.18115234
1.19323730
1.19555664
1.19226074
1.18200683
1.18920898
1.18273925
1.19458007
1.19580078
1.18554687
1.19494628
1.17846679
1.19262695
1.18713378
1.18432617
1.19921875
1.18676757
1.18017578
1.19421386
1.18237304
1.19335937
1.17980957
1.19445800
1.19409179
1.18432617
1.19641113
1.18188476
1.19445800
1.18127441
1.19323730
1.18115234
1.19445800
1.19226074
1.18676757
1.19616699
1.18164062
1.19372558
1.18090820
1.18566894
1.18029785
1.19396972
1.19213867
1.17724609
1.18151855
1.19335937
1.18127441
1.18664550
1.18237304
1.18200683
1.19580078
1.19567871
1.18530273
1.18554687
1.18115234
1.18457031
1.18725585
1.19458007
1.18066406
1.18566894
1.18249511
1.19519042
1.18005371
1.19201660
1.19213867
1.19323730
1.18566894
1.18444824
1.18688964
1.19445800
1.18566894
1.19201660
1.18566894
1.18713378
1.17602539
1.19689941
1.19213867
1.18957519
1.17968750
1.18090820
1.18542480
1.18212890
1.17846679
1.18249511
1.19445800
1.18798828
1.19067382
1.18334960
1.18688964
1.19458007
1.18444824
1.18029785
1.18518066
1.18237304
1.18444824
1.18237304
1.18566894
1.17883300
1.17602539
