1.20434570
1.20373535
1.20336914
1.20385742
1.21520996
1.21875000
1.21789550
1.21264648
1.21679687
1.21813964
1.22033691
1.21118164
1.21337890
1.21667480
1.20361328
1.21948242
1.21923828
1.21936035
1.21752929
1.20312500
1.21813964
1.21875000
1.20166015
1.19946289
1.20410156
1.20520019
1.20446777
1.21911621
1.20849609
1.20446777
1.21838378
1.21984863
1.20434570
1.22155761
1.21813964
1.21875000
1.20178222
1.20263671
1.21691894
1.20019531
1.21704101
1.22290039
1.21789550
1.21728515
1.20190429
1.20556640
1.21679687
1.20214843
1.20312500
1.21337890
1.21704101
1.21813964
1.20349121
1.21789550
1.20361328
1.21569824
1.20178222
1.21630859
1.20361328
1.21594238
1.20483398
1.21752929
1.20190429
1.19873046
1.19799804
1.20422363
1.20166015
1.20544433
1.20434570
1.20544433
1.20349121
1.21704101
1.20458984
1.21813964
1.20300292
1.21691894
1.20556640
1.21630859
1.20446777
1.21765136
1.20202636
1.20263671
1.19946289
1.20153808
1.20434570
1.20471191
1.20434570
1.20422363
1.19702148
1.20495605
1.20422363
1.20190429
1.21936035
1.20312500
1.19250488
1.18444824
1.18554687
1.19519042
1.17553710
1.18139648
1.18676757
1.19030761
1.18200683
1.18115234
1.19335937
1.18200683
1.17602539
1.18237304
1.19519042
1.18579101
1.18566894
1.18542480
1.19323730
1.18603515
1.19335937
1.19445800
1.19445800
1.18640136
1.18920898
1.19567871
1.19567871
1.18493652
1.19250488
1.17419433
1.18688964
1.17871093
1.19555664
1.18676757
1.19567871
1.19445800
1.19445800
1.19213867
1.18334960
1.18676757
1.19470214
1.18603515
1.19323730
1.19128417
1.19567871
1.19384765
1.18554687
1.19323730
1.18188476
1.19335937
1.19201660
1.18286132
1.18115234
1.18591308
1.17871093
1.18408203
1.18237304
1.18444824
1.18127441
1.18432617
1.18115234
1.18554687
1.19689941
1.18347167
1.18591308
1.18090820
1.18261718
1.18151855
1.18652343
1.18115234
1.19323730
1.18261718
1.17797851
1.19372558
1.19445800
1.17761230
1.18945312
1.18554687
1.18225097
1.19396972
1.17993164
1.18554687
1.18127441
1.18322753
1.18115234
1.19311523
1.19677734
1.19531250
1.18835449
1.18188476
1.17602539
1.18115234
1.18322753
1.18237304
1.18347167
1.19567871
1.18566894
1.18591308
1.19262695
1.19067382
1.18322753
1.18249511
1.19299316
1.18115234
1.19458007
1.19567871
