1.20397949
1.21936035
1.20471191
1.20422363
1.20434570
1.20568847
1.20434570
1.21875000
1.20568847
1.21667480
1.20190429
1.20178222
1.20556640
1.20434570
1.20422363
1.21337890
1.21569824
1.20275878
1.20434570
1.22058105
1.21777343
1.20251464
1.21643066
1.21704101
1.20190429
1.21459960
1.21936035
1.21801757
1.21337890
1.22180175
1.20434570
1.21984863
1.20422363
1.21215820
1.21704101
1.21423339
1.21691894
1.21691894
1.21154785
1.19824218
1.21716308
1.21899414
1.21752929
1.21704101
1.21459960
1.21765136
1.21423339
1.21936035
1.20556640
1.20336914
1.21984863
1.20251464
1.21716308
1.19775390
1.21704101
1.20251464
1.21691894
1.20434570
1.21765136
1.21704101
1.20678710
1.21496582
1.21752929
1.20373535
1.19494628
1.20410156
1.20556640
1.20312500
1.21704101
1.20373535
1.21704101
1.20434570
1.20520019
1.21704101
1.20239257
1.20263671
1.19348144
1.20825195
1.21643066
1.21826171
1.21813964
1.21667480
1.21704101
1.21923828
1.20898437
1.21093750
1.21643066
1.20568847
1.21875000
1.21691894
1.20214843
1.21337890
1.19445800
1.17687988
1.19494628
1.19506835
1.18554687
1.18676757
1.19458007
1.18322753
1.18090820
1.17773437
1.19287109
1.19433593
1.19238281
1.18334960
1.19458007
1.19458007
1.19323730
1.18566894
1.18676757
1.19421386
1.18969726
1.18579101
1.18066406
1.19445800
1.19201660
1.18688964
1.19445800
1.19445800
1.17846679
1.18688964
1.18420410
1.18322753
1.18579101
1.17260742
1.19335937
1.18566894
1.19445800
1.18566894
1.18481445
1.18444824
1.18872070
1.18530273
1.18103027
1.18444824
1.18249511
1.18493652
1.18676757
1.17968750
1.18188476
1.18200683
1.18334960
1.18322753
1.19323730
1.18444824
1.19360351
1.18237304
1.18151855
1.18566894
1.18127441
1.19348144
1.19567871
1.18676757
1.18432617
1.19445800
1.18322753
1.18554687
1.18457031
1.19287109
1.19482421
1.19689941
1.19458007
1.18554687
1.17065429
1.18115234
1.19555664
1.18225097
1.18566894
1.18957519
1.18273925
1.19567871
1.18322753
1.17919921
1.19421386
1.18957519
1.18713378
1.18774414
1.18249511
1.19372558
1.19445800
1.18115234
1.18566894
1.19482421
1.18225097
1.17993164
1.17993164
1.19445800
1.19689941
1.19555664
1.19201660
1.19445800
1.19567871
1.19567871
1.18676757
1.18566894
1.18969726
1.19494628
1.17712402
1.19335937
