1.19348144
1.20410156
1.20458984
1.20458984
1.20532226
1.20324707
1.20837402
1.20312500
1.20446777
1.21899414
1.20324707
1.20434570
1.20495605
1.19348144
1.20275878
1.20446777
1.20617675
1.20312500
1.20434570
1.20312500
1.21948242
1.21704101
1.20434570
1.21887207
1.20410156
1.20800781
1.20544433
1.20678710
1.20556640
1.20556640
1.20483398
1.21276855
1.20532226
1.20422363
1.19580078
1.21215820
1.21704101
1.20483398
1.19836425
1.19726562
1.21923828
1.19909667
1.20349121
1.20007324
1.20568847
1.21679687
1.19433593
1.21801757
1.20617675
1.21386718
1.20739746
1.20385742
1.21704101
1.20593261
1.21728515
1.20117187
1.21618652
1.20434570
1.21801757
1.20629882
1.20556640
1.20410156
1.21740722
1.20568847
1.20373535
1.20361328
1.21582031
1.19946289
1.20434570
1.20190429
1.22021484
1.21704101
1.20190429
1.20495605
1.21643066
1.21875000
1.21618652
1.21618652
1.21472167
1.20251464
1.20458984
1.21264648
1.20556640
1.21850585
1.21813964
1.20556640
1.21813964
1.20483398
1.21630859
1.20434570
1.19543457
1.18090820
1.18579101
1.19201660
1.18493652
1.19580078
1.19458007
1.19250488
1.18933105
1.18078613
1.19616699
1.19445800
1.18249511
1.18444824
1.20068359
1.19470214
1.19787597
1.19201660
1.18212890
1.19482421
1.18579101
1.17333984
1.18554687
1.18200683
1.18579101
1.18566894
1.18713378
1.17602539
1.18554687
1.18493652
1.18847656
1.18212890
1.18408203
1.18469238
1.18481445
1.18322753
1.18444824
1.19458007
1.18005371
1.18579101
1.18408203
1.19689941
1.19458007
1.18444824
1.19311523
1.18383789
1.18530273
1.19445800
1.18444824
1.19458007
1.19506835
1.19323730
1.19580078
1.19494628
1.19567871
1.18481445
1.18640136
1.18347167
1.18322753
1.18383789
1.17639160
1.19433593
1.18566894
1.19567871
1.19567871
1.18505859
1.19323730
1.18591308
1.19213867
1.19226074
1.19458007
1.18566894
1.19445800
1.18652343
1.19396972
1.18310546
1.18249511
1.19421386
1.19323730
1.19372558
1.19580078
1.18615722
1.18493652
1.19335937
1.17993164
1.18151855
1.18444824
1.18798828
1.18249511
1.19262695
1.19812011
1.19433593
1.18847656
1.19567871
1.19567871
1.18566894
1.18688964
1.18103027
1.19335937
1.18115234
1.18566894
1.18017578
1.19445800
1.18005371
1.19494628
1.18981933
1.19482421
1.19079589
1.18359375
1.19702148
