1.20446777
1.21875000
1.20397949
1.20434570
1.20996093
1.19653320
1.20544433
1.20434570
1.20434570
1.21826171
1.20556640
1.21691894
1.21337890
1.20153808
1.21936035
1.21704101
1.21899414
1.21691894
1.21691894
1.20202636
1.20471191
1.21166992
1.20312500
1.21948242
1.21789550
1.21838378
1.21813964
1.21667480
1.20153808
1.21337890
1.20251464
1.21691894
1.20153808
1.20153808
1.20544433
1.21704101
1.20312500
1.21704101
1.20422363
1.20544433
1.20544433
1.19946289
1.20434570
1.21813964
1.21948242
1.21765136
1.21704101
1.20605468
1.21704101
1.20727539
1.20483398
1.21582031
1.20483398
1.22094726
1.20190429
1.20434570
1.19567871
1.21740722
1.19738769
1.20202636
1.20056152
1.21582031
1.18750000
1.20324707
1.20202636
1.20336914
1.22070312
1.21704101
1.21691894
1.20568847
1.20031738
1.20434570
1.19226074
1.20446777
1.20214843
1.21228027
1.20410156
1.21826171
1.21643066
1.21520996
1.20263671
1.21582031
1.20556640
1.20434570
1.18664550
1.20434570
1.19689941
1.20446777
1.21936035
1.20581054
1.20397949
1.17846679
1.19482421
1.18286132
1.19482421
1.18969726
1.19689941
1.19323730
1.18286132
1.19567871
1.18286132
1.18566894
1.18188476
1.19287109
1.18310546
1.19213867
1.18579101
1.19177246
1.18554687
1.18566894
1.19348144
1.18457031
1.17761230
1.18566894
1.18188476
1.19213867
1.19567871
1.19494628
1.18200683
1.19433593
1.18566894
1.18457031
1.19592285
1.17834472
1.18566894
1.18420410
1.18688964
1.19250488
1.18383789
1.19091796
1.18383789
1.18322753
1.19165039
1.19689941
1.19213867
1.18566894
1.18310546
1.18676757
1.18444824
1.17736816
1.19201660
1.18176269
1.18603515
1.19287109
1.19360351
1.18139648
1.17968750
1.18139648
1.18200683
1.18005371
1.18579101
1.18969726
1.18103027
1.18200683
1.18371582
1.19482421
1.18322753
1.18371582
1.18103027
1.19445800
1.18444824
1.19445800
1.18322753
1.19348144
1.18566894
1.19458007
1.18212890
1.19335937
1.17980957
1.18322753
1.19470214
1.18457031
1.18566894
1.18444824
1.18566894
1.18676757
1.19335937
1.18469238
1.18127441
1.18371582
1.17907714
1.17297363
1.19567871
1.17932128
1.18505859
1.18432617
1.18322753
1.18115234
1.18444824
1.18249511
1.18530273
1.18005371
1.18457031
1.18237304
1.19323730
1.19531250
1.18627929
1.18566894
1.19665527
1.18444824
