1.21704101
1.21582031
1.20703125
1.20446777
1.21691894
1.20422363
1.21936035
1.20849609
1.21740722
1.20288085
1.20544433
1.20349121
1.21704101
1.20446777
1.19445800
1.20678710
1.21777343
1.20373535
1.21655273
1.20605468
1.21801757
1.22058105
1.21704101
1.20739746
1.20483398
1.20678710
1.21704101
1.21691894
1.20263671
1.21752929
1.21838378
1.20434570
1.19714355
1.20556640
1.20568847
1.21667480
1.20434570
1.20507812
1.21093750
1.20410156
1.20092773
1.20544433
1.20556640
1.20617675
1.20324707
1.20532226
1.21582031
1.20690917
1.21923828
1.20373535
1.21655273
1.20678710
1.20532226
1.20153808
1.19470214
1.20556640
1.21813964
1.20092773
1.21838378
1.20202636
1.21508789
1.21704101
1.20507812
1.21459960
1.20727539
1.21704101
1.21936035
1.21826171
1.21691894
1.21667480
1.20190429
1.21215820
1.20410156
1.19348144
1.20520019
1.21936035
1.20739746
1.20495605
1.21826171
1.19836425
1.21679687
1.19628906
1.20190429
1.21398925
1.21850585
1.21582031
1.21691894
1.21362304
1.20141601
1.20495605
1.21813964
1.18188476
1.18579101
1.18041992
1.18066406
1.18005371
1.18139648
1.17895507
1.19580078
1.19396972
1.19372558
1.19213867
1.19140625
1.18933105
1.18066406
1.19335937
1.18518066
1.17724609
1.18566894
1.19421386
1.18566894
1.17358398
1.18603515
1.18457031
1.19250488
1.19445800
1.19580078
1.19335937
1.19201660
1.19213867
1.19458007
1.19091796
1.18737792
1.18859863
1.17993164
1.19445800
1.17126464
1.18420410
1.16992187
1.18566894
1.17443847
1.19726562
1.17138671
1.19128417
1.19201660
1.19567871
1.19226074
1.17907714
1.19494628
1.18127441
1.19213867
1.18029785
1.19409179
1.18566894
1.19396972
1.18359375
1.19458007
1.18566894
1.18640136
1.18603515
1.19152832
1.18444824
1.18530273
1.19201660
1.18566894
1.18212890
1.18566894
1.18444824
1.19482421
1.18566894
1.19494628
1.18444824
1.19604492
1.18310546
1.19335937
1.19348144
1.18750000
1.19384765
1.18481445
1.19482421
1.18444824
1.19409179
1.17724609
1.18054199
1.17358398
1.18127441
1.18432617
1.18005371
1.18505859
1.18688964
1.18200683
1.18200683
1.18408203
1.18078613
1.19458007
1.18530273
1.18933105
1.18444824
1.18444824
1.19470214
1.18200683
1.19506835
1.19262695
1.19580078
1.19213867
1.18750000
1.19458007
1.19091796
1.18127441
1.18566894
