1.20434570
1.20263671
1.21813964
1.21813964
1.21936035
1.20251464
1.20190429
1.21936035
1.21691894
1.20288085
1.20312500
1.20373535
1.19934082
1.20458984
1.20544433
1.20434570
1.20483398
1.19897460
1.20886230
1.21704101
1.20251464
1.21740722
1.20080566
1.21704101
1.21826171
1.20312500
1.21948242
1.20935058
1.20300292
1.20434570
1.20678710
1.19897460
1.20507812
1.21350097
1.20800781
1.19177246
1.20263671
1.19714355
1.20397949
1.19836425
1.20227050
1.20104980
1.20349121
1.21569824
1.20446777
1.21704101
1.18981933
1.20324707
1.19311523
1.21936035
1.20434570
1.22277832
1.20434570
1.20263671
1.21704101
1.20324707
1.20068359
1.20007324
1.20520019
1.20092773
1.20324707
1.21826171
1.21459960
1.20434570
1.21679687
1.21679687
1.21936035
1.21826171
1.20312500
1.21691894
1.20483398
1.21813964
1.20275878
1.21508789
1.20446777
1.21557617
1.20422363
1.21691894
1.20434570
1.22302246
1.20434570
1.19348144
1.21289062
1.21765136
1.21997070
1.21606445
1.21923828
1.20520019
1.20434570
1.20495605
1.19714355
1.20446777
1.20520019
1.18444824
1.18566894
1.19250488
1.18188476
1.19030761
1.18322753
1.19091796
1.18212890
1.17236328
1.19458007
1.19091796
1.19580078
1.19335937
1.18444824
1.18811035
1.18566894
1.18249511
1.19458007
1.19494628
1.19458007
1.18554687
1.17724609
1.18518066
1.19104003
1.19421386
1.19433593
1.17858886
1.18505859
1.19226074
1.17919921
1.18359375
1.19409179
1.18103027
1.18090820
1.19335937
1.18591308
1.18078613
1.18676757
1.18444824
1.18261718
1.18078613
1.18518066
1.19580078
1.18115234
1.18322753
1.19873046
1.19482421
1.18579101
1.17956542
1.18200683
1.18542480
1.19335937
1.18676757
1.18066406
1.18615722
1.19396972
1.18334960
1.18688964
1.18713378
1.18566894
1.18688964
1.18066406
1.17895507
1.18249511
1.18115234
1.18176269
1.18005371
1.18408203
1.19567871
1.18310546
1.18249511
1.18127441
1.18737792
1.19506835
1.18688964
1.17724609
1.17724609
1.18530273
1.18566894
1.18066406
1.19458007
1.19506835
1.18188476
1.18994140
1.17846679
1.17077636
1.18615722
1.18286132
1.19335937
1.18652343
1.19580078
1.19580078
1.18212890
1.18688964
1.17797851
1.18371582
1.18469238
1.17590332
1.19311523
1.18347167
1.17980957
1.18444824
1.17895507
1.17712402
1.18127441
1.19384765
1.18139648
