1.19995117
1.20361328
1.21582031
1.21936035
1.21972656
1.21215820
1.21826171
1.21801757
1.21813964
1.20532226
1.19714355
1.20373535
1.20080566
1.20373535
1.19702148
1.20483398
1.21704101
1.20495605
1.21936035
1.20275878
1.20385742
1.20434570
1.21679687
1.20483398
1.21679687
1.20312500
1.21911621
1.19458007
1.21630859
1.20312500
1.21728515
1.20190429
1.21936035
1.20324707
1.21765136
1.20361328
1.20434570
1.20288085
1.20349121
1.19946289
1.20556640
1.19592285
1.20568847
1.20434570
1.19763183
1.21557617
1.20324707
1.21459960
1.21765136
1.20422363
1.20617675
1.20043945
1.20397949
1.21691894
1.21936035
1.21740722
1.20422363
1.20410156
1.21813964
1.21459960
1.20739746
1.20263671
1.20385742
1.20483398
1.20434570
1.21813964
1.20336914
1.20251464
1.21691894
1.20019531
1.21801757
1.21948242
1.21667480
1.20312500
1.21704101
1.19580078
1.20178222
1.20361328
1.20324707
1.21691894
1.21691894
1.21569824
1.20483398
1.21447753
1.20312500
1.21020507
1.21740722
1.19470214
1.21704101
1.20263671
1.21765136
1.19836425
1.19458007
1.18554687
1.19006347
1.19165039
1.18566894
1.17687988
1.18444824
1.19445800
1.17785644
1.18151855
1.18432617
1.18554687
1.19165039
1.18078613
1.18713378
1.18017578
1.19445800
1.18237304
1.18566894
1.18017578
1.18688964
1.17993164
1.19311523
1.18017578
1.18554687
1.17736816
1.18542480
1.17956542
1.18518066
1.17712402
1.18444824
1.18530273
1.19433593
1.19396972
1.18676757
1.18322753
1.18688964
1.18493652
1.18566894
1.19689941
1.19580078
1.18835449
1.18322753
1.19555664
1.18835449
1.18322753
1.18127441
1.18566894
1.18127441
1.18530273
1.18200683
1.18334960
1.18566894
1.19323730
1.18237304
1.19567871
1.18164062
1.18395996
1.18273925
1.19567871
1.18041992
1.18566894
1.18078613
1.19567871
1.18469238
1.18566894
1.17492675
1.18322753
1.18676757
1.18566894
1.18566894
1.18566894
1.18408203
1.18566894
1.19335937
1.18554687
1.19323730
1.18115234
1.18078613
1.18566894
1.19323730
1.17773437
1.18566894
1.18005371
1.18505859
1.19677734
1.18542480
1.17846679
1.17956542
1.18615722
1.18334960
1.19445800
1.18554687
1.19506835
1.18457031
1.18811035
1.19323730
1.18237304
1.17968750
1.18249511
1.18591308
1.18029785
1.18334960
1.19494628
1.18493652
1.18554687
1.19213867
1.18566894
