1.21447753
1.20532226
1.20507812
1.21936035
1.20312500
1.21850585
1.21826171
1.21728515
1.20202636
1.21740722
1.21655273
1.21887207
1.21325683
1.20190429
1.20190429
1.20483398
1.20434570
1.21887207
1.20593261
1.20397949
1.20239257
1.20556640
1.20385742
1.21813964
1.20422363
1.21740722
1.20581054
1.20373535
1.20422363
1.20434570
1.20373535
1.20556640
1.20336914
1.21630859
1.20434570
1.21691894
1.20446777
1.19836425
1.20275878
1.20678710
1.21984863
1.20349121
1.21691894
1.20520019
1.21667480
1.21691894
1.20544433
1.20422363
1.20422363
1.20434570
1.20544433
1.20251464
1.20812988
1.20202636
1.20422363
1.21203613
1.20373535
1.19470214
1.20434570
1.20190429
1.21716308
1.20446777
1.20251464
1.20190429
1.21704101
1.21569824
1.20520019
1.21777343
1.21875000
1.21691894
1.21911621
1.20300292
1.21704101
1.22058105
1.19836425
1.20410156
1.20312500
1.20312500
1.20605468
1.21704101
1.21777343
1.20178222
1.20434570
1.20153808
1.21862792
1.20397949
1.19824218
1.20227050
1.21704101
1.20446777
1.20349121
1.18347167
1.19470214
1.18347167
1.18566894
1.18200683
1.17370605
1.19323730
1.19580078
1.18237304
1.18579101
1.19592285
1.18347167
1.19360351
1.19323730
1.19323730
1.18029785
1.19079589
1.18029785
1.18298339
1.19201660
1.19531250
1.18603515
1.19543457
1.19409179
1.19189453
1.19458007
1.18676757
1.18457031
1.19445800
1.18273925
1.19567871
1.18493652
1.18835449
1.18518066
1.19323730
1.18566894
1.18237304
1.18310546
1.18359375
1.18518066
1.18127441
1.19323730
1.18566894
1.18261718
1.18432617
1.18359375
1.18688964
1.18444824
1.18322753
1.18310546
1.18261718
1.18457031
1.18432617
1.18688964
1.19470214
1.19567871
1.19238281
1.18701171
1.19445800
1.19628906
1.19445800
1.19396972
1.19445800
1.19677734
1.19567871
1.18164062
1.17590332
1.19445800
1.18444824
1.19689941
1.18566894
1.19531250
1.18359375
1.18005371
1.19580078
1.19567871
1.18322753
1.18676757
1.18493652
1.18688964
1.18322753
1.18286132
1.17712402
1.18127441
1.18444824
1.18041992
1.19360351
1.19567871
1.19458007
1.18566894
1.18408203
1.18078613
1.18444824
1.18688964
1.18579101
1.18322753
1.17700195
1.18542480
1.18591308
1.19421386
1.19580078
1.19567871
1.19323730
1.19458007
1.18103027
1.19458007
1.18066406
1.19445800
1.17907714
