1.26000976
1.26562500
1.25964355
1.26428222
1.25976562
1.25939941
1.25939941
1.26245117
1.27221679
1.26574707
1.26635742
1.26281738
1.27050781
1.27050781
1.26208496
1.25512695
1.27648925
1.27050781
1.25732421
1.26477050
1.25781250
1.27880859
1.26391601
1.26049804
1.27307128
1.27539062
1.27319335
1.27429199
1.27587890
1.27551269
1.27416992
1.27270507
1.27404785
1.26977539
1.26464843
1.26086425
1.28063964
1.27734375
1.26513671
1.25854492
1.25976562
1.27185058
1.25976562
1.27282714
1.27197265
1.27246093
1.27929687
1.25830078
1.27416992
1.25854492
1.27038574
1.26733398
1.25329589
1.26416015
1.26538085
1.27124023
1.25939941
1.25854492
1.26501464
1.26440429
1.27160644
1.25866699
1.28051757
1.25866699
1.27416992
1.27380371
1.25964355
1.26525878
1.27526855
1.27551269
1.25671386
1.28186035
1.27539062
1.27563476
1.27551269
1.27416992
1.26586914
1.27539062
1.25866699
1.26428222
1.26855468
1.25927734
1.27539062
1.27539062
1.26623535
1.26806640
1.26367187
1.25219726
1.26232910
1.27917480
1.27783203
1.28051757
1.26354980
1.26293945
1.27807617
1.25805664
1.27807617
1.27392578
1.27319335
1.27429199
1.26538085
1.26538085
1.27014160
1.27307128
1.27929687
1.27539062
1.27307128
1.27307128
1.26232910
1.27294921
1.25732421
1.28173828
1.27380371
1.27563476
1.26696777
1.26440429
1.26843261
1.27685546
1.27673339
1.26098632
1.26538085
1.26464843
1.26477050
1.26794433
1.26379394
1.26342773
1.27954101
1.27014160
1.26318359
1.26538085
1.26672363
1.26403808
1.25732421
1.26062011
1.26623535
1.25341796
1.26147460
1.26916503
1.26953125
1.25781250
1.25976562
1.26257324
1.25952148
1.26281738
1.26171875
1.26599121
1.26513671
1.26660156
1.27807617
1.26342773
1.27307128
1.25915527
1.25695800
1.26281738
1.26440429
1.26037597
1.26159667
1.26232910
1.26232910
1.27343750
1.26245117
1.26806640
1.25866699
1.26599121
1.26123046
1.26562500
1.27319335
1.26550292
1.27685546
1.26501464
1.26184082
1.27734375
1.26098632
1.25561523
1.27551269
1.26623535
1.27209472
1.25988769
1.27416992
1.26464843
1.27490234
1.28125000
1.26416015
1.26550292
1.26208496
1.26525878
1.27453613
1.26672363
1.27575683
1.27929687
1.26220703
1.27307128
1.27172851
1.28039550
1.27453613
1.27551269
1.26538085
1.26831054
1.27368164
1.26000976
