1.27185058
1.27734375
1.26074218
1.25952148
1.26110839
1.27685546
1.28076171
1.26037597
1.26696777
1.26184082
1.25878906
1.27307128
1.26086425
1.27563476
1.25891113
1.26037597
1.25573730
1.25842285
1.27429199
1.26721191
1.26464843
1.26538085
1.26940917
1.26208496
1.26098632
1.25317382
1.26940917
1.25732421
1.25598144
1.25646972
1.27075195
1.26171875
1.26538085
1.26416015
1.24938964
1.26452636
1.27429199
1.26477050
1.28381347
1.25732421
1.26794433
1.26464843
1.25817871
1.25988769
1.27209472
1.26416015
1.27404785
1.27307128
1.27380371
1.27416992
1.26550292
1.26098632
1.25976562
1.26672363
1.26940917
1.26770019
1.25817871
1.26062011
1.25683593
1.27307128
1.27795410
1.27429199
1.27990722
1.26391601
1.27575683
1.27416992
1.26196289
1.27563476
1.26086425
1.26513671
1.25451660
1.25976562
1.25988769
1.26379394
1.27526855
1.26696777
1.27343750
1.27673339
1.27172851
1.27539062
1.25488281
1.27514648
1.27416992
1.27514648
1.27526855
1.27319335
1.26660156
1.27294921
1.28137207
1.25842285
1.27270507
1.26062011
1.27392578
1.26013183
1.27539062
1.26098632
1.27526855
1.27294921
1.26416015
1.27233886
1.26489257
1.26538085
1.27319335
1.27258300
1.27368164
1.26318359
1.26171875
1.26538085
1.27807617
1.26367187
1.26501464
1.25085449
1.26416015
1.26293945
1.25756835
1.26843261
1.27197265
1.27807617
1.26513671
1.26806640
1.26159667
1.27697753
1.27587890
1.26684570
1.27563476
1.27709960
1.26245117
1.26843261
1.27770996
1.27038574
1.28527832
1.26928710
1.27600097
1.27038574
1.25805664
1.27404785
1.26513671
1.26953125
1.27539062
1.27404785
1.27294921
1.25891113
1.26062011
1.26611328
1.26062011
1.27917480
1.27404785
1.27185058
1.26818847
1.25988769
1.26538085
1.27160644
1.26416015
1.26782226
1.27526855
1.27746582
1.26794433
1.26000976
1.25854492
1.27661132
1.27185058
1.25683593
1.26354980
1.26940917
1.25817871
1.27160644
1.27172851
1.26037597
1.27624511
1.25866699
1.26525878
1.26257324
1.26220703
1.26220703
1.26525878
1.25891113
1.26562500
1.27307128
1.27929687
1.25793457
1.27307128
1.26538085
1.26928710
1.26916503
1.25598144
1.26257324
1.26562500
1.26623535
1.26513671
1.26745605
1.28186035
1.26342773
1.27185058
1.26428222
1.26452636
1.27832031
1.26647949
1.27429199
1.27539062
1.26086425
