1.27539062
1.26184082
1.26025390
1.26525878
1.27539062
1.25805664
1.27429199
1.26757812
1.25903320
1.26623535
1.27294921
1.26672363
1.26525878
1.26574707
1.26599121
1.26330566
1.27551269
1.23620605
1.27893066
1.26354980
1.26416015
1.25610351
1.27954101
1.26708984
1.26721191
1.26416015
1.27478027
1.26574707
1.25695800
1.25354003
1.26538085
1.25451660
1.27563476
1.25854492
1.27502441
1.25854492
1.25781250
1.25817871
1.26416015
1.26721191
1.26354980
1.26416015
1.27429199
1.25976562
1.26574707
1.27185058
1.26806640
1.25683593
1.26538085
1.27429199
1.26428222
1.26647949
1.27368164
1.25610351
1.27551269
1.25964355
1.27465820
1.27575683
1.27783203
1.27539062
1.27453613
1.26843261
1.26293945
1.25854492
1.26916503
1.27038574
1.27429199
1.27429199
1.27392578
1.27526855
1.27026367
1.26672363
1.26306152
1.25512695
1.26818847
1.26342773
1.26318359
1.26208496
1.27099609
1.25427246
1.26098632
1.26647949
1.26708984
1.26318359
1.25634765
1.27270507
1.27307128
1.25903320
1.26428222
1.26428222
1.27551269
1.26513671
1.28100585
1.27404785
1.26000976
1.25805664
1.25964355
1.27429199
1.26538085
1.26074218
1.26000976
1.27416992
1.25866699
1.27282714
1.25561523
1.27294921
1.27172851
1.27307128
1.27331542
1.26428222
1.27307128
1.26440429
1.27294921
1.27307128
1.26538085
1.26538085
1.25830078
1.25476074
1.27453613
1.26171875
1.27416992
1.27416992
1.27539062
1.26342773
1.26000976
1.27172851
1.26000976
1.26501464
1.26477050
1.25830078
1.26562500
1.25842285
1.27331542
1.26000976
1.25842285
1.26245117
1.26599121
1.26062011
1.26184082
1.25610351
1.24975585
1.26611328
1.26013183
1.25903320
1.28039550
1.27355957
1.25964355
1.27307128
1.26513671
1.25817871
1.26525878
1.26403808
1.26281738
1.27038574
1.26477050
1.27062988
1.26342773
1.27282714
1.26440429
1.26660156
1.26464843
1.26184082
1.26391601
1.26550292
1.25842285
1.26440429
1.27673339
1.25817871
1.26416015
1.26538085
1.27368164
1.26440429
1.26245117
1.26293945
1.26550292
1.26782226
1.25903320
1.27416992
1.25952148
1.26428222
1.25292968
1.27026367
1.26660156
1.26782226
1.26550292
1.25952148
1.26257324
1.25610351
1.26110839
1.25549316
1.25524902
1.26037597
1.25634765
1.26940917
1.25622558
1.27062988
1.25366210
1.26293945
1.27416992
1.27429199
