1.26049804
1.26208496
1.25903320
1.25976562
1.26013183
1.27319335
1.25842285
1.26538085
1.26660156
1.27563476
1.27575683
1.26489257
1.25976562
1.25866699
1.26013183
1.26477050
1.25927734
1.27246093
1.26232910
1.25939941
1.25927734
1.26245117
1.26196289
1.28039550
1.25695800
1.26110839
1.26550292
1.26501464
1.26489257
1.25903320
1.26013183
1.25744628
1.25854492
1.26232910
1.26354980
1.27062988
1.26538085
1.26538085
1.26538085
1.27331542
1.26123046
1.27221679
1.26452636
1.27404785
1.27539062
1.26452636
1.27148437
1.26684570
1.26708984
1.26013183
1.27539062
1.27185058
1.25952148
1.26696777
1.27233886
1.27062988
1.27307128
1.26416015
1.26318359
1.25854492
1.27404785
1.27307128
1.26257324
1.27343750
1.26562500
1.25988769
1.26306152
1.27648925
1.26220703
1.25830078
1.26464843
1.27294921
1.26660156
1.26416015
1.24841308
1.26293945
1.26477050
1.25976562
1.26538085
1.25976562
1.27673339
1.25976562
1.26806640
1.26562500
1.25683593
1.27917480
1.25939941
1.27319335
1.25854492
1.26293945
1.27307128
1.27343750
1.27526855
1.25988769
1.27929687
1.25964355
1.27258300
1.26013183
1.27380371
1.25769042
1.28137207
1.25976562
1.27539062
1.25927734
1.28051757
1.27539062
1.27539062
1.27539062
1.27416992
1.27575683
1.27661132
1.23876953
1.26574707
1.25927734
1.25683593
1.26354980
1.26501464
1.27563476
1.26489257
1.26440429
1.26440429
1.26672363
1.26672363
1.26721191
1.26330566
1.26745605
1.25817871
1.28063964
1.27441406
1.27185058
1.26416015
1.25732421
1.26928710
1.26940917
1.26538085
1.26696777
1.27807617
1.25769042
1.26416015
1.25732421
1.26489257
1.25561523
1.27160644
1.28039550
1.27539062
1.27416992
1.27075195
1.26074218
1.26806640
1.25610351
1.25683593
1.26049804
1.27441406
1.27270507
1.26477050
1.26171875
1.26586914
1.25976562
1.27612304
1.25854492
1.27539062
1.25927734
1.27185058
1.27429199
1.28015136
1.27514648
1.27429199
1.27795410
1.25695800
1.26867675
1.27441406
1.26538085
1.25683593
1.26464843
1.27209472
1.26440429
1.26818847
1.26440429
1.26574707
1.27319335
1.26428222
1.27685546
1.26538085
1.27343750
1.26416015
1.27136230
1.26098632
1.26428222
1.26416015
1.26562500
1.27294921
1.26525878
1.26416015
1.26416015
1.26550292
1.26684570
1.26696777
1.27185058
1.25915527
1.26086425
