1.26953125
1.25512695
1.26574707
1.26428222
1.26013183
1.26403808
1.25695800
1.25805664
1.27258300
1.26684570
1.27551269
1.27661132
1.26660156
1.27563476
1.26000976
1.26794433
1.26257324
1.26831054
1.27368164
1.27441406
1.27441406
1.26953125
1.25866699
1.26086425
1.26074218
1.27453613
1.27404785
1.26428222
1.27893066
1.26049804
1.26599121
1.27539062
1.25451660
1.26733398
1.27416992
1.27331542
1.26098632
1.27319335
1.26843261
1.27917480
1.26513671
1.26794433
1.27819824
1.27294921
1.26647949
1.26196289
1.27441406
1.26611328
1.26354980
1.25549316
1.25732421
1.27539062
1.26086425
1.27172851
1.26599121
1.26220703
1.26208496
1.27453613
1.26452636
1.27062988
1.28027343
1.26684570
1.26660156
1.26562500
1.25439453
1.25793457
1.25756835
1.26245117
1.27905273
1.26806640
1.27502441
1.26574707
1.27429199
1.26452636
1.26574707
1.26574707
1.27331542
1.26684570
1.26684570
1.26635742
1.24975585
1.26550292
1.25744628
1.26794433
1.25988769
1.26269531
1.27539062
1.26831054
1.26416015
1.27429199
1.26464843
1.27307128
1.27661132
1.26074218
1.25292968
1.25939941
1.27294921
1.25939941
1.26416015
1.27294921
1.26318359
1.27270507
1.26306152
1.26184082
1.26330566
1.26171875
1.26074218
1.26940917
1.25646972
1.26831054
1.26098632
1.26293945
1.26489257
1.25964355
1.26293945
1.26318359
1.27416992
1.27185058
1.26489257
1.27307128
1.26416015
1.25769042
1.25988769
1.26171875
1.26464843
1.26684570
1.26354980
1.25952148
1.27685546
1.26660156
1.26416015
1.27038574
1.27661132
1.26586914
1.26513671
1.26367187
1.27307128
1.27343750
1.27697753
1.27429199
1.26831054
1.27429199
1.25939941
1.27685546
1.26000976
1.27294921
1.27429199
1.27416992
1.26538085
1.25964355
1.26538085
1.25817871
1.25854492
1.26538085
1.25781250
1.26354980
1.26879882
1.26538085
1.28076171
1.26538085
1.27661132
1.27307128
1.27453613
1.27429199
1.26403808
1.25231933
1.27026367
1.25976562
1.27685546
1.26403808
1.27185058
1.26452636
1.27636718
1.26013183
1.27453613
1.26220703
1.26416015
1.25976562
1.26391601
1.27355957
1.25708007
1.26525878
1.26660156
1.27307128
1.25854492
1.26330566
1.25866699
1.27563476
1.26098632
1.26367187
1.27539062
1.25854492
1.26916503
1.26428222
1.27221679
1.27124023
1.26965332
1.26159667
1.27636718
1.26391601
