1.26354980
1.25573730
1.26684570
1.27539062
1.26538085
1.25915527
1.26208496
1.27233886
1.25903320
1.27331542
1.26318359
1.26062011
1.26599121
1.26245117
1.26672363
1.26440429
1.27453613
1.25793457
1.24914550
1.25976562
1.26660156
1.25830078
1.26538085
1.26538085
1.26159667
1.26660156
1.25842285
1.25976562
1.27416992
1.27807617
1.25671386
1.26220703
1.26110839
1.25610351
1.25610351
1.27209472
1.26574707
1.25939941
1.26623535
1.26367187
1.27307128
1.27380371
1.27429199
1.27246093
1.28149414
1.26525878
1.25866699
1.27282714
1.24743652
1.27307128
1.27319335
1.27416992
1.27441406
1.27563476
1.25891113
1.27539062
1.27172851
1.26086425
1.25585937
1.26098632
1.26379394
1.26110839
1.26220703
1.28002929
1.25988769
1.27416992
1.25964355
1.26098632
1.27429199
1.25964355
1.27294921
1.25695800
1.27539062
1.27246093
1.27246093
1.25708007
1.26477050
1.27172851
1.26660156
1.25988769
1.27185058
1.26464843
1.26562500
1.26477050
1.26574707
1.27392578
1.25964355
1.26269531
1.25817871
1.27453613
1.25366210
1.26501464
1.27514648
1.26806640
1.27380371
1.27490234
1.27331542
1.26086425
1.27636718
1.26086425
1.26538085
1.27526855
1.26123046
1.26623535
1.25964355
1.25720214
1.26586914
1.27612304
1.26660156
1.27294921
1.26538085
1.26538085
1.27197265
1.26464843
1.26428222
1.26660156
1.25854492
1.26184082
1.26513671
1.27770996
1.27197265
1.26660156
1.26879882
1.27539062
1.28100585
1.26818847
1.27331542
1.26367187
1.27233886
1.27624511
1.27441406
1.27038574
1.27551269
1.27062988
1.25817871
1.25976562
1.27490234
1.25964355
1.25915527
1.27172851
1.28051757
1.26647949
1.26562500
1.25390625
1.25573730
1.26196289
1.26196289
1.27209472
1.26293945
1.26306152
1.26147460
1.25695800
1.26867675
1.26428222
1.26794433
1.26220703
1.26354980
1.27453613
1.26818847
1.27404785
1.27575683
1.27636718
1.27478027
1.27185058
1.27465820
1.27185058
1.27795410
1.25817871
1.27307128
1.25854492
1.27404785
1.26110839
1.26806640
1.26416015
1.26916503
1.27600097
1.27307128
1.26477050
1.26306152
1.25891113
1.26379394
1.26379394
1.27307128
1.26477050
1.26477050
1.26708984
1.27868652
1.26513671
1.26843261
1.27429199
1.26916503
1.27185058
1.27429199
1.26098632
1.25891113
1.24877929
1.27392578
1.27490234
1.27539062
1.27563476
