1.26501464
1.27429199
1.26586914
1.26452636
1.25671386
1.25805664
1.26647949
1.26708984
1.26245117
1.26806640
1.26770019
1.26110839
1.25891113
1.25207519
1.26135253
1.25976562
1.26440429
1.27709960
1.27429199
1.26782226
1.25695800
1.27343750
1.27429199
1.27539062
1.25915527
1.27539062
1.27294921
1.27526855
1.26416015
1.26562500
1.27429199
1.26428222
1.27539062
1.27429199
1.27148437
1.26940917
1.27795410
1.25549316
1.26599121
1.27075195
1.26562500
1.24865722
1.25463867
1.25366210
1.24853515
1.25915527
1.27514648
1.27343750
1.26538085
1.27697753
1.27429199
1.27661132
1.25939941
1.27221679
1.26562500
1.26806640
1.27343750
1.26196289
1.26562500
1.25646972
1.25976562
1.25830078
1.26782226
1.25988769
1.26306152
1.27526855
1.24682617
1.27648925
1.27685546
1.26501464
1.27319335
1.26037597
1.26696777
1.25683593
1.25976562
1.26416015
1.26098632
1.27294921
1.27539062
1.27539062
1.27233886
1.25976562
1.27539062
1.25939941
1.27539062
1.25451660
1.27307128
1.27465820
1.27441406
1.26940917
1.25354003
1.27551269
1.25976562
1.27661132
1.27624511
1.27575683
1.26940917
1.27307128
1.27307128
1.25878906
1.27661132
1.27124023
1.25732421
1.27929687
1.26184082
1.27478027
1.28039550
1.27502441
1.26684570
1.26330566
1.26367187
1.26159667
1.27539062
1.26086425
1.27636718
1.27441406
1.26623535
1.27453613
1.25280761
1.27221679
1.26574707
1.26501464
1.26623535
1.27429199
1.25781250
1.27416992
1.25854492
1.25805664
1.27294921
1.25964355
1.27136230
1.26330566
1.27429199
1.26367187
1.27734375
1.27050781
1.27685546
1.26293945
1.27795410
1.26538085
1.25549316
1.26293945
1.27661132
1.26403808
1.27941894
1.25732421
1.21972656
1.26550292
1.25976562
1.26220703
1.26611328
1.27770996
1.25964355
1.25976562
1.27429199
1.27429199
1.27917480
1.27355957
1.26110839
1.27575683
1.26232910
1.26379394
1.27331542
1.26477050
1.25866699
1.25524902
1.28051757
1.26269531
1.26562500
1.26586914
1.25537109
1.26159667
1.27294921
1.25976562
1.25817871
1.27416992
1.25964355
1.26672363
1.26416015
1.25683593
1.27429199
1.26403808
1.26098632
1.27539062
1.26220703
1.27807617
1.26550292
1.25695800
1.27600097
1.26806640
1.26000976
1.27551269
1.25744628
1.27429199
1.25976562
1.26281738
1.26135253
1.26428222
1.26293945
1.27429199
