1.25695800
1.27429199
1.27697753
1.26416015
1.27575683
1.26611328
1.27404785
1.27197265
1.25952148
1.26550292
1.27258300
1.26696777
1.27575683
1.27783203
1.26770019
1.26086425
1.26477050
1.26928710
1.26403808
1.27355957
1.25854492
1.28076171
1.27673339
1.27062988
1.26049804
1.26354980
1.25537109
1.27185058
1.26696777
1.27185058
1.26342773
1.27770996
1.26916503
1.24475097
1.26574707
1.26354980
1.26538085
1.26171875
1.26660156
1.26586914
1.25854492
1.27416992
1.26489257
1.27416992
1.27404785
1.26098632
1.27368164
1.25976562
1.26586914
1.25866699
1.26538085
1.26354980
1.25939941
1.25817871
1.26196289
1.26550292
1.27551269
1.25964355
1.27551269
1.27465820
1.27575683
1.27209472
1.26440429
1.26574707
1.25354003
1.26220703
1.25781250
1.25964355
1.25964355
1.26782226
1.26574707
1.25744628
1.27441406
1.25769042
1.26562500
1.26440429
1.26403808
1.25903320
1.28051757
1.28027343
1.25610351
1.27429199
1.25976562
1.27294921
1.26574707
1.26416015
1.26428222
1.26293945
1.27563476
1.26428222
1.26428222
1.27404785
1.26928710
1.26025390
1.27062988
1.26416015
1.27294921
1.26049804
1.25781250
1.25976562
1.26403808
1.26269531
1.26416015
1.26428222
1.26464843
1.26318359
1.25292968
1.24707031
1.26416015
1.25927734
1.26062011
1.26416015
1.26806640
1.27416992
1.25866699
1.27551269
1.27441406
1.27697753
1.26562500
1.27246093
1.26672363
1.27404785
1.26000976
1.27783203
1.26171875
1.25683593
1.25842285
1.27416992
1.27539062
1.27539062
1.27246093
1.27404785
1.25939941
1.26489257
1.26806640
1.26477050
1.27429199
1.25939941
1.26367187
1.25695800
1.27062988
1.25976562
1.26574707
1.26391601
1.27319335
1.25720214
1.27893066
1.26184082
1.25708007
1.26281738
1.25915527
1.25549316
1.26562500
1.27062988
1.26708984
1.25769042
1.26464843
1.26245117
1.26000976
1.26794433
1.26281738
1.27941894
1.27404785
1.26684570
1.26623535
1.26245117
1.25964355
1.25988769
1.26245117
1.26464843
1.26159667
1.27832031
1.27539062
1.25964355
1.27429199
1.26013183
1.26477050
1.26562500
1.26525878
1.26135253
1.27258300
1.25732421
1.26489257
1.26696777
1.26293945
1.25976562
1.26538085
1.27404785
1.26416015
1.26818847
1.25720214
1.26086425
1.26306152
1.27429199
1.27197265
1.27270507
1.25976562
1.24609375
1.27319335
1.27551269
