1.26367187
1.26074218
1.27197265
1.25866699
1.26293945
1.25915527
1.26562500
1.27795410
1.25854492
1.26171875
1.26293945
1.26684570
1.26574707
1.26416015
1.26452636
1.26269531
1.27478027
1.26452636
1.26098632
1.25854492
1.26098632
1.27441406
1.25183105
1.27734375
1.27343750
1.25830078
1.26208496
1.25964355
1.26477050
1.26098632
1.25866699
1.25964355
1.26477050
1.26525878
1.27929687
1.27490234
1.28051757
1.27551269
1.27648925
1.26416015
1.26928710
1.26062011
1.26525878
1.26098632
1.27368164
1.27233886
1.27355957
1.26660156
1.25476074
1.26623535
1.26220703
1.27563476
1.27343750
1.27416992
1.26672363
1.27697753
1.25720214
1.25964355
1.26086425
1.25976562
1.26428222
1.26171875
1.25976562
1.26171875
1.26416015
1.25805664
1.27282714
1.25939941
1.27062988
1.25708007
1.26550292
1.26538085
1.26293945
1.25976562
1.27429199
1.25866699
1.27197265
1.25927734
1.25976562
1.27429199
1.26538085
1.26818847
1.25805664
1.26953125
1.26940917
1.25512695
1.27050781
1.25854492
1.26940917
1.25671386
1.27209472
1.25842285
1.27209472
1.27685546
1.26684570
1.26440429
1.26745605
1.26013183
1.27294921
1.25830078
1.26538085
1.26318359
1.27539062
1.26586914
1.26647949
1.26440429
1.26440429
1.26574707
1.27233886
1.26013183
1.23535156
1.27795410
1.27416992
1.27343750
1.27429199
1.25976562
1.26416015
1.27307128
1.26440429
1.27319335
1.27539062
1.27380371
1.25878906
1.27355957
1.27429199
1.27270507
1.26806640
1.25842285
1.25463867
1.26391601
1.26782226
1.26879882
1.27319335
1.26391601
1.26220703
1.27172851
1.25903320
1.27539062
1.25964355
1.26440429
1.26062011
1.26501464
1.26342773
1.26318359
1.26171875
1.26428222
1.25903320
1.26281738
1.26379394
1.26342773
1.26672363
1.26525878
1.26672363
1.25805664
1.26000976
1.26586914
1.26538085
1.26428222
1.26098632
1.26098632
1.26306152
1.25915527
1.26098632
1.25854492
1.26452636
1.26379394
1.27307128
1.25805664
1.27014160
1.26940917
1.27478027
1.26330566
1.26354980
1.25744628
1.27880859
1.25964355
1.26159667
1.27661132
1.27014160
1.26623535
1.26086425
1.27416992
1.25781250
1.27294921
1.26013183
1.27185058
1.25854492
1.25708007
1.27404785
1.27490234
1.26196289
1.25500488
1.26403808
1.25878906
1.26452636
1.26452636
1.27441406
1.25817871
1.27563476
1.25952148
