1.25341796
1.26708984
1.26293945
1.27832031
1.26477050
1.26000976
1.26074218
1.25952148
1.26342773
1.26452636
1.25598144
1.26452636
1.25769042
1.26184082
1.25903320
1.27099609
1.26440429
1.26501464
1.26501464
1.26782226
1.27453613
1.26538085
1.26196289
1.26635742
1.27758789
1.25976562
1.26086425
1.27148437
1.27221679
1.26464843
1.26416015
1.24816894
1.26538085
1.27941894
1.27294921
1.27819824
1.27929687
1.26477050
1.26025390
1.26867675
1.27404785
1.28173828
1.26550292
1.27014160
1.25854492
1.27368164
1.25756835
1.26489257
1.26354980
1.26245117
1.26623535
1.25720214
1.26440429
1.26684570
1.26477050
1.26257324
1.27124023
1.26477050
1.27661132
1.27551269
1.27551269
1.26171875
1.25683593
1.26403808
1.25793457
1.25927734
1.27368164
1.26464843
1.27429199
1.26062011
1.27404785
1.26538085
1.26428222
1.26416015
1.26416015
1.26892089
1.25573730
1.26403808
1.26538085
1.27319335
1.25854492
1.26599121
1.26171875
1.25903320
1.26953125
1.27416992
1.26501464
1.26171875
1.27331542
1.27685546
1.27307128
1.27307128
1.27441406
1.27551269
1.27331542
1.26318359
1.25891113
1.26599121
1.25927734
1.26684570
1.25988769
1.27307128
1.25708007
1.26562500
1.25830078
1.26318359
1.26196289
1.26184082
1.27270507
1.27294921
1.27539062
1.27429199
1.27478027
1.27807617
1.27331542
1.25805664
1.26660156
1.26232910
1.25695800
1.27087402
1.25610351
1.26049804
1.25732421
1.25878906
1.26098632
1.26074218
1.27539062
1.26538085
1.26428222
1.26538085
1.27526855
1.25988769
1.27478027
1.26477050
1.26562500
1.26477050
1.26440429
1.26452636
1.25585937
1.26379394
1.26196289
1.25854492
1.25903320
1.26916503
1.26110839
1.26440429
1.25695800
1.26428222
1.26538085
1.28015136
1.27209472
1.27929687
1.26232910
1.26940917
1.26416015
1.26953125
1.26098632
1.25988769
1.25964355
1.27416992
1.27539062
1.25817871
1.27404785
1.26330566
1.26684570
1.27355957
1.27185058
1.26354980
1.25451660
1.26660156
1.26464843
1.27355957
1.28063964
1.26843261
1.27453613
1.26367187
1.27282714
1.25903320
1.27307128
1.26391601
1.26257324
1.25866699
1.27697753
1.28234863
1.27770996
1.26306152
1.26843261
1.26000976
1.25732421
1.26501464
1.26184082
1.26684570
1.26391601
1.26794433
1.26660156
1.26440429
1.26403808
1.26660156
1.26538085
1.27050781
