1.20361328
1.20983886
1.20727539
1.20690917
1.20495605
1.21569824
1.21215820
1.21545410
1.21936035
1.21936035
1.21826171
1.21704101
1.21716308
1.21826171
1.20690917
1.20874023
1.21813964
1.20874023
1.21716308
1.20812988
1.20861816
1.21936035
1.20971679
1.21679687
1.20812988
1.21728515
1.20471191
1.19909667
1.21911621
1.21923828
1.21704101
1.20837402
1.21679687
1.20446777
1.20922851
1.21691894
1.20886230
1.21057128
1.20520019
1.21813964
1.21936035
1.21325683
1.20629882
1.20898437
1.20019531
1.20495605
1.20703125
1.20568847
1.21655273
1.21655273
1.20861816
1.20800781
1.21545410
1.20007324
1.21081542
1.20129394
1.20153808
1.20263671
1.20275878
1.20983886
1.20837402
1.20849609
1.21386718
1.19360351
1.20922851
1.19616699
1.20373535
1.21813964
1.20581054
1.20874023
1.20458984
1.21948242
1.21508789
1.21777343
1.20080566
1.20959472
1.20898437
1.21679687
1.21936035
1.21826171
1.21472167
1.20605468
1.21936035
1.20397949
1.21948242
1.20458984
1.21289062
1.18542480
1.19885253
1.18847656
1.20056152
1.20056152
1.18322753
1.17578125
1.20007324
1.18615722
1.19934082
1.18225097
1.19921875
1.18493652
1.19982910
1.18847656
1.19848632
1.20068359
1.19799804
1.18786621
1.20031738
1.18554687
1.17651367
1.19030761
1.18945312
1.19653320
1.19152832
1.18493652
1.18603515
1.18811035
1.18603515
1.19995117
1.19873046
1.19470214
1.18395996
1.20031738
1.19824218
1.19897460
1.18542480
1.19616699
1.19104003
1.19946289
1.18493652
1.17761230
1.19653320
1.19873046
1.20056152
1.20056152
1.20092773
1.19824218
1.19958496
1.19885253
1.19934082
1.19848632
1.19946289
1.18444824
1.19848632
1.19909667
1.19836425
1.19165039
1.19909667
1.19213867
1.18493652
1.18615722
1.19824218
1.18615722
1.19946289
1.19262695
1.19104003
1.20031738
1.19421386
1.18676757
1.18603515
1.19860839
1.18542480
1.19812011
1.18688964
1.18261718
1.20056152
1.19677734
1.20056152
1.19995117
1.20068359
1.20043945
1.19909667
1.19934082
1.19726562
1.19152832
1.18603515
1.19860839
1.19738769
1.18212890
1.18603515
1.18676757
1.19909667
1.18505859
1.18591308
1.19152832
1.18835449
1.19824218
1.18200683
1.19873046
1.18676757
1.19921875
1.17712402
1.19104003
1.20068359
1.19946289
1.18566894
1.19226074
1.18664550
1.18603515
1.18603515
1.17956542
