1.20886230
1.20373535
1.20495605
1.21374511
1.20483398
1.21801757
1.20251464
1.20800781
1.20385742
1.20874023
1.21813964
1.20251464
1.21447753
1.21203613
1.21704101
1.20117187
1.21923828
1.20495605
1.21813964
1.20849609
1.20776367
1.20922851
1.20935058
1.21069335
1.21411132
1.20056152
1.21093750
1.21777343
1.20849609
1.20251464
1.20935058
1.20251464
1.20935058
1.21582031
1.20690917
1.20349121
1.20739746
1.20495605
1.20922851
1.20922851
1.21936035
1.20483398
1.21948242
1.20385742
1.20129394
1.21630859
1.21691894
1.20495605
1.21704101
1.20874023
1.21276855
1.21289062
1.21325683
1.21386718
1.21179199
1.20825195
1.21618652
1.20861816
1.21911621
1.20361328
1.21948242
1.23706054
1.20361328
1.20690917
1.20666503
1.20349121
1.21105957
1.21459960
1.20727539
1.21276855
1.20825195
1.20690917
1.20861816
1.20263671
1.18811035
1.19213867
1.19384765
1.18591308
1.18444824
1.19140625
1.19433593
1.19372558
1.19519042
1.19421386
1.18603515
1.19934082
1.18249511
1.19006347
1.18603515
1.19213867
1.18457031
1.19689941
1.18725585
1.18530273
1.19665527
1.19812011
1.18530273
1.18566894
1.19226074
1.19750976
1.18444824
1.19238281
1.20080566
1.18371582
1.18493652
1.18725585
1.19860839
1.18359375
1.18554687
1.19458007
1.19616699
1.19616699
1.18127441
1.19226074
1.19030761
1.18090820
1.19934082
1.20019531
1.18994140
1.19531250
1.18408203
1.18225097
1.18542480
1.18249511
1.18457031
1.18237304
1.19335937
1.19152832
1.19482421
1.18933105
1.19409179
1.19372558
1.19091796
1.18945312
1.19836425
1.19409179
1.19775390
1.19934082
1.19287109
1.19299316
1.19018554
1.19604492
1.19958496
1.19860839
1.19897460
1.19787597
1.19934082
1.19702148
1.18249511
1.18322753
1.18530273
1.19897460
1.19653320
1.19140625
1.18933105
1.19628906
1.19580078
1.19409179
1.18615722
1.18969726
1.18481445
1.18554687
1.18615722
1.18444824
1.19262695
1.19921875
1.19128417
1.18835449
1.19702148
1.18493652
1.18847656
1.18359375
1.18225097
1.18969726
1.18505859
1.19543457
1.18249511
1.17590332
1.18310546
1.18566894
1.19055175
1.18200683
1.19433593
1.19812011
1.18737792
1.18444824
1.19836425
1.18688964
1.17004394
1.19079589
1.18603515
1.19055175
1.18237304
1.20129394
1.18493652
1.19641113
1.18359375
1.18762207
1.18603515
1.18359375
