1.21447753
1.20251464
1.20617675
1.21020507
1.21691894
1.21679687
1.21313476
1.21203613
1.20739746
1.21936035
1.21777343
1.21582031
1.21020507
1.20886230
1.20483398
1.21447753
1.20812988
1.20349121
1.21618652
1.20935058
1.20397949
1.21337890
1.20825195
1.20458984
1.20947265
1.21582031
1.21655273
1.21301269
1.20483398
1.21826171
1.21276855
1.20983886
1.20983886
1.21789550
1.21618652
1.20739746
1.20983886
1.21020507
1.21704101
1.20751953
1.21289062
1.20739746
1.21093750
1.20300292
1.20495605
1.20446777
1.20251464
1.21655273
1.20935058
1.21057128
1.21484375
1.20605468
1.20935058
1.20251464
1.21166992
1.21704101
1.21582031
1.20410156
1.20935058
1.20385742
1.21423339
1.20373535
1.21740722
1.20837402
1.20410156
1.21801757
1.20629882
1.21008300
1.21826171
1.20812988
1.21740722
1.21813964
1.21813964
1.21826171
1.20397949
1.21826171
1.20031738
1.20056152
1.18017578
1.18811035
1.18762207
1.19897460
1.18481445
1.20056152
1.18701171
1.20056152
1.19274902
1.20190429
1.18725585
1.18688964
1.18444824
1.18688964
1.20056152
1.18322753
1.18688964
1.18640136
1.18579101
1.18688964
1.19946289
1.18945312
1.18444824
1.18847656
1.19909667
1.20056152
1.18273925
1.17480468
1.20178222
1.19934082
1.18579101
1.20166015
1.18737792
1.20043945
1.20031738
1.20056152
1.20056152
1.18505859
1.18994140
1.18444824
1.19555664
1.18505859
1.19873046
1.19384765
1.18469238
1.18566894
1.19812011
1.17724609
1.19750976
1.19018554
1.19934082
1.17846679
1.20031738
1.17846679
1.19982910
1.18640136
1.18713378
1.20080566
1.18481445
1.20166015
1.18371582
1.19873046
1.18737792
1.19799804
1.18652343
1.18652343
1.18432617
1.19812011
1.17956542
1.18579101
1.18737792
1.18151855
1.19091796
1.18664550
1.18432617
1.20031738
1.18530273
1.18566894
1.18554687
1.18603515
1.19934082
1.18762207
1.19201660
1.20007324
1.19616699
1.19958496
1.19836425
1.19921875
1.19934082
1.19335937
1.18554687
1.18591308
1.18884277
1.19567871
1.18664550
1.19104003
1.18395996
1.19018554
1.18725585
1.19189453
1.18493652
1.19934082
1.18493652
1.18469238
1.18652343
1.19946289
1.18371582
1.18444824
1.18481445
1.19775390
1.18603515
1.19580078
1.18920898
1.18542480
1.19995117
1.18566894
1.18188476
1.18688964
1.19934082
1.18737792
1.19970703
1.18725585
