1.20727539
1.21813964
1.21606445
1.20764160
1.20849609
1.20483398
1.20727539
1.21826171
1.20434570
1.20703125
1.21350097
1.21203613
1.20458984
1.21704101
1.20507812
1.21667480
1.20800781
1.20275878
1.20092773
1.20666503
1.20385742
1.21337890
1.20922851
1.20935058
1.20263671
1.21643066
1.20812988
1.21362304
1.21459960
1.21459960
1.20629882
1.20483398
1.20751953
1.19372558
1.20568847
1.20776367
1.21057128
1.20373535
1.20874023
1.21459960
1.21008300
1.21228027
1.21093750
1.20837402
1.20349121
1.20935058
1.20202636
1.21655273
1.21154785
1.20800781
1.20617675
1.20605468
1.20446777
1.20861816
1.20617675
1.20935058
1.20935058
1.21179199
1.21215820
1.21252441
1.20861816
1.20739746
1.21093750
1.21704101
1.21557617
1.21704101
1.20141601
1.21496582
1.20935058
1.21313476
1.21826171
1.21337890
1.20935058
1.21313476
1.20141601
1.20935058
1.18554687
1.18847656
1.18859863
1.18359375
1.18591308
1.18225097
1.18481445
1.18566894
1.18432617
1.19812011
1.18408203
1.18481445
1.18725585
1.19934082
1.19531250
1.19030761
1.19409179
1.19213867
1.19213867
1.19165039
1.19177246
1.18591308
1.19934082
1.19531250
1.18933105
1.19262695
1.18554687
1.19458007
1.18798828
1.18395996
1.18530273
1.18847656
1.19592285
1.18615722
1.18188476
1.18945312
1.19140625
1.18322753
1.18615722
1.19140625
1.18481445
1.19372558
1.19445800
1.18884277
1.18627929
1.19360351
1.18493652
1.19543457
1.19067382
1.19665527
1.18566894
1.19580078
1.19372558
1.18530273
1.19348144
1.18505859
1.19934082
1.18395996
1.18444824
1.19348144
1.21130371
1.18457031
1.18371582
1.18884277
1.18493652
1.18481445
1.19812011
1.19580078
1.18481445
1.19897460
1.19055175
1.18493652
1.19812011
1.18493652
1.19970703
1.18408203
1.17712402
1.19934082
1.19445800
1.18200683
1.18627929
1.18566894
1.18444824
1.18395996
1.17358398
1.18469238
1.18579101
1.19543457
1.18579101
1.17517089
1.20104980
1.19787597
1.19421386
1.19311523
1.18591308
1.19177246
1.18603515
1.17004394
1.18493652
1.19470214
1.18371582
1.19458007
1.17004394
1.19250488
1.18701171
1.19763183
1.19580078
1.19934082
1.18969726
1.18981933
1.19946289
1.18688964
1.19812011
1.18847656
1.19702148
1.19189453
1.18615722
1.18444824
1.18420410
1.18737792
1.19555664
1.18371582
1.19531250
1.18920898
