1.20202636
1.21020507
1.20727539
1.21936035
1.21496582
1.21740722
1.20874023
1.21691894
1.20617675
1.21850585
1.21582031
1.20825195
1.21704101
1.21215820
1.21337890
1.21691894
1.21704101
1.20373535
1.20349121
1.20483398
1.21875000
1.20056152
1.20849609
1.20495605
1.21057128
1.21057128
1.20056152
1.22082519
1.20214843
1.21411132
1.20495605
1.20654296
1.20361328
1.21813964
1.20764160
1.20983886
1.20312500
1.21093750
1.21826171
1.21691894
1.20104980
1.21752929
1.21215820
1.20935058
1.21923828
1.21533203
1.21008300
1.21972656
1.21594238
1.20483398
1.20935058
1.20397949
1.20617675
1.21044921
1.21948242
1.20434570
1.21643066
1.20654296
1.21423339
1.21899414
1.21826171
1.20617675
1.20886230
1.20422363
1.21936035
1.20495605
1.21679687
1.20495605
1.21936035
1.20373535
1.21667480
1.20495605
1.21704101
1.20495605
1.20312500
1.21606445
1.20849609
1.21582031
1.21447753
1.21020507
1.20947265
1.20971679
1.21508789
1.21704101
1.21118164
1.21752929
1.20373535
1.21704101
1.18566894
1.19653320
1.19775390
1.18322753
1.18566894
1.18469238
1.19897460
1.18688964
1.19946289
1.19934082
1.18627929
1.17724609
1.19567871
1.19458007
1.18542480
1.18322753
1.19934082
1.18542480
1.19934082
1.18847656
1.20031738
1.18725585
1.19909667
1.18591308
1.20043945
1.18737792
1.19934082
1.18701171
1.19812011
1.19799804
1.19873046
1.19006347
1.19946289
1.18725585
1.19934082
1.19934082
1.20056152
1.18518066
1.19836425
1.19055175
1.18603515
1.18847656
1.20056152
1.19812011
1.18554687
1.19836425
1.17724609
1.19897460
1.19226074
1.17822265
1.18481445
1.19921875
1.19812011
1.18371582
1.18432617
1.18701171
1.18725585
1.19946289
1.18530273
1.20019531
1.18676757
1.19873046
1.20104980
1.19934082
1.18591308
1.18554687
1.20178222
1.18823242
1.18518066
1.17724609
1.18725585
1.18444824
1.18115234
1.18615722
1.18615722
1.18225097
1.19653320
1.18774414
1.18505859
1.18310546
1.18481445
1.19274902
1.18908691
1.19323730
1.19763183
1.19531250
1.19909667
1.19689941
1.19287109
1.18481445
1.18566894
1.18981933
1.18615722
1.18640136
1.18542480
1.19763183
1.18493652
1.18676757
1.18835449
1.20056152
1.18640136
1.19812011
1.19848632
1.19909667
1.18566894
1.20056152
1.19177246
1.18566894
1.18652343
1.19909667
1.19897460
1.18811035
