1.20715332
1.20141601
1.20251464
1.19909667
1.20251464
1.22436523
1.20703125
1.20239257
1.20483398
1.20227050
1.20056152
1.21276855
1.21435546
1.20935058
1.21533203
1.20373535
1.20935058
1.20373535
1.21191406
1.20495605
1.21435546
1.21704101
1.21704101
1.22045898
1.21813964
1.21386718
1.20129394
1.20739746
1.20007324
1.20361328
1.21838378
1.20861816
1.21069335
1.20947265
1.21398925
1.21630859
1.21875000
1.21923828
1.21606445
1.21789550
1.20312500
1.21032714
1.21313476
1.21459960
1.20715332
1.21740722
1.21166992
1.21447753
1.20898437
1.20812988
1.20935058
1.20690917
1.20947265
1.20092773
1.20776367
1.20715332
1.20642089
1.21777343
1.20935058
1.20935058
1.20715332
1.21228027
1.20483398
1.21716308
1.20520019
1.21948242
1.20397949
1.20898437
1.20495605
1.21813964
1.20263671
1.21826171
1.21447753
1.21569824
1.20605468
1.21826171
1.18566894
1.20007324
1.19421386
1.19580078
1.18603515
1.18371582
1.19067382
1.18957519
1.19055175
1.19860839
1.19946289
1.18444824
1.19750976
1.19274902
1.19335937
1.19067382
1.19799804
1.18322753
1.19714355
1.19384765
1.18444824
1.19812011
1.19787597
1.19055175
1.18286132
1.19140625
1.19653320
1.18493652
1.19213867
1.18566894
1.18615722
1.19775390
1.18164062
1.18432617
1.18395996
1.19641113
1.18737792
1.18151855
1.19812011
1.18847656
1.18420410
1.19531250
1.19506835
1.17358398
1.18615722
1.19177246
1.18615722
1.19262695
1.17126464
1.18493652
1.19604492
1.20056152
1.18261718
1.18603515
1.19299316
1.19348144
1.19091796
1.19458007
1.19274902
1.18383789
1.18432617
1.18457031
1.19152832
1.18395996
1.19384765
1.19934082
1.18579101
1.18713378
1.17138671
1.21337890
1.19616699
1.18908691
1.18334960
1.18493652
1.18249511
1.19665527
1.19287109
1.18676757
1.19445800
1.19897460
1.19555664
1.18896484
1.18481445
1.18200683
1.19689941
1.19470214
1.18566894
1.19274902
1.19812011
1.18383789
1.17102050
1.18371582
1.21740722
1.18823242
1.18383789
1.20520019
1.18188476
1.18273925
1.18542480
1.18237304
1.19177246
1.18713378
1.19348144
1.19458007
1.16979980
1.18481445
1.17700195
1.19323730
1.19567871
1.18872070
1.18395996
1.19226074
1.19702148
1.18957519
1.19116210
1.19482421
1.18981933
1.19250488
1.18725585
1.18640136
1.19726562
1.18701171
1.19836425
1.18676757
