1.21936035
1.21850585
1.20812988
1.21875000
1.20947265
1.20666503
1.21777343
1.20910644
1.21435546
1.20861816
1.20812988
1.21191406
1.21252441
1.21032714
1.20812988
1.21569824
1.20483398
1.21777343
1.20935058
1.21777343
1.21875000
1.21911621
1.21496582
1.20312500
1.20214843
1.21618652
1.20263671
1.21447753
1.20483398
1.20605468
1.20947265
1.21313476
1.20373535
1.21228027
1.21008300
1.21228027
1.23620605
1.20581054
1.21948242
1.21765136
1.20617675
1.20373535
1.20617675
1.20275878
1.20507812
1.20935058
1.21118164
1.21252441
1.21057128
1.21936035
1.20324707
1.20935058
1.21789550
1.20568847
1.20751953
1.21191406
1.21948242
1.20495605
1.20483398
1.21057128
1.21813964
1.20788574
1.21813964
1.20422363
1.21582031
1.21252441
1.21008300
1.21057128
1.21948242
1.20751953
1.21911621
1.21813964
1.20727539
1.20935058
1.22216796
1.21191406
1.21582031
1.21411132
1.20886230
1.21679687
1.19958496
1.20703125
1.20861816
1.21752929
1.21948242
1.21057128
1.21826171
1.22070312
1.21740722
1.21057128
1.19079589
1.18713378
1.18469238
1.19934082
1.18652343
1.18688964
1.19824218
1.18627929
1.20056152
1.19946289
1.18566894
1.19689941
1.19970703
1.18737792
1.19970703
1.17871093
1.19934082
1.20239257
1.18310546
1.19604492
1.18725585
1.18530273
1.18566894
1.18200683
1.19213867
1.19519042
1.18676757
1.18627929
1.18566894
1.17944335
1.18566894
1.18481445
1.20056152
1.18579101
1.19934082
1.18981933
1.17956542
1.19812011
1.19860839
1.19934082
1.18737792
1.18676757
1.18518066
1.19702148
1.18664550
1.18676757
1.18566894
1.19934082
1.19213867
1.18566894
1.19970703
1.19909667
1.18566894
1.20019531
1.17590332
1.19812011
1.18737792
1.18920898
1.18615722
1.19934082
1.20056152
1.19812011
1.18566894
1.19946289
1.19946289
1.20056152
1.19934082
1.19958496
1.19177246
1.19812011
1.18554687
1.18676757
1.20019531
1.18322753
1.19616699
1.18127441
1.18566894
1.19934082
1.19934082
1.19946289
1.18566894
1.19213867
1.19946289
1.19812011
1.19946289
1.19897460
1.18737792
1.19067382
1.19934082
1.19934082
1.19689941
1.19946289
1.18383789
1.19934082
1.18408203
1.18530273
1.18566894
1.17834472
1.20031738
1.18566894
1.20056152
1.18249511
1.19360351
1.19287109
1.18737792
1.18664550
1.18847656
1.18676757
1.18603515
1.18701171
