1.20861816
1.21923828
1.20922851
1.20349121
1.21362304
1.20812988
1.21813964
1.21337890
1.21166992
1.20361328
1.20922851
1.21923828
1.20544433
1.21691894
1.20825195
1.19799804
1.20227050
1.20251464
1.20422363
1.21679687
1.21936035
1.20764160
1.21838378
1.23168945
1.20251464
1.21447753
1.21057128
1.19921875
1.20690917
1.19824218
1.20935058
1.21154785
1.21276855
1.20776367
1.20629882
1.20935058
1.20483398
1.21789550
1.21679687
1.21704101
1.21813964
1.20922851
1.21643066
1.22509765
1.21948242
1.21154785
1.20410156
1.20922851
1.20959472
1.21936035
1.21069335
1.21679687
1.20947265
1.20385742
1.21057128
1.20874023
1.22082519
1.21826171
1.20959472
1.20483398
1.20593261
1.21813964
1.20983886
1.20861816
1.21057128
1.21032714
1.21936035
1.21923828
1.21936035
1.20935058
1.21826171
1.20593261
1.22192382
1.22070312
1.21777343
1.20483398
1.21936035
1.19799804
1.21850585
1.21582031
1.20690917
1.21691894
1.20849609
1.21472167
1.21679687
1.21936035
1.20886230
1.19738769
1.18725585
1.20117187
1.18688964
1.18676757
1.19702148
1.20056152
1.18444824
1.19909667
1.19982910
1.18957519
1.17358398
1.20068359
1.21716308
1.18933105
1.20092773
1.18725585
1.19921875
1.18725585
1.19946289
1.18554687
1.19921875
1.18298339
1.20288085
1.19958496
1.19885253
1.18444824
1.19934082
1.18701171
1.18322753
1.19934082
1.19934082
1.19750976
1.20056152
1.18664550
1.20019531
1.18688964
1.19873046
1.18615722
1.20043945
1.19628906
1.19946289
1.20043945
1.19470214
1.17468261
1.19995117
1.18847656
1.18603515
1.18652343
1.20043945
1.20068359
1.18652343
1.19873046
1.20068359
1.19995117
1.19934082
1.19458007
1.17968750
1.19738769
1.18164062
1.18688964
1.19934082
1.18676757
1.19702148
1.18322753
1.19934082
1.18566894
1.19787597
1.18078613
1.19946289
1.18322753
1.18554687
1.19946289
1.20068359
1.18688964
1.19946289
1.18176269
1.19812011
1.18322753
1.19909667
1.18566894
1.19836425
1.18725585
1.20056152
1.19873046
1.19482421
1.20007324
1.19555664
1.19750976
1.19812011
1.18579101
1.19665527
1.20056152
1.20056152
1.18347167
1.19934082
1.18469238
1.18103027
1.19958496
1.18566894
1.18566894
1.19580078
1.19592285
1.19165039
1.19458007
1.19921875
1.18273925
1.18457031
1.20019531
1.18786621
1.19738769
1.19982910
1.19262695
