1.21093750
1.20495605
1.20483398
1.20251464
1.19958496
1.20361328
1.20336914
1.20849609
1.20776367
1.20251464
1.21704101
1.20251464
1.20861816
1.20251464
1.20690917
1.20251464
1.20458984
1.20361328
1.21948242
1.20495605
1.20288085
1.20776367
1.21667480
1.20178222
1.21105957
1.20483398
1.21630859
1.20397949
1.21313476
1.20385742
1.19885253
1.20251464
1.21691894
1.20825195
1.20556640
1.21057128
1.21252441
1.20288085
1.21740722
1.21252441
1.20690917
1.21655273
1.20690917
1.20812988
1.20483398
1.20092773
1.20410156
1.20629882
1.20263671
1.20935058
1.20703125
1.21386718
1.20581054
1.20385742
1.21142578
1.21704101
1.20947265
1.20288085
1.20788574
1.20812988
1.20373535
1.20935058
1.20251464
1.20922851
1.20361328
1.21118164
1.20373535
1.20922851
1.20458984
1.19702148
1.19934082
1.19689941
1.18530273
1.19348144
1.18200683
1.18371582
1.18566894
1.19580078
1.19238281
1.19946289
1.19567871
1.20092773
1.19445800
1.18444824
1.18627929
1.19836425
1.19104003
1.19482421
1.18652343
1.18615722
1.18566894
1.19824218
1.18566894
1.19128417
1.18701171
1.18920898
1.20056152
1.18847656
1.19909667
1.20056152
1.19934082
1.17846679
1.19836425
1.18493652
1.18664550
1.18444824
1.18603515
1.19445800
1.18322753
1.19287109
1.19665527
1.19604492
1.19091796
1.18981933
1.18688964
1.17980957
1.18481445
1.18933105
1.18676757
1.19006347
1.19543457
1.18725585
1.19665527
1.19799804
1.18493652
1.18493652
1.19018554
1.18493652
1.18603515
1.17602539
1.18627929
1.19982910
1.18688964
1.19848632
1.18200683
1.19812011
1.18481445
1.19946289
1.18505859
1.19335937
1.19812011
1.21752929
1.18359375
1.18481445
1.19274902
1.18945312
1.18945312
1.19702148
1.19189453
1.19177246
1.18725585
1.19213867
1.18737792
1.19934082
1.19079589
1.19921875
1.18737792
1.19750976
1.19030761
1.18542480
1.19897460
1.17590332
1.19860839
1.18444824
1.18432617
1.19494628
1.19555664
1.18518066
1.18542480
1.19555664
1.19335937
1.19689941
1.17993164
1.19250488
1.18493652
1.18212890
1.18579101
1.18237304
1.20068359
1.18249511
1.19506835
1.19189453
1.18627929
1.18701171
1.19506835
1.19238281
1.18518066
1.19592285
1.18908691
1.19506835
1.18212890
1.19555664
1.19750976
1.19458007
1.19677734
1.19262695
1.19177246
1.18371582
1.18688964
1.18493652
