1.20373535
1.20812988
1.21813964
1.21887207
1.21936035
1.21813964
1.21081542
1.20959472
1.20812988
1.21057128
1.20812988
1.21862792
1.21130371
1.21679687
1.20935058
1.20129394
1.21484375
1.20056152
1.20007324
1.20239257
1.20800781
1.20190429
1.21057128
1.20214843
1.20690917
1.20971679
1.20690917
1.20800781
1.20703125
1.20080566
1.21044921
1.20922851
1.21948242
1.21203613
1.20800781
1.21679687
1.21008300
1.20458984
1.20886230
1.22058105
1.20812988
1.21813964
1.20898437
1.21740722
1.21594238
1.21813964
1.22180175
1.20446777
1.21691894
1.20788574
1.20092773
1.20922851
1.20581054
1.22082519
1.20349121
1.20861816
1.21691894
1.21667480
1.20812988
1.20812988
1.21801757
1.21789550
1.23583984
1.21105957
1.21386718
1.20703125
1.21704101
1.21911621
1.21850585
1.22033691
1.21887207
1.20959472
1.21057128
1.20458984
1.20495605
1.21704101
1.21789550
1.21630859
1.21582031
1.21875000
1.21691894
1.21057128
1.21069335
1.20629882
1.21911621
1.21826171
1.19775390
1.21228027
1.21813964
1.21862792
1.21936035
1.18933105
1.19201660
1.20056152
1.19970703
1.20056152
1.19702148
1.19750976
1.19848632
1.18566894
1.19860839
1.19348144
1.18225097
1.20068359
1.19934082
1.19934082
1.19812011
1.18676757
1.20068359
1.18566894
1.19909667
1.20251464
1.19824218
1.19921875
1.18603515
1.19934082
1.18615722
1.19860839
1.19323730
1.19946289
1.20007324
1.18676757
1.19812011
1.19592285
1.19738769
1.19824218
1.19482421
1.19946289
1.19921875
1.20019531
1.20019531
1.20056152
1.19982910
1.19836425
1.20056152
1.19946289
1.19958496
1.19934082
1.20068359
1.19970703
1.19958496
1.20043945
1.19934082
1.18603515
1.19934082
1.18505859
1.18725585
1.19555664
1.18737792
1.19860839
1.19995117
1.20056152
1.19946289
1.19812011
1.19848632
1.20056152
1.19873046
1.18444824
1.19934082
1.18322753
1.18566894
1.20056152
1.19934082
1.20312500
1.18078613
1.19909667
1.19982910
1.18469238
1.19335937
1.18676757
1.19836425
1.18322753
1.20178222
1.19824218
1.18518066
1.19641113
1.18579101
1.18969726
1.19860839
1.18835449
1.18200683
1.19702148
1.18579101
1.19934082
1.18969726
1.19812011
1.20068359
1.18078613
1.19506835
1.18249511
1.18725585
1.18676757
1.19274902
1.18066406
1.19335937
1.19213867
1.18444824
1.19921875
1.19689941
1.19824218
