1.20153808
1.20507812
1.20373535
1.20385742
1.20007324
1.20495605
1.20336914
1.20007324
1.21118164
1.19970703
1.20019531
1.20373535
1.20458984
1.20373535
1.20251464
1.20361328
1.20520019
1.18127441
1.18676757
1.18493652
1.18737792
1.18566894
1.18237304
1.18359375
1.18225097
1.19018554
1.18493652
1.17773437
1.18115234
1.18005371
1.18127441
1.18078613
1.17639160
1.18151855
1.17639160
1.17639160
1.17773437
1.18127441
1.18005371
1.18127441
1.18249511
1.17626953
1.18737792
1.18115234
1.18164062
1.17883300
1.18237304
1.17785644
1.17675781
1.18115234
1.17883300
1.18115234
1.18127441
1.17785644
1.17895507
1.17810058
1.18127441
1.18249511
1.18237304
1.16857910
1.16748046
1.16857910
1.16625976
1.16894531
1.16625976
1.16625976
1.16784667
1.15991210
1.16735839
1.16613769
1.17089843
1.15869140
1.16748046
1.17102050
1.16735839
1.16650390
1.16735839
1.16748046
1.16772460
1.16857910
1.16735839
1.15893554
1.17028808
1.15954589
1.17114257
1.17065429
1.16625976
1.16992187
1.16735839
1.16735839
1.15991210
1.16503906
1.16748046
1.16735839
1.16503906
1.16748046
1.15673828
1.14001464
1.15087890
1.15222167
1.14843750
1.14245605
1.14636230
1.13989257
1.14819335
1.14965820
1.14978027
1.14489746
1.14733886
1.14965820
1.15222167
1.14965820
1.14965820
1.14843750
1.14733886
1.14782714
1.14807128
1.14855957
1.14855957
1.14855957
1.14978027
1.13793945
1.14929199
1.13989257
1.14965820
1.14819335
1.14843750
1.14965820
1.14965820
1.14782714
1.14880371
1.14929199
1.14941406
1.14929199
1.13098144
1.13085937
1.13098144
1.13037109
1.12976074
1.12341308
1.12683105
1.12219238
1.12756347
1.12731933
1.12341308
1.12597656
1.12463378
1.12329101
1.12524414
1.12658691
1.12585449
1.12695312
1.12597656
1.12353515
1.12585449
1.13085937
1.12219238
1.13098144
1.12219238
1.12341308
1.12316894
1.12463378
1.12487792
1.12475585
1.12585449
1.12219238
1.12707519
1.12231445
1.12219238
1.12292480
1.12683105
1.12585449
1.12597656
1.12341308
1.12536621
1.12219238
1.12341308
1.12597656
1.12219238
1.12585449
1.12243652
1.12585449
1.12707519
1.12841796
1.12341308
1.12719726
1.12243652
1.12280273
1.12585449
1.12219238
1.12219238
1.12463378
1.12353515
1.12158203
1.10913085
1.11206054
1.10961914
1.11206054
1.11096191
1.11157226
