1.20300292
1.20507812
1.20483398
1.20373535
1.20617675
1.19885253
1.19958496
1.20251464
1.20275878
1.20495605
1.20263671
1.20727539
1.19836425
1.20739746
1.20495605
1.21105957
1.20397949
1.20373535
1.20373535
1.20275878
1.19909667
1.20507812
1.18493652
1.17993164
1.18359375
1.18115234
1.18249511
1.18774414
1.17504882
1.17883300
1.17883300
1.17871093
1.18017578
1.18115234
1.18249511
1.18005371
1.18847656
1.18127441
1.17663574
1.18371582
1.18017578
1.18127441
1.17993164
1.18103027
1.18237304
1.17871093
1.18505859
1.18518066
1.18273925
1.17907714
1.17736816
1.18127441
1.18151855
1.18933105
1.17993164
1.18469238
1.18103027
1.18933105
1.17626953
1.17883300
1.18115234
1.18151855
1.18115234
1.16003417
1.16625976
1.16735839
1.16735839
1.16748046
1.16857910
1.16857910
1.16613769
1.16113281
1.16625976
1.15869140
1.16601562
1.15881347
1.16772460
1.16418457
1.16528320
1.16723632
1.15808105
1.16687011
1.16748046
1.15734863
1.16979980
1.15869140
1.16784667
1.15881347
1.16979980
1.16906738
1.15856933
1.16003417
1.16625976
1.16223144
1.15759277
1.16625976
1.16625976
1.15771484
1.16784667
1.16748046
1.16613769
1.15991210
1.14636230
1.14111328
1.14111328
1.14489746
1.14099121
1.14855957
1.14843750
1.14892578
1.14855957
1.14697265
1.14782714
1.14819335
1.14770507
1.13989257
1.14453125
1.15344238
1.14770507
1.14929199
1.14843750
1.14965820
1.14111328
1.14111328
1.14855957
1.14855957
1.14758300
1.14978027
1.14855957
1.14843750
1.14855957
1.14770507
1.14965820
1.14855957
1.14855957
1.14965820
1.14978027
1.13891601
1.14855957
1.14733886
1.13085937
1.12963867
1.12951660
1.12902832
1.12963867
1.13085937
1.12963867
1.13085937
1.13085937
1.12976074
1.12963867
1.12976074
1.12231445
1.12219238
1.12353515
1.13452148
1.12109375
1.13159179
1.13085937
1.13085937
1.12963867
1.13049316
1.13159179
1.12963867
1.11987304
1.12219238
1.12182617
1.13171386
1.12231445
1.12915039
1.12219238
1.12231445
1.12487792
1.12341308
1.13195800
1.12475585
1.12585449
1.12231445
1.12231445
1.12316894
1.12109375
1.12963867
1.13037109
1.11218261
1.11083984
1.11291503
1.11157226
1.11267089
1.11145019
1.11206054
1.11193847
1.10961914
1.11193847
1.11206054
1.11169433
1.10754394
1.10839843
1.10717773
1.10729980
1.10803222
