1.20373535
1.20092773
1.20263671
1.20263671
1.20495605
1.20397949
1.20043945
1.20373535
1.20324707
1.20178222
1.20275878
1.20678710
1.19995117
1.20385742
1.20495605
1.20251464
1.20251464
1.20361328
1.17956542
1.18615722
1.18457031
1.18493652
1.18505859
1.18493652
1.17639160
1.18566894
1.18444824
1.17553710
1.17907714
1.18005371
1.18225097
1.17675781
1.17919921
1.17883300
1.18078613
1.17944335
1.17993164
1.17810058
1.17993164
1.18127441
1.18017578
1.18688964
1.18005371
1.18115234
1.18103027
1.18090820
1.17980957
1.18017578
1.18200683
1.17822265
1.17675781
1.18334960
1.18261718
1.18017578
1.17578125
1.18066406
1.18041992
1.18090820
1.18127441
1.18005371
1.16687011
1.16735839
1.15783691
1.16625976
1.16638183
1.16638183
1.16699218
1.16369628
1.16638183
1.15832519
1.15881347
1.15795898
1.16735839
1.15771484
1.16650390
1.16638183
1.16638183
1.16577148
1.16674804
1.16821289
1.16564941
1.16650390
1.16577148
1.16015625
1.16748046
1.16760253
1.17053222
1.16772460
1.16601562
1.16259765
1.16760253
1.15771484
1.16625976
1.16613769
1.16613769
1.16735839
1.16650390
1.16589355
1.15771484
1.16833496
1.16723632
1.16894531
1.15026855
1.14758300
1.14855957
1.15051269
1.14746093
1.14868164
1.14843750
1.13977050
1.14648437
1.14868164
1.14050292
1.14538574
1.14855957
1.14831542
1.14001464
1.14135742
1.15002441
1.15051269
1.14855957
1.14733886
1.14685058
1.14868164
1.14843750
1.15112304
1.14794921
1.14892578
1.14953613
1.14758300
1.13977050
1.13806152
1.14001464
1.14770507
1.13989257
1.13891601
1.14709472
1.14868164
1.13989257
1.14086914
1.14123535
1.12207031
1.12170410
1.12133789
1.12255859
1.12438964
1.12182617
1.12231445
1.12963867
1.12097167
1.12194824
1.12133789
1.12988281
1.12915039
1.12243652
1.12988281
1.12988281
1.13586425
1.12939453
1.11962890
1.11975097
1.12170410
1.12231445
1.12109375
1.12097167
1.12353515
1.12243652
1.12109375
1.12487792
1.12121582
1.12231445
1.12219238
1.12915039
1.12097167
1.11987304
1.12011718
1.12268066
1.12304687
1.12243652
1.12963867
1.10961914
1.10852050
1.10888671
1.11010742
1.10864257
1.10852050
1.10693359
1.10729980
1.10961914
1.10791015
1.11035156
1.10717773
1.10778808
1.10742187
1.10754394
1.11096191
1.11096191
1.11083984
1.11035156
1.11218261
