1.20617675
1.19995117
1.20202636
1.20251464
1.19799804
1.20251464
1.20300292
1.20251464
1.20373535
1.19885253
1.20275878
1.20007324
1.19909667
1.20373535
1.19848632
1.20251464
1.20007324
1.18945312
1.18395996
1.18334960
1.18469238
1.18481445
1.18505859
1.17968750
1.18640136
1.18615722
1.17883300
1.18127441
1.18005371
1.17517089
1.18103027
1.18261718
1.17956542
1.17846679
1.17639160
1.18188476
1.17993164
1.18237304
1.18359375
1.18847656
1.18017578
1.18383789
1.18273925
1.17761230
1.17761230
1.18005371
1.18847656
1.17932128
1.18847656
1.17639160
1.18847656
1.17578125
1.17517089
1.17993164
1.18237304
1.18005371
1.18249511
1.17761230
1.17993164
1.17883300
1.17761230
1.16186523
1.16699218
1.16235351
1.16394042
1.16613769
1.16613769
1.16735839
1.16735839
1.16625976
1.16748046
1.16687011
1.16625976
1.16870117
1.17272949
1.16748046
1.16748046
1.16625976
1.16247558
1.16613769
1.16540527
1.16613769
1.16528320
1.16748046
1.16259765
1.16491699
1.16418457
1.16625976
1.16650390
1.16943359
1.16625976
1.16540527
1.16625976
1.15881347
1.16625976
1.15881347
1.16625976
1.16528320
1.16381835
1.16625976
1.16857910
1.16528320
1.16625976
1.14367675
1.15161132
1.14160156
1.13818359
1.14855957
1.14746093
1.15466308
1.14868164
1.14733886
1.14721679
1.14611816
1.14697265
1.14270019
1.14489746
1.14733886
1.14343261
1.14624023
1.14733886
1.14733886
1.14624023
1.14135742
1.14501953
1.14855957
1.14868164
1.14355468
1.14855957
1.14733886
1.14855957
1.14953613
1.14807128
1.13989257
1.14978027
1.14855957
1.14758300
1.14855957
1.14855957
1.15100097
1.15087890
1.14965820
1.14343261
1.14233398
1.14111328
1.14111328
1.14111328
1.12365722
1.12231445
1.12585449
1.12841796
1.13220214
1.11987304
1.12097167
1.13098144
1.11987304
1.12243652
1.12243652
1.13085937
1.12976074
1.12963867
1.12988281
1.12243652
1.12133789
1.12353515
1.12231445
1.11999511
1.12231445
1.12243652
1.12231445
1.12023925
1.13012695
1.12841796
1.12976074
1.12976074
1.12854003
1.12902832
1.12976074
1.12866210
1.13012695
1.13098144
1.13085937
1.13195800
1.12231445
1.12243652
1.12597656
1.11206054
1.11218261
1.11096191
1.10852050
1.10961914
1.10607910
1.10961914
1.10717773
1.10595703
1.10961914
1.10729980
1.10961914
1.11181640
1.11206054
