1.20495605
1.20483398
1.20019531
1.20495605
1.20129394
1.20129394
1.20117187
1.20031738
1.20483398
1.20129394
1.20373535
1.20263671
1.20971679
1.20373535
1.20251464
1.20690917
1.19665527
1.20251464
1.20373535
1.20227050
1.19885253
1.18603515
1.18737792
1.18640136
1.17626953
1.17639160
1.18017578
1.17919921
1.17578125
1.18359375
1.17956542
1.17517089
1.17626953
1.17858886
1.17541503
1.17761230
1.17517089
1.18005371
1.17639160
1.17993164
1.17993164
1.17626953
1.17932128
1.17883300
1.17956542
1.17675781
1.17993164
1.18225097
1.18017578
1.18005371
1.17993164
1.17761230
1.17639160
1.17883300
1.17797851
1.17761230
1.18249511
1.18505859
1.18481445
1.18212890
1.18383789
1.17871093
1.17993164
1.17993164
1.18481445
1.18994140
1.18115234
1.17993164
1.17553710
1.18933105
1.17871093
1.18481445
1.17456054
1.17663574
1.18127441
1.17663574
1.17980957
1.17675781
1.17871093
1.18273925
1.17944335
1.17858886
1.17761230
1.18078613
1.17761230
1.17529296
1.17639160
1.17993164
1.18359375
1.18151855
1.17919921
1.17626953
1.17517089
1.17590332
1.16735839
1.17028808
1.17236328
1.15734863
1.15856933
1.16174316
1.16003417
1.16491699
1.16101074
1.16491699
1.17175292
1.16564941
1.17102050
1.15759277
1.16503906
1.16516113
1.16979980
1.16125488
1.15881347
1.16247558
1.16113281
1.15991210
1.16735839
1.16357421
1.15747070
1.16101074
1.16235351
1.16210937
1.15991210
1.15869140
1.16857910
1.16247558
1.15991210
1.16894531
1.15563964
1.16247558
1.15881347
1.16235351
1.15991210
1.15832519
1.16235351
1.15820312
1.15917968
1.15820312
1.16149902
1.16162109
1.15991210
1.15844726
1.15869140
1.16357421
1.16235351
1.15515136
1.16479492
1.16247558
1.15869140
1.16076660
1.16003417
1.15747070
1.16357421
1.16467285
1.15881347
1.16369628
1.16247558
1.15893554
1.15881347
1.15869140
1.15942382
1.16357421
1.15979003
1.15759277
1.15808105
1.13989257
1.14013671
1.14428710
1.14282226
1.13867187
1.14990234
1.14465332
1.14245605
1.13989257
1.14355468
1.14477539
1.14111328
1.14355468
1.14465332
1.14233398
1.14001464
1.13879394
1.14245605
1.14331054
1.14233398
1.14038085
1.14453125
1.14343261
1.14355468
1.14477539
1.14355468
1.14355468
1.14221191
1.14013671
1.14233398
1.14355468
1.14111328
1.14001464
1.14355468
1.14611816
