1.20324707
1.20166015
1.20385742
1.20263671
1.20275878
1.20495605
1.20263671
1.20349121
1.20349121
1.20727539
1.20385742
1.20495605
1.20227050
1.20373535
1.20385742
1.20007324
1.20361328
1.20361328
1.18115234
1.18505859
1.18737792
1.18493652
1.18457031
1.18127441
1.18652343
1.18115234
1.18005371
1.18005371
1.17883300
1.18115234
1.18261718
1.18005371
1.17749023
1.17883300
1.18591308
1.18371582
1.17919921
1.18664550
1.17993164
1.17639160
1.18615722
1.17626953
1.18115234
1.17993164
1.17993164
1.18115234
1.18371582
1.18090820
1.18713378
1.17639160
1.17626953
1.17626953
1.18457031
1.17761230
1.17993164
1.18481445
1.18493652
1.17993164
1.17956542
1.18139648
1.15881347
1.16381835
1.17016601
1.16674804
1.16735839
1.16809082
1.16735839
1.16625976
1.16625976
1.16748046
1.16650390
1.16394042
1.16699218
1.16625976
1.16748046
1.16857910
1.16748046
1.16748046
1.16625976
1.16613769
1.16857910
1.17126464
1.16491699
1.16650390
1.16748046
1.16625976
1.16503906
1.16735839
1.15991210
1.15881347
1.15759277
1.16760253
1.16491699
1.16613769
1.16625976
1.16625976
1.16748046
1.14648437
1.13867187
1.14746093
1.14978027
1.14892578
1.14746093
1.14575195
1.14721679
1.14721679
1.13989257
1.14819335
1.14855957
1.14990234
1.13989257
1.14782714
1.14855957
1.14099121
1.14343261
1.14733886
1.14746093
1.14855957
1.15209960
1.15344238
1.14733886
1.14819335
1.14111328
1.14721679
1.13989257
1.14770507
1.14831542
1.14355468
1.14025878
1.14233398
1.14111328
1.14111328
1.14123535
1.14099121
1.13940429
1.14123535
1.13867187
1.14233398
1.12976074
1.12854003
1.13085937
1.12976074
1.13012695
1.12194824
1.12097167
1.12231445
1.12121582
1.12353515
1.12109375
1.12231445
1.12963867
1.12475585
1.12353515
1.12963867
1.12048339
1.12231445
1.12182617
1.12109375
1.12353515
1.12231445
1.12353515
1.12243652
1.12145996
1.12231445
1.12231445
1.12243652
1.12109375
1.12231445
1.12353515
1.12353515
1.12451171
1.12353515
1.12353515
1.12231445
1.12231445
1.12963867
1.12927246
1.11206054
1.11083984
1.11083984
1.11096191
1.11328125
1.11206054
1.10717773
1.11157226
1.11328125
1.11169433
1.11096191
1.10839843
1.11206054
1.10815429
1.10827636
1.11206054
1.10852050
1.10974121
1.10717773
1.10961914
1.10778808
1.11083984
1.10961914
