1.20263671
1.19885253
1.20385742
1.20971679
1.20263671
1.20361328
1.20373535
1.20373535
1.20739746
1.20483398
1.20263671
1.19885253
1.20251464
1.20263671
1.20373535
1.20166015
1.20263671
1.20251464
1.20251464
1.20495605
1.18615722
1.18493652
1.18481445
1.18005371
1.18481445
1.18237304
1.18041992
1.17883300
1.18835449
1.18420410
1.18115234
1.18115234
1.18005371
1.18005371
1.18127441
1.17797851
1.17883300
1.18237304
1.17517089
1.17761230
1.17639160
1.18115234
1.17578125
1.17871093
1.17626953
1.18774414
1.18884277
1.18334960
1.18005371
1.18115234
1.18005371
1.18383789
1.17883300
1.17871093
1.17883300
1.18237304
1.17761230
1.17639160
1.17944335
1.17993164
1.18603515
1.18225097
1.17639160
1.17346191
1.16491699
1.16748046
1.16735839
1.16613769
1.15734863
1.16735839
1.16003417
1.16723632
1.15869140
1.15881347
1.16748046
1.16625976
1.16479492
1.15637207
1.15869140
1.16381835
1.16259765
1.15881347
1.16735839
1.16711425
1.16821289
1.16613769
1.16625976
1.16748046
1.16625976
1.16625976
1.16613769
1.16735839
1.16711425
1.16320800
1.16394042
1.15759277
1.16857910
1.15759277
1.15991210
1.16748046
1.16491699
1.16564941
1.16491699
1.16528320
1.14501953
1.13989257
1.13989257
1.14648437
1.14025878
1.14733886
1.14733886
1.14843750
1.14929199
1.14733886
1.14697265
1.15185546
1.14746093
1.14843750
1.15112304
1.14648437
1.15209960
1.15087890
1.13916015
1.13989257
1.14733886
1.14733886
1.15344238
1.13867187
1.14807128
1.14904785
1.14978027
1.14111328
1.14746093
1.13842773
1.14111328
1.13903808
1.14025878
1.14245605
1.14025878
1.13989257
1.14086914
1.14868164
1.13867187
1.14111328
1.12316894
1.12231445
1.13098144
1.12902832
1.12976074
1.12841796
1.12854003
1.13085937
1.12976074
1.12976074
1.12963867
1.12976074
1.12402343
1.12243652
1.12451171
1.12097167
1.12963867
1.12963867
1.12976074
1.12854003
1.12976074
1.12963867
1.13098144
1.12939453
1.12890625
1.13098144
1.12963867
1.12963867
1.13085937
1.12963867
1.12976074
1.12939453
1.12963867
1.12963867
1.12976074
1.13098144
1.12341308
1.12963867
1.11437988
1.10974121
1.10620117
1.10961914
1.10852050
1.10717773
1.10852050
1.10852050
1.11181640
1.10961914
1.10717773
1.10742187
1.10839843
1.11206054
1.10717773
1.10864257
1.10729980
1.11083984
