1.20410156
1.20202636
1.20239257
1.20227050
1.20251464
1.19897460
1.20214843
1.19885253
1.20007324
1.20373535
1.20288085
1.20263671
1.20361328
1.20092773
1.20507812
1.20251464
1.19885253
1.20324707
1.18493652
1.18127441
1.18469238
1.18395996
1.18603515
1.18493652
1.18493652
1.18115234
1.18029785
1.18005371
1.18078613
1.18005371
1.17993164
1.17993164
1.18762207
1.18115234
1.18041992
1.18127441
1.17993164
1.17565917
1.18005371
1.18115234
1.18127441
1.18005371
1.18249511
1.17651367
1.17700195
1.17932128
1.19396972
1.18029785
1.18847656
1.18481445
1.17993164
1.18249511
1.17871093
1.18017578
1.17980957
1.18005371
1.17761230
1.17761230
1.17639160
1.18359375
1.17712402
1.17724609
1.18005371
1.15991210
1.15795898
1.16162109
1.17102050
1.17565917
1.17224121
1.16735839
1.16357421
1.16223144
1.16943359
1.15759277
1.15991210
1.16442871
1.16259765
1.16479492
1.16235351
1.16186523
1.16003417
1.16528320
1.16101074
1.15771484
1.16638183
1.16809082
1.16613769
1.16149902
1.15771484
1.16528320
1.16259765
1.16735839
1.16357421
1.16149902
1.15637207
1.16979980
1.16137695
1.16162109
1.16247558
1.16625976
1.16687011
1.16137695
1.16564941
1.16430664
1.16235351
1.16625976
1.16491699
1.16748046
1.16088867
1.15869140
1.16357421
1.16979980
1.16162109
1.15832519
1.15698242
1.16992187
1.15759277
1.16247558
1.16601562
1.16247558
1.16137695
1.16113281
1.16491699
1.16235351
1.15991210
1.15759277
1.16333007
1.15881347
1.16369628
1.15869140
1.15747070
1.16357421
1.14465332
1.13989257
1.14111328
1.14270019
1.13989257
1.14831542
1.14758300
1.14868164
1.14318847
1.13977050
1.14111328
1.13793945
1.14611816
1.13854980
1.14221191
1.13903808
1.14221191
1.14477539
1.14477539
1.14233398
1.14111328
1.14538574
1.13867187
1.14355468
1.14550781
1.14428710
1.14123535
1.13867187
1.13989257
1.14599609
1.14111328
1.14062500
1.14355468
1.13977050
1.14514160
1.14599609
1.14050292
1.14318847
1.14343261
1.14587402
1.14111328
1.14318847
1.13842773
1.14343261
1.14343261
1.14233398
1.13867187
1.13830566
1.13806152
1.14355468
1.14038085
1.14233398
1.14306640
1.13989257
1.14355468
1.13977050
1.14355468
1.13903808
1.14343261
1.13867187
1.12353515
1.12353515
1.12866210
1.12963867
1.13098144
1.12915039
1.12963867
1.12109375
