1.20019531
1.20153808
1.20141601
1.19763183
1.20361328
1.20251464
1.20336914
1.20727539
1.19787597
1.20251464
1.20166015
1.20251464
1.20727539
1.20275878
1.20483398
1.20727539
1.20251464
1.20007324
1.20361328
1.20263671
1.20263671
1.20361328
1.18530273
1.18139648
1.17993164
1.18762207
1.18249511
1.17993164
1.17651367
1.17993164
1.18298339
1.18420410
1.17871093
1.17907714
1.18127441
1.18859863
1.17529296
1.17639160
1.18115234
1.18005371
1.17639160
1.17773437
1.18017578
1.18103027
1.17785644
1.17993164
1.17993164
1.17675781
1.18237304
1.18066406
1.17614746
1.18249511
1.17724609
1.18103027
1.17871093
1.17785644
1.18078613
1.18603515
1.17993164
1.18005371
1.17626953
1.18115234
1.17883300
1.17712402
1.17761230
1.17980957
1.18127441
1.17956542
1.18725585
1.16284179
1.16613769
1.16662597
1.15759277
1.16259765
1.16369628
1.16943359
1.16125488
1.15869140
1.16296386
1.15820312
1.15734863
1.16247558
1.16979980
1.16003417
1.15771484
1.16174316
1.15991210
1.16735839
1.16674804
1.16613769
1.16613769
1.16735839
1.16613769
1.16552734
1.16625976
1.16748046
1.16857910
1.16625976
1.15759277
1.16003417
1.16552734
1.16528320
1.16857910
1.16491699
1.16735839
1.16613769
1.16625976
1.16613769
1.16613769
1.16613769
1.16760253
1.15551757
1.16638183
1.16625976
1.16687011
1.15759277
1.16979980
1.16491699
1.15771484
1.14111328
1.15100097
1.14733886
1.14782714
1.14855957
1.14904785
1.13891601
1.14855957
1.14733886
1.13989257
1.14746093
1.14782714
1.14807128
1.14843750
1.14855957
1.14721679
1.14782714
1.14746093
1.13989257
1.14855957
1.14978027
1.14001464
1.14001464
1.14111328
1.13989257
1.13879394
1.14074707
1.14013671
1.14489746
1.14355468
1.14099121
1.14318847
1.13818359
1.14465332
1.13989257
1.14086914
1.14111328
1.13989257
1.14587402
1.13916015
1.13989257
1.13989257
1.14782714
1.12109375
1.12963867
1.12353515
1.12353515
1.12219238
1.12976074
1.12976074
1.12976074
1.12976074
1.12976074
1.12963867
1.12231445
1.12963867
1.12976074
1.12976074
1.13098144
1.12731933
1.12976074
1.13220214
1.13098144
1.12902832
1.12854003
1.12976074
1.12976074
1.12976074
1.12121582
1.13208007
1.12231445
1.12963867
1.12890625
1.13085937
1.12194824
1.12353515
1.12854003
1.12353515
1.13085937
1.12976074
1.11096191
