1.19946289
1.20288085
1.19946289
1.20031738
1.20288085
1.20007324
1.20373535
1.20849609
1.19848632
1.20263671
1.20581054
1.20251464
1.20153808
1.20324707
1.19909667
1.19873046
1.20373535
1.20849609
1.20373535
1.20251464
1.20251464
1.20263671
1.20349121
1.20104980
1.19860839
1.19628906
1.19812011
1.19555664
1.19873046
1.19506835
1.19592285
1.20056152
1.20227050
1.19665527
1.19506835
1.18029785
1.17822265
1.17761230
1.17736816
1.18005371
1.17639160
1.17517089
1.18078613
1.18237304
1.18005371
1.18237304
1.17639160
1.18078613
1.17980957
1.18432617
1.17993164
1.18127441
1.18005371
1.17517089
1.18005371
1.17651367
1.17907714
1.17504882
1.17639160
1.17993164
1.17907714
1.18493652
1.18005371
1.18005371
1.17993164
1.17895507
1.17626953
1.17639160
1.17504882
1.17968750
1.17980957
1.17517089
1.17761230
1.18933105
1.18383789
1.18310546
1.18395996
1.17517089
1.18359375
1.18115234
1.18249511
1.17761230
1.18127441
1.18371582
1.18164062
1.17639160
1.17724609
1.18127441
1.18115234
1.17883300
1.17541503
1.17541503
1.17761230
1.18273925
1.17700195
1.18127441
1.17895507
1.17895507
1.18115234
1.17895507
1.17639160
1.17883300
1.17993164
1.18188476
1.18103027
1.17944335
1.18005371
1.18273925
1.16625976
1.15991210
1.15759277
1.16418457
1.16125488
1.15747070
1.16979980
1.15673828
1.16748046
1.16979980
1.16503906
1.16491699
1.16918945
1.16662597
1.16735839
1.15649414
1.16503906
1.16687011
1.15905761
1.16613769
1.16748046
1.16613769
1.16613769
1.16613769
1.16735839
1.15759277
1.16003417
1.15869140
1.15991210
1.15869140
1.16662597
1.16674804
1.16711425
1.16528320
1.16625976
1.16748046
1.16735839
1.16735839
1.16540527
1.16748046
1.16662597
1.16662597
1.15234375
1.14819335
1.14892578
1.14465332
1.13989257
1.14355468
1.13989257
1.13989257
1.14245605
1.14099121
1.14855957
1.14855957
1.14855957
1.14733886
1.14868164
1.14770507
1.14001464
1.13879394
1.14233398
1.14147949
1.14001464
1.14855957
1.14819335
1.14160156
1.14001464
1.14038085
1.13867187
1.14111328
1.14147949
1.14001464
1.13989257
1.14123535
1.14733886
1.14746093
1.14855957
1.13867187
1.13989257
1.13903808
1.14245605
1.14111328
1.14733886
1.14489746
1.12609863
1.12121582
1.12219238
1.12231445
1.12268066
1.12976074
1.12121582
1.12231445
