1.01635742
1.02746582
1.01806640
1.02197265
1.02246093
1.01416015
1.02294921
1.02001953
1.02526855
1.02612304
1.02587890
1.02575683
1.02722167
1.02124023
1.02197265
1.01647949
1.02282714
1.02185058
1.02111816
1.02575683
1.02575683
1.02685546
1.02380371
1.02514648
1.02355957
1.05578613
1.01611328
1.03027343
1.02380371
1.01940917
1.01989746
1.02270507
1.02087402
1.01733398
1.02661132
1.02062988
1.02575683
1.02526855
1.02563476
1.02575683
1.02453613
1.02490234
1.02575683
1.02075195
1.02233886
1.02160644
1.02587890
1.02575683
1.02526855
1.02575683
1.01855468
1.02062988
1.02429199
1.02270507
1.01794433
1.02136230
1.01867675
1.02722167
1.02209472
1.02270507
1.05163574
1.02050781
1.02331542
1.01550292
1.01977539
1.02136230
1.02612304
1.02551269
1.03076171
1.01171875
1.00781250
1.02172851
1.02075195
1.02465820
1.01940917
1.01782226
1.02246093
1.02392578
1.02478027
1.03161621
1.02612304
1.02673339
1.02270507
1.01586914
1.02294921
1.02514648
1.01989746
1.02209472
1.02514648
1.01391601
1.01379394
1.01965332
1.02062988
1.02368164
1.02099609
1.02197265
1.02221679
1.02539062
1.02087402
1.02539062
1.02795410
1.02844238
1.01843261
1.01086425
1.02551269
1.02050781
1.02062988
1.02038574
1.02233886
1.02539062
1.02453613
1.01721191
1.02612304
1.02197265
1.02368164
1.02539062
1.02270507
1.01574707
1.02111816
1.02539062
1.01147460
1.02014160
1.01538085
1.01464843
1.01574707
1.01757812
1.02575683
1.02404785
1.01477050
1.01403808
1.01550292
1.01562500
1.01477050
1.02380371
1.01672363
1.02355957
1.02160644
1.01574707
1.01550292
1.01843261
1.01574707
1.02514648
1.02246093
1.05761718
1.02160644
1.02124023
1.01562500
1.02624511
1.02526855
1.01611328
1.02294921
1.02819824
1.02709960
1.02844238
1.01721191
1.02075195
1.02062988
1.02331542
1.01953125
1.02551269
1.02587890
1.01562500
1.02941894
1.01501464
1.01477050
1.02124023
1.02563476
1.01745605
1.02148437
1.02514648
1.02612304
1.02600097
1.01928710
1.02099609
1.01708984
1.02551269
1.02380371
1.01745605
1.02844238
1.02502441
1.02905273
1.01574707
1.02307128
1.02575683
1.01562500
1.02124023
1.02136230
1.02465820
1.02209472
1.05529785
1.02624511
1.02221679
1.01623535
1.01953125
1.02746582
1.02331542
1.02917480
1.02050781
1.02514648
1.02429199
