1.02465820
1.03002929
1.02319335
1.02465820
1.02319335
1.02453613
1.02148437
1.02246093
1.01794433
1.01293945
1.02331542
1.01635742
1.01220703
1.02172851
1.02636718
1.02673339
1.02160644
1.02062988
1.02722167
1.02209472
1.02038574
1.02062988
1.02124023
1.01733398
1.02160644
1.02160644
1.02807617
1.02099609
1.01794433
1.02221679
1.02722167
1.02575683
1.01281738
1.01635742
1.01721191
1.01818847
1.02783203
1.02221679
1.01452636
1.01770019
1.01892089
1.02575683
1.02490234
1.02551269
1.02575683
1.01635742
1.01538085
1.01513671
1.01477050
1.01550292
1.02783203
1.02868652
1.02575683
1.02575683
1.02026367
1.02526855
1.01831054
1.02038574
1.02465820
1.02612304
1.02526855
1.02441406
1.02575683
1.02441406
1.02368164
1.02563476
1.01403808
1.02648925
1.01574707
1.01733398
1.02172851
1.02575683
1.02490234
1.02673339
1.03112792
1.01965332
1.06115722
1.01635742
1.02368164
1.02673339
1.02001953
1.02062988
1.02490234
1.01721191
1.01806640
1.01379394
1.02404785
1.02087402
1.02526855
1.02526855
1.01733398
1.02539062
1.01843261
1.02282714
1.02075195
1.01611328
1.02270507
1.02734375
1.02429199
1.02075195
1.02478027
1.02514648
1.02270507
1.01367187
1.02185058
1.01916503
1.02416992
1.02368164
1.02429199
1.02478027
1.02038574
1.02709960
1.05212402
1.01733398
1.01733398
1.02478027
1.01953125
1.02587890
1.02075195
1.01916503
1.01562500
1.01586914
1.02563476
1.02209472
1.01867675
1.01733398
1.01611328
1.01611328
1.01953125
1.02148437
1.01550292
1.02124023
1.02502441
1.02770996
1.02758789
1.02441406
1.02075195
1.02929687
1.02783203
1.02624511
1.01147460
1.02197265
1.02111816
1.02575683
1.02514648
1.02612304
1.02221679
1.02197265
1.02441406
1.02514648
1.01049804
1.02514648
1.02465820
1.05651855
1.02209472
1.02551269
1.01745605
1.02416992
1.02575683
1.02136230
1.02490234
1.02404785
1.02539062
1.02624511
1.02075195
1.02502441
1.02050781
1.01879882
1.02136230
1.02429199
1.02343750
1.02624511
1.01672363
1.05908203
1.02331542
1.01538085
1.01660156
1.02648925
1.02783203
1.02185058
1.01745605
1.01928710
1.01757812
1.02758789
1.03247070
1.02465820
1.02014160
1.02050781
1.02539062
1.02514648
1.02539062
1.02514648
1.02587890
1.02465820
1.02392578
1.05493164
1.02868652
1.02490234
1.02478027
1.02392578
