1.01245117
1.02331542
1.02233886
1.02282714
1.02209472
1.02563476
1.02575683
1.02575683
1.02551269
1.02380371
1.01342773
1.02441406
1.02111816
1.02575683
1.02624511
1.02587890
1.02514648
1.02319335
1.01672363
1.01818847
1.02148437
1.02404785
1.02514648
1.02075195
1.02319335
1.01538085
1.02136230
1.02075195
1.02624511
1.02575683
1.02465820
1.01672363
1.02844238
1.01696777
1.02587890
1.02270507
1.02587890
1.02160644
1.02709960
1.02099609
1.02148437
1.02075195
1.02075195
1.02368164
1.02075195
1.02392578
1.02038574
1.02539062
1.02343750
1.02539062
1.02221679
1.02026367
1.02758789
1.02587890
1.02551269
1.01855468
1.02404785
1.01367187
1.01208496
1.02124023
1.02551269
1.02709960
1.02050781
1.02563476
1.02539062
1.02148437
1.02539062
1.02746582
1.02551269
1.02783203
1.01611328
1.02514648
1.01550292
1.01586914
1.02038574
1.02551269
1.02185058
1.02014160
1.02563476
1.01721191
1.02026367
1.01586914
1.01391601
1.02185058
1.02246093
1.01989746
1.02563476
1.02160644
1.02136230
1.02307128
1.02404785
1.05639648
1.02673339
1.02136230
1.02172851
1.02185058
1.01611328
1.02185058
1.02502441
1.03015136
1.02246093
1.02233886
1.02514648
1.02111816
1.01660156
1.02746582
1.02514648
1.01904296
1.02111816
1.02514648
1.02514648
1.02709960
1.02526855
1.02172851
1.02124023
1.02075195
1.02514648
1.01538085
1.02307128
1.02111816
1.02465820
1.02514648
1.02685546
1.02502441
1.02807617
1.02441406
1.02111816
1.05212402
1.02099609
1.02185058
1.02148437
1.02526855
1.02172851
1.02038574
1.02343750
1.02526855
1.02722167
1.02502441
1.02209472
1.02258300
1.02502441
1.01513671
1.02075195
1.02819824
1.02453613
1.02148437
1.02514648
1.02673339
1.02380371
1.02221679
1.02514648
1.02587890
1.02075195
1.02050781
1.02502441
1.01660156
1.02770996
1.03039550
1.02026367
1.02441406
1.01574707
1.01831054
1.01220703
1.03198242
1.01513671
1.01550292
1.01843261
1.02526855
1.02636718
1.02185058
1.01501464
1.01574707
1.02746582
1.02124023
1.02575683
1.02819824
1.02050781
1.02539062
1.02465820
1.02490234
1.02807617
1.02514648
1.02233886
1.02185058
1.02111816
1.02319335
1.01550292
1.02453613
1.02478027
1.02197265
1.02441406
1.02172851
1.02014160
1.02648925
1.02539062
1.02185058
1.01684570
1.02258300
1.02038574
1.02148437
