1.02575683
1.01440429
1.01599121
1.01635742
1.02258300
1.02514648
1.01770019
1.01562500
1.02404785
1.01879882
1.01501464
1.01843261
1.01586914
1.01660156
1.02111816
1.02563476
1.02075195
1.02551269
1.02514648
1.01599121
1.02575683
1.02893066
1.02075195
1.02551269
1.02575683
1.02099609
1.02539062
1.02770996
1.01745605
1.02575683
1.01574707
1.02514648
1.02551269
1.02355957
1.02636718
1.02490234
1.02355957
1.02087402
1.02380371
1.02111816
1.02075195
1.01477050
1.01257324
1.02258300
1.02343750
1.01513671
1.02197265
1.02526855
1.02221679
1.01379394
1.01574707
1.01770019
1.02526855
1.01647949
1.03125000
1.02307128
1.00769042
1.01428222
1.02453613
1.02343750
1.02465820
1.02453613
1.02587890
1.02038574
1.02551269
1.05603027
1.02539062
1.02502441
1.02038574
1.02185058
1.02600097
1.02551269
1.02478027
1.02551269
1.02380371
1.02368164
1.02185058
1.02575683
1.01513671
1.01965332
1.02026367
1.05261230
1.05603027
1.01916503
1.02441406
1.02526855
1.02563476
1.01623535
1.01074218
1.01647949
1.02453613
1.02453613
1.01623535
1.02429199
1.02453613
1.02148437
1.02478027
1.02648925
1.02502441
1.02563476
1.02514648
1.02099609
1.02575683
1.02478027
1.01562500
1.02099609
1.01501464
1.02514648
1.02075195
1.01745605
1.02197265
1.02099609
1.02465820
1.02465820
1.02380371
1.02526855
1.02563476
1.02478027
1.01513671
1.01354980
1.01403808
1.01330566
1.01245117
1.01574707
1.01538085
1.02355957
1.01440429
1.01501464
1.01489257
1.01574707
1.02026367
1.02038574
1.02954101
1.01342773
1.02648925
1.02600097
1.02355957
1.02441406
1.02404785
1.01892089
1.02148437
1.02514648
1.01623535
1.02038574
1.01428222
1.02062988
1.02014160
1.02514648
1.02355957
1.02453613
1.02453613
1.02197265
1.01989746
1.02526855
1.02612304
1.02624511
1.02465820
1.02478027
1.02343750
1.02722167
1.02526855
1.02502441
1.02416992
1.02746582
1.02075195
1.02136230
1.02514648
1.02026367
1.01867675
1.02429199
1.02343750
1.02038574
1.02563476
1.02343750
1.02050781
1.01635742
1.02526855
1.01940917
1.02270507
1.03088378
1.01538085
1.01684570
1.01464843
1.01721191
1.02062988
1.02636718
1.02514648
1.01696777
1.02429199
1.01708984
1.01513671
1.02514648
1.02453613
1.02441406
1.02514648
1.02465820
1.02160644
1.02429199
1.02209472
1.02478027
