1.05261230
1.01831054
1.01599121
1.02343750
1.02832031
1.02221679
1.01892089
1.00634765
1.02246093
1.02526855
1.02124023
1.02246093
1.01269531
1.02453613
1.04736328
1.01647949
1.02282714
1.01806640
1.02954101
1.05651855
1.02600097
1.02539062
1.02075195
1.02587890
1.02062988
1.02917480
1.02111816
1.02551269
1.02429199
1.02514648
1.01428222
1.02648925
1.02758789
1.04663085
1.02551269
1.02551269
1.02343750
1.01599121
1.01525878
1.01574707
1.01550292
1.10583496
1.02014160
1.02172851
1.02575683
1.02087402
1.02160644
1.02392578
1.01818847
1.05163574
1.02551269
1.02600097
1.02551269
1.02575683
1.01647949
1.02172851
1.01770019
1.01574707
1.02038574
1.02563476
1.02575683
1.01733398
1.02233886
1.02514648
1.02075195
1.01904296
1.02282714
1.02539062
1.02941894
1.02307128
1.02539062
1.02050781
1.02600097
1.01574707
1.02441406
1.02490234
1.01831054
1.01953125
1.03015136
1.01647949
1.02539062
1.02539062
1.01538085
1.01513671
1.02551269
1.01647949
1.01623535
1.02294921
1.02270507
1.02648925
1.02539062
1.02880859
1.02490234
1.02526855
1.02282714
1.01904296
1.02783203
1.02624511
1.01550292
1.02038574
1.02526855
1.02575683
1.01489257
1.02465820
1.05737304
1.01330566
1.01525878
1.01538085
1.01440429
1.02624511
1.02661132
1.01171875
1.01574707
1.01525878
1.02270507
1.01428222
1.01647949
1.01269531
1.02453613
1.02050781
1.02099609
1.01428222
1.01501464
1.02575683
1.00634765
1.02111816
1.02343750
1.02648925
1.01782226
1.01391601
1.02294921
1.02014160
1.02368164
1.02221679
1.01550292
1.02160644
1.02490234
1.02050781
1.02075195
1.01928710
1.02136230
1.02075195
1.02539062
1.02307128
1.02514648
1.01562500
1.02014160
1.02783203
1.01293945
1.02014160
1.02099609
1.02197265
1.02539062
1.02514648
1.02575683
1.02490234
1.01586914
1.02331542
1.02087402
1.02026367
1.01428222
1.01416015
1.02111816
1.02282714
1.05725097
1.02563476
1.02038574
1.02575683
1.02465820
1.02026367
1.02001953
1.02062988
1.02368164
1.02514648
1.05554199
1.02148437
1.02209472
1.02502441
1.02795410
1.01245117
1.02600097
1.02478027
1.02050781
1.02490234
1.02416992
1.02319335
1.01635742
1.01477050
1.01477050
1.02502441
1.01464843
1.02319335
1.02111816
1.02319335
1.02197265
1.02172851
1.02221679
1.02221679
1.01989746
1.02038574
