1.05969238
1.02478027
1.02575683
1.01696777
1.02343750
1.02221679
1.05163574
1.01757812
1.02966308
1.02258300
1.01684570
1.01611328
1.01660156
1.01489257
1.02429199
1.01904296
1.02429199
1.02111816
1.02087402
1.02807617
1.02526855
1.02478027
1.01208496
1.02111816
1.02087402
1.02551269
1.05615234
1.02624511
1.05285644
1.02050781
1.01574707
1.02526855
1.02136230
1.02575683
1.01965332
1.02185058
1.02587890
1.02575683
1.01696777
1.02575683
1.02929687
1.02551269
1.02551269
1.02539062
1.02575683
1.01428222
1.01574707
1.01562500
1.01550292
1.01574707
1.02526855
1.03039550
1.02368164
1.01977539
1.01623535
1.02478027
1.01794433
1.02050781
1.02453613
1.02233886
1.02551269
1.02709960
1.02575683
1.02575683
1.02209472
1.02453613
1.03015136
1.01159667
1.02172851
1.01684570
1.01452636
1.01013183
1.02221679
1.02319335
1.02526855
1.02490234
1.02404785
1.02612304
1.02075195
1.01379394
1.00939941
1.02514648
1.01171875
1.02050781
1.02185058
1.02673339
1.01538085
1.02648925
1.02514648
1.02355957
1.02050781
1.02514648
1.02490234
1.02490234
1.01416015
1.02502441
1.02490234
1.02539062
1.02978515
1.02526855
1.01501464
1.02539062
1.05688476
1.02416992
1.02319335
1.02075195
1.02465820
1.02429199
1.02526855
1.02648925
1.02502441
1.01965332
1.01647949
1.02099609
1.02539062
1.02172851
1.02111816
1.02014160
1.02014160
1.02404785
1.01831054
1.02001953
1.02026367
1.01916503
1.01562500
1.02575683
1.05212402
1.01782226
1.01794433
1.02514648
1.01525878
1.02429199
1.02612304
1.01586914
1.02563476
1.01550292
1.01843261
1.00866699
1.02539062
1.01098632
1.02575683
1.01464843
1.01501464
1.01501464
1.02758789
1.02111816
1.02319335
1.02661132
1.02136230
1.02368164
1.01989746
1.05725097
1.02441406
1.02453613
1.02160644
1.02026367
1.02392578
1.02416992
1.06018066
1.02038574
1.02478027
1.02539062
1.02551269
1.02539062
1.01574707
1.02014160
1.02526855
1.02380371
1.02038574
1.02514648
1.01428222
1.02539062
1.02514648
1.02575683
1.02099609
1.02185058
1.02282714
1.02185058
1.02172851
1.02514648
1.02453613
1.03198242
1.02368164
1.02416992
1.01879882
1.02062988
1.02465820
1.02075195
1.01953125
1.02526855
1.02038574
1.02172851
1.02490234
1.02001953
1.02124023
1.01513671
1.02026367
1.02490234
1.05419921
1.02014160
