1.02075195
1.02185058
1.01696777
1.02209472
1.02404785
1.02185058
1.02514648
1.01660156
1.02209472
1.02478027
1.02514648
1.02539062
1.02514648
1.01684570
1.02685546
1.02099609
1.02111816
1.01599121
1.02770996
1.01708984
1.02307128
1.02282714
1.02770996
1.01635742
1.01464843
1.01513671
1.01770019
1.01135253
1.02270507
1.02758789
1.01721191
1.02551269
1.02770996
1.01574707
1.02331542
1.01525878
1.02746582
1.01635742
1.01721191
1.01721191
1.01574707
1.02416992
1.01135253
1.02136230
1.01635742
1.01611328
1.01635742
1.01599121
1.01135253
1.01599121
1.01538085
1.02587890
1.02404785
1.01708984
1.02246093
1.02478027
1.01635742
1.02844238
1.03039550
1.01965332
1.02514648
1.02209472
1.02099609
1.01354980
1.02319335
1.02050781
1.02709960
1.02160644
1.01574707
1.02587890
1.02575683
1.02001953
1.02514648
1.02502441
1.02587890
1.02612304
1.02575683
1.02526855
1.06042480
1.04931640
1.01550292
1.02673339
1.02563476
1.02746582
1.01623535
1.01513671
1.01538085
1.01562500
1.01196289
1.02575683
1.01989746
1.02844238
1.02673339
1.02575683
1.02172851
1.02099609
1.02575683
1.02111816
1.01599121
1.01843261
1.01574707
1.01635742
1.02563476
1.02014160
1.01574707
1.01525878
1.00842285
1.01599121
1.01708984
1.01586914
1.01342773
1.02502441
1.02514648
1.02319335
1.02526855
1.02209472
1.01220703
1.01574707
1.01477050
1.01574707
1.02526855
1.02087402
1.01538085
1.02600097
1.01879882
1.01611328
1.01623535
1.01501464
1.01574707
1.01000976
1.01562500
1.01098632
1.01159667
1.01245117
1.01782226
1.02221679
1.02526855
1.01416015
1.02551269
1.01928710
1.01940917
1.01904296
1.02148437
1.01428222
1.02478027
1.02575683
1.04711914
1.02087402
1.01403808
1.02368164
1.02600097
1.02160644
1.02526855
1.02319335
1.02172851
1.02294921
1.02514648
1.02539062
1.02917480
1.02551269
1.02087402
1.02380371
1.02038574
1.02185058
1.02197265
1.02294921
1.00512695
1.02111816
1.02551269
1.02172851
1.02453613
1.02246093
1.02124023
1.02282714
1.02502441
1.02380371
1.02429199
1.02453613
1.02526855
1.02294921
1.02514648
1.02111816
1.02502441
1.02465820
1.02478027
1.02416992
1.02526855
1.02563476
1.02587890
1.02160644
1.02404785
1.02416992
1.02722167
1.02026367
1.02136230
1.02197265
1.02026367
1.01940917
1.02233886
1.02429199
