1.01110839
1.02038574
1.01916503
1.02099609
1.02111816
1.02490234
1.02526855
1.02136230
1.02197265
1.02075195
1.02966308
1.02026367
1.02465820
1.02502441
1.02734375
1.02307128
1.02185058
1.02917480
1.02612304
1.01464843
1.02075195
1.01647949
1.02124023
1.02026367
1.02551269
1.02539062
1.01904296
1.02343750
1.01074218
1.02819824
1.01696777
1.01611328
1.00244140
1.00695800
1.00891113
1.01245117
1.01623535
1.01672363
1.02197265
1.02172851
1.02416992
1.02404785
1.02563476
1.02575683
1.02490234
1.02453613
1.02368164
1.02465820
1.01525878
1.02453613
1.01794433
1.02648925
1.01342773
1.02124023
1.02673339
1.02648925
1.02612304
1.02587890
1.01574707
1.01464843
1.02746582
1.01550292
1.01696777
1.01550292
1.01721191
1.02539062
1.02514648
1.02526855
1.02636718
1.02514648
1.01940917
1.02038574
1.02514648
1.02600097
1.02465820
1.02941894
1.01281738
1.01708984
1.01391601
1.02209472
1.02526855
1.02392578
1.01660156
1.02368164
1.02355957
1.01757812
1.02526855
1.02514648
1.05004882
1.02856445
1.02209472
1.02587890
1.02478027
1.02416992
1.02551269
1.02441406
1.02490234
1.02331542
1.02636718
1.02709960
1.01757812
1.01879882
1.01953125
1.01562500
1.01538085
1.02551269
1.02490234
1.02465820
1.02575683
1.01782226
1.02233886
1.02148437
1.01538085
1.02404785
1.02148437
1.01550292
1.02319335
1.05712890
1.01574707
1.01477050
1.01782226
1.01989746
1.01635742
1.02648925
1.02294921
1.02502441
1.02648925
1.01818847
1.02441406
1.02624511
1.02819824
1.01647949
1.02136230
1.02441406
1.02685546
1.02709960
1.02465820
1.01989746
1.02539062
1.01660156
1.02294921
1.02478027
1.02526855
1.02648925
1.01977539
1.04724121
1.02453613
1.02563476
1.02758789
1.02197265
1.02185058
1.02001953
1.03125000
1.02038574
1.02087402
1.01599121
1.02062988
1.01245117
1.01330566
1.02526855
1.02453613
1.02331542
1.02136230
1.02514648
1.02429199
1.05517578
1.02075195
1.02172851
1.02111816
1.02465820
1.02355957
1.01965332
1.02038574
1.02514648
1.01574707
1.02197265
1.02807617
1.02136230
1.02136230
1.01574707
1.02062988
1.01562500
1.01550292
1.02539062
1.02514648
1.02624511
1.01843261
1.02136230
1.02844238
1.01965332
1.02673339
1.02514648
1.02880859
1.02514648
1.01489257
1.02319335
1.02526855
1.05480957
1.01916503
1.02697753
