1.02575683
1.00708007
1.01660156
1.01135253
1.01684570
1.02233886
1.02172851
1.01110839
1.02429199
1.02185058
1.02319335
1.02136230
1.02563476
1.01574707
1.02233886
1.02600097
1.01977539
1.02050781
1.02575683
1.01220703
1.02136230
1.02380371
1.02209472
1.02172851
1.01635742
1.02575683
1.02600097
1.05395507
1.01525878
1.01721191
1.01550292
1.02246093
1.02001953
1.01879882
1.02014160
1.02661132
1.00732421
1.02465820
1.01342773
1.02587890
1.02050781
1.02539062
1.02514648
1.01586914
1.02526855
1.01940917
1.02575683
1.02026367
1.02172851
1.01550292
1.01708984
1.02856445
1.02307128
1.01599121
1.02673339
1.01599121
1.02661132
1.02722167
1.02514648
1.01477050
1.05700683
1.02539062
1.02062988
1.02563476
1.01635742
1.02539062
1.02185058
1.02050781
1.02099609
1.02441406
1.03051757
1.02600097
1.01281738
1.02233886
1.02087402
1.02087402
1.02539062
1.02954101
1.01989746
1.02514648
1.02514648
1.02209472
1.02465820
1.01232910
1.02111816
1.01684570
1.02551269
1.02075195
1.02514648
1.02551269
1.02514648
1.02343750
1.02014160
1.05297851
1.01660156
1.01586914
1.02062988
1.02612304
1.02233886
1.02111816
1.01843261
1.01440429
1.02514648
1.03051757
1.02978515
1.02575683
1.02478027
1.02526855
1.02526855
1.02392578
1.05773925
1.02709960
1.02307128
1.01232910
1.02551269
1.02661132
1.02282714
1.02624511
1.05566406
1.02526855
1.02770996
1.02453613
1.02478027
1.02575683
1.02331542
1.02099609
1.02282714
1.02160644
1.02075195
1.02539062
1.02282714
1.02844238
1.02197265
1.02490234
1.02502441
1.02453613
1.01550292
1.03112792
1.01159667
1.01708984
1.02026367
1.05603027
1.02172851
1.02380371
1.02502441
1.02172851
1.01586914
1.02111816
1.02563476
1.02026367
1.02209472
1.01977539
1.02062988
1.02087402
1.02514648
1.02453613
1.02148437
1.01721191
1.02563476
1.02270507
1.02258300
1.03198242
1.01879882
1.02465820
1.02514648
1.01586914
1.02441406
1.02111816
1.02526855
1.02197265
1.01623535
1.02490234
1.02563476
1.02331542
1.01953125
1.02368164
1.02050781
1.02368164
1.02050781
1.01416015
1.01477050
1.02075195
1.01049804
1.01501464
1.01464843
1.01684570
1.02502441
1.02465820
1.02539062
1.01977539
1.02490234
1.02478027
1.02111816
1.02526855
1.01818847
1.02514648
1.02490234
1.02014160
1.02380371
1.02465820
