1.01025390
1.01025390
1.00988769
1.00976562
1.01000976
1.01000976
1.01000976
1.01025390
1.01025390
1.01025390
1.01025390
1.01025390
1.01037597
1.01000976
1.01037597
1.01000976
1.00988769
1.00976562
1.00988769
1.01037597
1.01013183
1.01025390
1.01013183
1.01013183
1.01013183
1.00988769
1.00988769
1.01000976
1.01049804
1.01025390
1.01013183
1.01013183
1.01037597
1.00976562
1.01025390
1.01025390
.99084472
.99169921
.99182128
.99084472
.99084472
.99084472
.99084472
.99072265
.99084472
.99121093
.99096679
.99084472
.99084472
.99121093
.99096679
.99096679
.99108886
.99145507
.99133300
.99108886
.99108886
.99084472
.99108886
.99096679
.99096679
.99060058
.99096679
.99145507
.99084472
.99084472
.99084472
.99072265
.99084472
.99218750
.99145507
.99243164
.99157714
.99206542
.99206542
.99096679
.99255371
.99243164
.99121093
.99279785
.99169921
.99218750
.99169921
.99243164
.99243164
.99182128
.99230957
.99218750
.99157714
.99230957
.99230957
.99218750
.99182128
.99230957
.99218750
.99206542
.99267578
.99230957
.99218750
.99230957
.99230957
.99194335
.99243164
.99291992
.99243164
.99255371
.99279785
.99267578
.99194335
.99279785
.99267578
.99218750
.99267578
.99279785
.99169921
.99267578
.99255371
.99304199
.99206542
.99206542
.99182128
.99279785
.99243164
.99194335
.99267578
.99243164
.99230957
.99304199
.99377441
.99401855
.99377441
.99414062
.99426269
.99401855
.99304199
.99353027
.99340820
.99414062
.99414062
.99462890
.99487304
.99389648
.99523925
.99511718
.99487304
.99523925
.99523925
.99609375
.99523925
.99645996
.99560546
.99584960
.99523925
.99633789
.99536132
.99572753
.99511718
.99584960
.99572753
.99121093
.99548339
.99645996
.99621582
.99658203
.99804687
.99645996
.99645996
.99536132
.99584960
.99621582
.99523925
.99621582
.99572753
.99572753
.99548339
.99621582
.99597167
.99523925
.99536132
.97656250
.97717285
.97619628
.97595214
.97656250
.98120117
.97680664
.97583007
.97644042
.97656250
.97619628
.97656250
.97668457
.97656250
.97607421
.96887207
.97399902
.97412109
.97375488
.97839355
.97375488
