1.01013183
1.01037597
1.01025390
1.01013183
1.01000976
1.01000976
1.00976562
1.00976562
1.00988769
1.01000976
1.01025390
1.01025390
1.01013183
1.01062011
1.01025390
1.01000976
1.01062011
1.01013183
1.01037597
1.01037597
1.01000976
1.01000976
1.01025390
1.01037597
1.01000976
1.01000976
1.01000976
1.00988769
1.01037597
1.00976562
1.01025390
1.01037597
1.01025390
1.01025390
.99084472
.99060058
.99096679
.99084472
.99084472
.99096679
.99096679
.99084472
.99084472
.99182128
.99182128
.99206542
.99084472
.99169921
.99194335
.99182128
.99121093
.99084472
.99194335
.99108886
.99206542
.99169921
.99108886
.99121093
.99072265
.99084472
.99084472
.99084472
.99133300
.99084472
.99096679
.99096679
.99194335
.99133300
.99084472
.99206542
.99084472
.99157714
.99108886
.99084472
.99096679
.99206542
.99206542
.99194335
.99194335
.99133300
.99060058
.99084472
.99108886
.99096679
.99121093
.99084472
.99194335
.99206542
.99096679
.99096679
.99084472
.99096679
.99182128
.99121093
.99084472
.99084472
.99133300
.99169921
.99084472
.99206542
.99072265
.99072265
.99157714
.99145507
.99096679
.99108886
.99182128
.99206542
.99084472
.99084472
.99145507
.99060058
.99182128
.99072265
.99108886
.99133300
.99121093
.99121093
.99157714
.99084472
.99084472
.99157714
.99096679
.99084472
.99084472
.99182128
.99182128
.99206542
.99169921
.99194335
.99121093
.99084472
.99084472
.99084472
.99084472
.99096679
.99084472
.99096679
.99108886
.99084472
.99084472
.99133300
.99084472
.99084472
.99084472
.99084472
.99096679
.99096679
.99084472
.99096679
.99084472
.99096679
.99084472
.99121093
.99096679
.99084472
.99096679
.99084472
.99084472
.99169921
.99169921
.99206542
.99096679
.99084472
.99108886
.99218750
.99145507
.99218750
.99218750
.99145507
.99194335
.99182128
.99267578
.99169921
.99182128
.99682617
.99145507
.99169921
.99218750
.99108886
.99194335
.99218750
.99121093
.99206542
.99230957
.99255371
.99182128
.99182128
.99230957
.99194335
.99230957
.99218750
.99218750
.99230957
.99169921
.99243164
.99243164
.99304199
.99169921
.99255371
