1.00988769
1.00976562
1.00964355
1.00988769
1.00976562
1.00976562
1.00988769
1.00988769
1.00976562
1.00976562
1.00988769
1.01013183
1.00976562
1.01000976
1.00988769
1.00976562
1.01025390
1.00976562
1.00988769
1.01000976
1.00988769
1.00988769
1.01025390
1.00988769
1.01013183
1.01000976
1.00976562
1.00988769
1.01000976
1.01025390
1.01025390
1.01025390
1.01037597
1.01037597
.99060058
.99084472
.99084472
.99084472
.99096679
.99084472
.99157714
.99145507
.99182128
.99169921
.99145507
.99084472
.99145507
.99084472
.99133300
.99133300
.99084472
.99096679
.99133300
.99157714
.99096679
.99108886
.99072265
.99145507
.99108886
.99084472
.99145507
.99121093
.99145507
.99121093
.99108886
.99084472
.99108886
.99133300
.99145507
.99084472
.99084472
.99084472
.99084472
.99145507
.99145507
.99121093
.99145507
.99133300
.99145507
.99121093
.99145507
.99084472
.99133300
.99084472
.99096679
.99084472
.99084472
.99145507
.99133300
.99145507
.99145507
.99084472
.99108886
.99108886
.99145507
.99145507
.99145507
.99145507
.99084472
.99133300
.99084472
.99084472
.99145507
.99145507
.99157714
.99157714
.99084472
.99084472
.99121093
.99084472
.99096679
.99072265
.99084472
.99084472
.99133300
.99060058
.99145507
.99121093
.99084472
.99096679
.99084472
.99084472
.99096679
.99084472
.99096679
.99267578
.99145507
.99108886
.99096679
.99145507
.99084472
.99084472
.99084472
.99121093
.99121093
.99072265
.99096679
.99157714
.99145507
.99096679
.99096679
.99084472
.99060058
.99133300
.99133300
.99145507
.99145507
.99157714
.99145507
.99145507
.99084472
.99145507
.99047851
.99084472
.99096679
.99084472
.99084472
.99060058
.99084472
.99084472
.99096679
.97180175
.97180175
.97180175
.97216796
.97192382
.97277832
.97277832
.97326660
.97216796
.97290039
.97326660
.97314453
.97192382
.97314453
.97314453
.97241210
.97290039
.97326660
.97241210
.97216796
.97351074
.97387695
.97338867
.97546386
.97485351
.97460937
.98278808
.97546386
.97485351
.97558593
.97558593
.97583007
.97045898
.97460937
.97583007
.97583007
.97570800
.97521972
.97558593
