1.01037597
1.01037597
1.01037597
1.01013183
1.01037597
1.00988769
1.01000976
1.00976562
1.01049804
1.01074218
1.01025390
1.01000976
1.00988769
1.01013183
1.00976562
1.01025390
1.01000976
1.00988769
1.00976562
1.01049804
1.00976562
1.00976562
1.01000976
1.01025390
1.01000976
1.00976562
1.01000976
1.01000976
1.00988769
1.00976562
1.01037597
1.00988769
1.01037597
1.01025390
1.01037597
1.01098632
1.01086425
1.00976562
1.01025390
1.01086425
1.01074218
1.01025390
1.01025390
1.01086425
.99169921
.99169921
.99084472
.99194335
.99182128
.99108886
.99072265
.99096679
.99206542
.99084472
.99169921
.99169921
.99108886
.99096679
.99182128
.99084472
.99084472
.99145507
.99169921
.99145507
.99145507
.99145507
.99145507
.99145507
.99145507
.99145507
.99206542
.99121093
.99145507
.99206542
.99084472
.99084472
.99084472
.99096679
.99084472
.99084472
.99084472
.99096679
.99084472
.99096679
.99084472
.99084472
.99096679
.99084472
.99084472
.99096679
.99084472
.99084472
.99084472
.99096679
.99206542
.99121093
.99169921
.99169921
.99108886
.99108886
.99096679
.99047851
.99096679
.99121093
.99096679
.99121093
.99121093
.99023437
.99096679
.99121093
.99096679
.99121093
.99145507
.99035644
.99121093
.99096679
.99121093
.99121093
.99096679
.99084472
.99084472
.99096679
.99145507
.99145507
.99182128
.99096679
.99206542
.99206542
.99194335
.99145507
.99206542
.99267578
.99145507
.97265625
.97326660
.97778320
.97277832
.97351074
.97314453
.97277832
.97302246
.97277832
.97216796
.97314453
.97314453
.97229003
.97314453
.97314453
.97192382
.97290039
.97338867
.97253417
.97277832
.97338867
.97241210
.97290039
.97302246
.97253417
.97326660
.97338867
.97253417
.97302246
.97302246
.97204589
.97302246
.97302246
.97290039
.97302246
.97326660
.97338867
.97277832
.97290039
.97290039
.97290039
.97314453
.97302246
.97277832
.97314453
.97412109
.97436523
.97436523
.97387695
.97436523
.97448730
.97436523
.97387695
.97424316
.97583007
.97546386
.97546386
.97558593
.97558593
.97546386
.97546386
.97546386
.97558593
.97521972
.97558593
.97497558
.97546386
