1.01037597
1.01025390
1.01037597
1.01025390
1.01025390
1.01147460
1.01013183
1.01049804
1.01049804
1.01049804
1.01037597
1.01037597
1.01037597
1.01037597
1.01013183
1.01013183
1.00952148
1.01025390
1.01025390
1.01013183
1.00976562
1.01025390
1.00988769
1.01049804
1.01037597
1.00988769
1.01025390
1.00988769
1.00988769
1.01000976
1.01013183
1.01025390
1.00988769
1.01025390
.99084472
.99072265
.99084472
.99084472
.99084472
.99084472
.99084472
.99096679
.99108886
.99084472
.99084472
.99072265
.99084472
.99096679
.99072265
.99084472
.99145507
.99084472
.99084472
.99084472
.99060058
.99084472
.99084472
.99084472
.99084472
.99084472
.99084472
.99096679
.99084472
.99096679
.99218750
.99108886
.99182128
.99096679
.99182128
.99169921
.99060058
.99169921
.99182128
.99072265
.99182128
.99169921
.99133300
.99157714
.99218750
.97314453
.97290039
.97216796
.97290039
.97302246
.97290039
.97265625
.97326660
.97326660
.97229003
.97216796
.97338867
.97314453
.97229003
.97314453
.97290039
.97326660
.97253417
.97338867
.97277832
.97204589
.97314453
.97351074
.97521972
.97631835
.97558593
.97607421
.97753906
.97595214
.97668457
.97558593
.97656250
.97546386
.97631835
.97570800
.97619628
.97521972
.97619628
.97595214
.97631835
.97766113
.97595214
.97619628
.97790527
.97619628
.97644042
.97583007
.97680664
.97753906
.97570800
.97790527
.97753906
.97558593
.97619628
.97644042
.97644042
.97741699
.97558593
.97912597
.97985839
.97314453
.98010253
.97961425
.97924804
.97521972
.97778320
.97949218
.97729492
.98010253
.96850585
.97961425
.97961425
.97766113
.97937011
.96740722
.97937011
.97912597
.97814941
.97717285
.97802734
.97875976
.97766113
.97778320
.97717285
.97888183
.97778320
.97241210
.97790527
.97705078
.97802734
.97216796
.97790527
.97229003
.97802734
.97204589
.97814941
.97229003
.97790527
.97290039
.97839355
.97814941
.97351074
.97778320
.97290039
.97778320
.97814941
.97827148
.97253417
.97338867
.97753906
.97753906
.97705078
.97314453
.97705078
.97790527
.97753906
.97290039
.97265625
.97814941
.97680664
.97338867
