1.01025390
1.01025390
1.01037597
1.01037597
1.01037597
1.00976562
1.01000976
1.01013183
1.01037597
1.00976562
1.00988769
1.01025390
1.00976562
1.00976562
1.01000976
1.01013183
1.00988769
1.00976562
1.00976562
1.01049804
1.00988769
1.00976562
1.00976562
1.01062011
1.01025390
1.01037597
1.01147460
1.01062011
1.01074218
1.01000976
1.01013183
1.01013183
1.01049804
1.01013183
1.01025390
1.01025390
1.01037597
1.01025390
.99084472
.99084472
.99084472
.99084472
.99084472
.99060058
.99096679
.99084472
.99096679
.99096679
.99096679
.99084472
.99084472
.99084472
.99084472
.99084472
.99121093
.99096679
.99084472
.99096679
.99084472
.99084472
.99096679
.99084472
.99084472
.99084472
.99096679
.99096679
.99060058
.99023437
.99096679
.99414062
.99096679
.99414062
.99206542
.99157714
.99206542
.99206542
.99133300
.99206542
.99316406
.99304199
.99377441
.99304199
.99255371
.99841308
.99829101
.99230957
.99353027
.99353027
.99267578
.99365234
.99365234
.99218750
.99255371
.99340820
.99328613
.99255371
.99340820
.97375488
.97351074
.97460937
.97399902
.97375488
.97424316
.97448730
.97326660
.97412109
.97424316
.97338867
.97424316
.97436523
.97314453
.97387695
.97412109
.97326660
.97326660
.97424316
.97387695
.97363281
.97424316
.97351074
.97399902
.97424316
.97326660
.97338867
.97387695
.97424316
.97314453
.97387695
.97424316
.97326660
.97338867
.97424316
.97351074
.97424316
.97705078
.97424316
.97546386
.97424316
.97546386
.97424316
.97546386
.97436523
.97546386
.97436523
.97546386
.97509765
.97583007
.97827148
.97583007
.97814941
.97326660
.97766113
.97302246
.97741699
.97827148
.97583007
.97827148
.97717285
.97802734
.97802734
.97814941
.97631835
.97570800
.97778320
.97583007
.97619628
.97753906
.97558593
.97631835
.97814941
.97668457
.97778320
.97583007
.97680664
.97583007
.97668457
.97595214
.97375488
.97204589
.97961425
.97839355
.97912597
.97399902
.97705078
.97900390
.97436523
.97644042
.97741699
.97656250
.97717285
.97888183
.97680664
.97937011
.97656250
.97753906
.97680664
.97705078
.97717285
.97656250
.97766113
