1.01025390
1.01025390
1.01037597
1.01025390
1.00976562
1.01098632
1.01074218
1.01013183
1.00988769
1.01049804
1.01074218
1.01049804
1.00976562
1.01062011
1.01000976
1.01110839
1.01086425
1.01025390
1.01074218
1.01086425
1.01062011
1.01074218
1.01086425
1.00976562
1.01049804
1.01086425
1.01049804
1.01086425
1.01037597
1.01013183
1.01013183
1.00976562
1.01013183
1.01086425
1.01074218
1.01110839
1.01110839
1.01037597
1.01086425
1.01013183
1.01098632
1.01074218
1.01025390
1.01086425
1.01013183
1.01049804
1.01110839
1.01049804
1.01037597
1.01025390
1.01110839
1.01098632
1.01049804
1.00988769
1.01037597
1.01098632
1.01123046
1.01086425
1.01098632
1.01086425
1.01049804
1.01086425
1.01013183
1.01086425
1.01086425
1.01037597
1.01000976
1.01098632
1.01086425
1.01000976
1.01123046
1.00988769
1.01110839
1.01086425
1.01086425
1.01098632
1.01037597
1.01086425
1.00976562
1.01098632
1.01110839
1.01013183
1.01000976
1.01037597
1.01025390
1.01025390
1.01037597
.99096679
.99096679
.99084472
.99072265
.99169921
.99194335
.99096679
.99096679
.99084472
.99145507
.99206542
.99096679
.99084472
.99084472
.99096679
.99194335
.99169921
.99121093
.99169921
.99206542
.99121093
.99096679
.99145507
.99084472
.99084472
.99084472
.99096679
.99084472
.99157714
.99169921
.99096679
.99096679
.99145507
.99182128
.99194335
.99096679
.99084472
.99084472
.99182128
.99206542
.99169921
.99145507
.99206542
.99206542
.99206542
.99194335
.99206542
.99206542
.99084472
.99096679
.99084472
.99047851
.99084472
.99084472
.99096679
.99084472
.99084472
.99096679
.99072265
.99084472
.99096679
.99060058
.99060058
.99084472
.99084472
.99084472
.99084472
.99084472
.99084472
.99084472
.99084472
.99096679
.99084472
.99035644
.99047851
.99072265
.99133300
.99108886
.99047851
.99023437
.99072265
.99060058
.99047851
.99084472
.99047851
.99108886
.99060058
.99096679
.99084472
.99096679
.99060058
.99047851
.99084472
.99145507
.99157714
.99145507
.99145507
.99145507
.99145507
.99145507
.99145507
.99145507
.99145507
.99157714
.97229003
.97216796
.97216796
.97216796
.97216796
.97216796
.97216796
.97216796
.97216796
