1.01000976
1.01037597
1.01000976
1.01025390
1.01062011
1.01098632
1.01025390
1.01074218
1.00976562
1.01062011
1.01013183
1.00976562
1.00976562
1.01086425
1.00988769
1.01086425
1.01000976
1.01074218
1.01013183
1.00976562
1.01086425
1.01049804
1.01000976
1.01013183
1.01037597
1.01049804
1.01049804
1.01074218
1.00976562
1.00976562
1.01086425
1.01037597
1.00964355
1.00976562
1.01013183
1.01000976
1.01086425
1.01037597
1.00964355
1.01049804
1.00976562
1.00976562
1.01062011
1.00952148
1.00976562
1.01013183
1.00988769
1.01098632
1.01062011
1.01049804
1.01098632
1.01086425
1.00988769
1.01074218
1.01086425
1.00976562
1.01049804
1.01013183
1.01074218
1.01037597
1.01049804
1.01086425
1.01098632
1.01086425
1.01000976
1.00976562
1.01000976
1.00976562
1.00988769
1.01000976
1.00976562
1.00988769
1.01013183
1.01025390
1.01025390
1.01086425
.99182128
.99169921
.99133300
.99121093
.99084472
.99084472
.99096679
.99157714
.99145507
.99133300
.99084472
.99084472
.99084472
.99084472
.99084472
.99084472
.99145507
.99072265
.99084472
.99084472
.99084472
.99084472
.99145507
.99084472
.99096679
.99084472
.99096679
.99084472
.99072265
.99096679
.99084472
.99096679
.99096679
.99084472
.99047851
.99047851
.99084472
.99096679
.99084472
.99121093
.99084472
.99096679
.99145507
.99096679
.99084472
.99133300
.99145507
.99084472
.99108886
.99121093
.99084472
.99023437
.99133300
.99133300
.99121093
.99096679
.99084472
.99096679
.99072265
.99060058
.99084472
.99084472
.99084472
.99060058
.99084472
.99084472
.99084472
.99084472
.99084472
.99084472
.99084472
.99072265
.99084472
.99084472
.99072265
.99035644
.99035644
.99035644
.99035644
.99035644
.99035644
.99047851
.99023437
.99035644
.99035644
.99121093
.99047851
.99206542
.99145507
.99133300
.99145507
.99145507
.99145507
.99145507
.99096679
.99072265
.99145507
.99145507
.99096679
.99145507
.99230957
.99169921
.99133300
.99206542
.99182128
.99145507
.99243164
.99267578
.99267578
.99145507
.99206542
.99230957
.99182128
.99230957
.99243164
.99255371
.99206542
.99218750
.99255371
.99255371
.99243164
.99291992
.99267578
.99316406
