1.01013183
1.01025390
1.00988769
1.01037597
1.01025390
1.00976562
1.01049804
1.00988769
1.00976562
1.01013183
1.01000976
1.01000976
1.01025390
1.01000976
1.01025390
1.01013183
1.00988769
1.01013183
1.00976562
1.00988769
1.01013183
1.00976562
1.00976562
1.00976562
1.01000976
1.00976562
1.01000976
1.01000976
1.01000976
1.01013183
1.01025390
1.00976562
1.00976562
1.01037597
1.01025390
.99084472
.99084472
.99084472
.99084472
.99084472
.99060058
.99084472
.99072265
.99072265
.99072265
.99084472
.99084472
.99084472
.99084472
.99084472
.99096679
.99072265
.99072265
.99084472
.99084472
.99096679
.99084472
.99096679
.99084472
.99096679
.99072265
.99096679
.99072265
.99060058
.99145507
.99133300
.99096679
.99096679
.99145507
.98986816
.98999023
.99096679
.99084472
.99084472
.99072265
.99084472
.99096679
.99206542
.99267578
.99230957
.99255371
.99365234
.99365234
.99365234
.99255371
.99169921
.99401855
.99377441
.99340820
.99304199
.99328613
.99389648
.99426269
.99304199
.99401855
.99365234
.99487304
.99438476
.99511718
.99548339
.99401855
.99536132
.99462890
.99438476
.99511718
.99658203
.99670410
.99206542
.99157714
.99731445
.99658203
.99694824
.99157714
.99243164
.99633789
.99865722
.99877929
.99707031
.99279785
.99169921
.99731445
.99658203
.99182128
.99133300
.99182128
.99633789
.99743652
.97705078
.97229003
.97155761
.97717285
.97180175
.97351074
.97717285
.97778320
.97717285
.97290039
.97680664
.97229003
.97692871
.97229003
.97204589
.97253417
.97363281
.97717285
.97314453
.97204589
.97253417
.97155761
.97741699
.97314453
.97741699
.97204589
.97277832
.97705078
.97753906
.97180175
.97265625
.97290039
.97729492
.97351074
.97680664
.97802734
.97753906
.97204589
.97241210
.97302246
.97021484
.97363281
.97412109
.97412109
.97412109
.97375488
.97399902
.96887207
.96911621
.96850585
.96936035
.96911621
.96887207
.96923828
.96923828
.96887207
.96911621
.96899414
.96911621
.96899414
.96911621
.96911621
.96899414
.96923828
.96899414
.96887207
.96899414
.96887207
.96899414
.96948242
.96875000
.97045898
.96923828
