1.01037597
1.01037597
1.01025390
1.01037597
1.01025390
1.01037597
1.01013183
1.01000976
1.01062011
1.01037597
1.01025390
1.01037597
1.01049804
1.00988769
1.01049804
1.00976562
1.01025390
1.01025390
1.01025390
1.01049804
1.01013183
1.01025390
1.01062011
1.01037597
1.00976562
1.01000976
1.01013183
1.01013183
1.01000976
1.01013183
1.01159667
1.01025390
1.01013183
1.01037597
1.01037597
.99084472
.99084472
.99084472
.99084472
.99096679
.99096679
.99096679
.99084472
.99084472
.99084472
.99096679
.99084472
.99084472
.99084472
.99084472
.99072265
.99096679
.99096679
.99084472
.99084472
.99084472
.99096679
.99096679
.99084472
.99096679
.99206542
.99096679
.99084472
.99157714
.99157714
.99096679
.99108886
.99194335
.99096679
.99182128
.99169921
.99096679
.99133300
.99182128
.99121093
.99096679
.99206542
.99206542
.99194335
.99145507
.99096679
.99157714
.99182128
.99145507
.99194335
.99096679
.99096679
.99084472
.99084472
.99218750
.99267578
.99255371
.99230957
.99206542
.99230957
.99255371
.99206542
.99169921
.99255371
.99316406
.99316406
.99194335
.99206542
.99230957
.99230957
.99145507
.99218750
.99267578
.97314453
.97241210
.97290039
.97290039
.97302246
.97253417
.97314453
.97717285
.97253417
.97326660
.97326660
.97290039
.97363281
.97302246
.97595214
.97363281
.97595214
.97448730
.97509765
.97497558
.97473144
.97351074
.97509765
.97485351
.97424316
.97412109
.97509765
.97448730
.97521972
.97521972
.97509765
.97424316
.97436523
.97509765
.97473144
.97509765
.97521972
.97534179
.97521972
.97436523
.97509765
.97534179
.97607421
.98205566
.97766113
.97534179
.97570800
.97790527
.97656250
.97741699
.97534179
.97766113
.97631835
.97790527
.97570800
.97680664
.97668457
.97705078
.97595214
.97619628
.97558593
.97546386
.97595214
.97570800
.97583007
.97558593
.97717285
.97668457
.97717285
.97705078
.97741699
.97692871
.97705078
.97595214
.97619628
.97680664
.97692871
.97705078
.97692871
.97705078
.97656250
.97216796
.97644042
.97619628
.97692871
.97656250
.97717285
.97607421
.97692871
.97631835
.97680664
.97717285
